hi510507.par: SKEW  P  4.12  5.40  7.57  4.99  4.60  3.86  6.30  4.98  3.49  5.95  5.67  4.07
hi510995.par: SKEW  P  2.88  3.91  2.74  5.58  4.97  3.10  2.74  4.20  4.87  2.81  5.92  3.22
hi511004.par: SKEW  P  4.88  6.70  6.06  5.63  4.94  3.62  3.70  9.01  2.87  3.81  6.65  4.68
hi511122.par: SKEW  P  4.72  4.92  5.68  5.06  9.08 11.94  2.92  6.79  3.10  3.72  7.65  4.18
hi511125.par: SKEW  P  5.91  5.68  5.30 10.46  7.08  3.61  9.48  6.89  4.26  5.31  6.32  4.79
hi511303.par: SKEW  P 10.81  6.67  4.96  6.13  4.97  4.51  6.69  6.93  4.88  8.69  4.97  6.03
hi511492.par: SKEW  P  4.21  5.49  5.71  4.12  5.59  2.96  5.06  6.50  4.73  5.22  4.45  4.38
hi511919.par: SKEW  P  3.87  4.79 10.54  5.87  5.61  7.25  6.53  5.46  3.56  6.90  4.38  4.81
hi512307.par: SKEW  P  3.12  3.42  6.13  7.28  3.56  4.19  2.51  7.81  4.78  5.70  3.50  3.79
hi512570.par: SKEW  P  3.57  3.94  4.26  4.91  6.83  7.97  4.92  3.91  4.72  6.61  5.04  3.85
hi512679.par: SKEW  P  3.73  3.61  4.59  6.88  6.05  2.74  2.36  5.39  4.00  3.17  5.96  2.87
hi512751.par: SKEW  P  3.91  3.61  3.82  3.09  2.84  2.81  2.77  3.60  3.06  4.13  3.33  5.18
HI513113.par: SKEW  P  4.00  7.05  6.62  6.32 19.33  7.31  6.77  5.27  4.36  9.36  6.23  5.10
hi513982.par: SKEW  P  4.03  5.77  5.91  3.82  6.33  6.94  3.86 11.08  6.32  5.80  5.00  5.38
hi514272.par: SKEW  P  5.11  4.34  3.44  4.53  2.93  2.86  5.29  6.11  4.12  4.33  3.05  2.62
hi514742.par: SKEW  P  2.34  4.40  4.44  3.47  4.10  5.28  3.66  3.37  4.52  4.79  4.77  4.41
hi514778.par: SKEW  P  3.18  3.48  3.73  7.12  4.67  3.95  4.25  5.20  4.26  6.17  4.61  2.99
hi514938.par: SKEW  P  4.16  2.47  3.29  4.22  3.53  4.00  2.56  4.51  3.47  4.77  4.04  2.86
hi515177.par: SKEW  P  3.20  4.14  3.83  3.24  3.37  2.21  5.08  3.04  3.02  4.20  3.26  2.82
HI515286.par: SKEW  P  3.63  3.55  4.53  6.08  5.21  4.70  3.36  2.80  4.11  5.18  5.77  3.83
hi515580.par: SKEW  P  4.24  4.99  4.45  6.35  6.20  5.51 13.34 12.83 11.49  6.98  4.66  5.08
hi515800.par: SKEW  P  3.74  3.52  3.83  5.12  7.77  9.15  5.30  6.48  4.42  4.35  4.15  3.35
hi516190.par: SKEW  P  4.13  4.86  3.77  4.72  3.40  3.58  3.73  5.91  2.96  4.24  3.86  3.38
HI517131.par: SKEW  P  4.43  3.55  4.23  5.96  3.54  3.32  5.40  4.96  4.28  3.96  4.55  4.10
hi517166.par: SKEW  P  3.81  3.80  4.95  5.04  4.53  3.37  8.15  6.18  4.97  4.04  4.31  4.86
hi518186.par: SKEW  P  4.32  2.17  2.16  3.12  2.97  2.12  1.94  1.86  3.12  3.76  2.82  2.33
