NCOLS 47
NROWS 172
XLLCORNER 276896.32
YLLCORNER 3833168.9
CELLSIZE 10
NODATA_VALUE -9999
0 0 2.8936235 0 20.297342 0 0.0038241646 0.032353062 4.4408921e-16 105.42057 0 0 17.663443 86.603682 0.068243924 58.995802 31.941944 3.5527137e-15 0.022955457 38.517039 0 0 0 0 0 0 0 0 0 0 0 0 0 0 0 0 0 0 0 0 0 0 -7.1054274e-15 36.122761 36.352351 0 0 
0 54.60809 92.5769 0 0 0 0 0 3.5527137e-15 0 511.3167 0 0 0.024282929 -3.5527137e-15 0.03262212 0.0069165207 0.048076247 0 129.09657 0 0 0 0 0 0 0 0 0 0 0 0 0 0 0 0 0 0 0 0 0 0 0 0 0.054099155 3.5527137e-15 0 
0 91.059476 0 0 -8.8817842e-16 0 0 0 0.055222503 0.035209371 2155.1628 77.726669 0.026284844 0 0 0.045458219 0.027222989 0.032355369 0.032064288 0.027616356 0 0 0 0 0 0 0 0 0 0 0 0 0 0 0 0 0 0 0 0 0 0 0 0 0 0.037942412 0 
0 0 0 0 0 0 0 0 0.0095009555 0.1075038 6.2002071 0.76036093 0.77497157 3.5527137e-15 0 0 0 0 0.03546698 -1.9428903e-16 -1.7763568e-15 0 0 0 0 0 0 0 0 0 0 0 0 0 0 0 0 0 0 0 0 0 0 8.8817842e-16 23.037467 0 0 
1.732362 0 0 0 0 0 0 0 0.044550331 0.05898404 -1.0658141e-14 0 0.13465905 0.56970598 7.1054274e-15 -3.5527137e-15 3.5527137e-15 0 0 0 0 0 0 0 0 0 0 0 0 0 0 0 0 0 0 0 0 0 0 0 0 0 0 3.5527137e-15 47.433678 0 0 
0 0 0 0 0 0 0 0 0.11018915 0.027991033 0.01439342 0.050660921 0.48989604 0.31396994 -3.5527137e-15 0 -3.5527137e-15 3.5527137e-15 0 0 0 0 0 0 0 0 0 0 0 0 0 0 0 0 0 0 0 0 0 0 0 0 0 3.5527137e-15 65.292352 0 0 
60.170307 128.01678 0 0 0 0 0 0 0.0030209641 -3.5527137e-15 3.5527137e-15 -3.5527137e-15 0.07096932 0.050545139 12.464173 0 3.5527137e-15 -3.5527137e-15 0 0 0 0 0 0 0 0 0 0 0 0 0 0 0 0 0 0 0 0 0 0 0 0 0 0.0096757919 84.807719 0 0 
-7.1054274e-15 -3.1086245e-15 36.817988 0 0 0 0 0 0.90983065 0.065151059 0.10332532 0.079712967 0.093443149 10.780655 0.023541208 27.267916 0 0 0 -3.5527137e-15 0 0 0 0 0 0 0 0 0 0 0 0 0 0 0 0 0 0 0 0 0 0 0 50.858639 0 0 0 
81.577959 0.029755335 2.220446e-15 31.22442 55.627177 49.003098 0 0.04011867 0.011471732 0.017727548 0.021727775 0.00714376 0.019416422 0 8.7763359 -3.5527137e-15 7.1054274e-15 7.1054274e-15 0.036569611 -7.1054274e-15 0 0 0 0 0 0 0 0 0 0 0 0 0 0 0 0 0 0 24.766595 0 0 0 3.5527137e-15 41.849176 0 0 0 
0.039853229 0.0061543007 -6.6613381e-16 4.4408921e-16 -4.4408921e-16 -1.7763568e-15 55.171572 0 0 0.027232599 0.027941527 0.057485043 0 0.0070200674 213.33794 136.55245 -7.1054274e-15 416.84025 0.0086733037 0.016185929 0 0 0 0 0 0 0 0 0 0 0 0 0 0 0 0 0 3.5527137e-15 46.640586 0 0 0 0 51.308381 0 0 0 
0 0 0 3.5527137e-15 0 0 0 0.00016110309 0 0.04684167 -3.5527137e-15 0 0.011546549 0 0.10598394 145.57453 98.752686 140.81328 5.5984022 0 0 0 0 0 0 0 0 0 0 0 0 0 0 0 0 0 -7.1054274e-15 55.137202 39.748039 0 0 0 0 46.033808 0 0 0 
0.52612188 0 0 0 0 0 0 0 0 0.0041533291 3.5527137e-15 0 0 3.5527137e-15 0.011391714 0.023514421 0 2.1308649 0.077493175 -3.5527137e-15 0 0 0 0 0 0 0 0 0 0 0 0 0 0 0 0 0 61.048181 0 0 0 0 0 0 0 0 0 
0 0 0 0 0 0 0 0 0 0 0 0.060678462 0.017185393 0 0 0 0 0 0.1427872 0.067453965 49.48047 0 0 0 0 0 0 0 0 0 0 0 0 0 0 0 0 125.52225 0 0 0 0 0 0 0 0 0 
0 0 0 0 0 0 0 0 0 5.6950016 0 0 0 0 0 0 0 0 -3.5527137e-15 0.045890017 0 24.206899 0 0 0 0 0 0 0 0 0 0 0 0 0 0 3.5527137e-15 6.6613381e-16 9.74357 11.006821 0 0 0 0 0 0 0 
0 0 0 0 0 0 0 0 0 0 0 0 0 0 0.82898713 0 0 0 -1.110223e-15 -7.1054274e-15 -7.1054274e-15 0 0 0 0 0 0 0 0 0 0 0 0 0 0 0 -3.1918912e-16 0 0 0 6.0380545 37.080835 0 0 0 0 0 
0 0 0 0 0 0 0 0 0 0 0 0 0 0 0 0 0 32.834857 0 0 0 0 0 2.2420795 0 0 0 0 0 0 0 0 0 0 0 0 0 0 0 0 0 21.631874 0 0 0 0 0 
0 0 0 0 0 0 0 0 0 0 0 0 0 7.5393794 12.750944 24.528333 0 0 3.5527137e-15 1.3322676e-15 0.0020131164 0 5.4895652 0 2.1651366 0 0 0 0 0 0 0 0 0 0 0 0 0 0 0 0 0 0 0 0 0 0 
0 0 0 0 0 0 0 0 0 0 0 0 0 0 33.412994 0 0 18.652599 0 1.7763568e-15 56.327202 0 49.058785 1.7763568e-15 0 0 0 0 0 0 0 0 0 0 0 0 0 0 0 10.165955 0 3.5527137e-15 235.16686 60.122605 28.398336 0 0 
0 0 0 0 0 0 0 0 0 0 0 0 0 0 0 0 0 -1.7763568e-15 3.5527137e-15 0.034045699 74.322944 53.580715 3.9165164 0 0 0 0 0 0 0 0 0 0 0 0 0 0 0 0 0 -3.5527137e-15 0 7.1054274e-15 -4.4408921e-16 33.699311 36.795817 0 
0 0 0 0 0 0 0 0 0 0 0 0 0 0 0 0 0 0 0 0 0 0.04851312 0 0 0 0 0 0 0 0 0 0 0 0 0 0 0 0 0 0 0 0 3.5527137e-15 0 0 0 0 
0 0 0 0 0 0 0 0 0 0 0 0 0 0 0 0 0 0 0 -7.1054274e-15 0 0 0.33933709 0 0 0 0 0 0 0 0 0 0 0 0 0 0 0 0 0 0 0 0 0 0 0 0 
0 0 0 0 0 0 0 0 0 0 0 0 0 0 0 0 0 0 0 0 0 0 0 0 0 0 0 0 0 0 0 0 0 0 0 0 0 0 0 0 0 0 0 0 0 0 0 
0 0 0 0 0 0 0 0 0 0 0 0 0 0 0 0 0 0 0 0 0 0 0 0 0 0 0 0 0 0 0 0 0 0 0 0 0 0 0 0 0 0 0 0 0 0 1.7763568e-15 
0 0 0 0 0 0 0 0 0 0 0 0 0 0 0 0 0 0 0 0 0 0 0 0 0 0 0 0 0 0 0 0 0 0 0 0 0 0 0 0 0 0 0 0 0 0 0 
0 0 0 0 0 0 0 0 0 0 0 0 0 0 0 0 0 0 0 0 0 0 0 0 0 0 0 0 0 0 0 0 0 0 0 0 0 0 0 0 0 0 0 0 0 0 6.3148511 
0 0 0 0 0 0 0 0 0 0 0 0 0 0 0 0 0 0 0 0 0 0 0 0 0 0 0 0 0 0 0 0 0 0 0 0 0 0 0 0 0 0 0 0 0 0 10.236634 
0 0 0 0 0 0 0 0 0 0 0 0 0 0 0 0 0 0 0 0 0 0 0 0 0 0 0 0 0 0 0 0 0 0 0 0 0 0 0 0 0 0 0 0 0 0 0 
0 0 0 0 0 0 0 0 0 0 0 0 0 0 0 0 0 0 0 0 0 0 0 0 0 0 0 0 0 0 0 0 0 0 0 0 0 0 0 0 0 0 0 0 0 0 0 
0 0 0 0 0 0 0 0 0 0 0 0 0 0 0 0 0 0 0 0 0 0 0 0 0 0 0 0 0 0 0 0 0 0 0 0 0 0 0 0 0 0 0 0 0 0 0 
0 0 0 0 0 0 0 0 0 0 0 0 0 0 0 0 0 0 0 0 0 0 0 0 0 0 0 0 0 0 0 0 0 0 0 0 0 0 0 0 0 0 0 0 0 0 0 
0 0 0 0 0 0 0 0 0 0 0 0 0 0 0 0 0 0 0 0 0 0 0.021326013 0 0 0 0 0 0 0 0 -7.1054274e-15 0 0 -1.7763568e-15 0 0 0 0 0 0 0 0 0 0 0 0 
0 0 0 0 0 0 0 0 0 0 0 0 0 0 0 0 0 0 0 0 0 0 0 0.011161986 0.057022176 0.01628641 3.5527137e-15 -3.5527137e-15 7.1054274e-15 0 0 -7.1054274e-15 43.376061 12.134287 0 0 0 0 0 0 0 0 0 0 0 0 0 
0 0 0 0 0 0 0 0 0 0 0 0 0 0 0 0 0 0 0 0 0 0.027230256 0 159.66414 134.80479 112.28493 114.31391 131.62733 101.98158 68.20958 75.364998 54.178198 15.983801 43.001326 0 0 0 0 0 0 0 0 0 0 0 0 0 
0 0 49.748597 0 0 0 0 0 0 0 0 0 0 0 0 0 0 0 0 0 0 23.467405 0 0 0 0 0.033787938 0 0 73.834932 0 0 0 21.350967 3.5527137e-15 0 0 0 0 0 0 0 0 3.5527137e-15 0 0 0 
0 0 57.652286 0.35905233 0 0 0 0 0 0 0 0 0 0 0 0 0 0 0 0 0 0 0 0 0 0 0 0 0 0 0 0 17.06102 21.71922 -7.1054274e-15 3.5527137e-15 0 0 0 0 0 0 3.5527137e-15 0 0 0 0 
0 0 4.9960036e-16 1.1311332 0 0 0 0 0 0 0 0 0 0 0 0 0 0 0 0 0 0 0 0 0 0 0 0 0 0 0 0 14.682018 277.71764 26.207245 0.028743862 0 0 7.1054274e-15 0 0 0 0.068249837 0.033261498 0 0 0 
0 0 0 0 0 0 0 0 0 0 0 0 0 0 0 0 0 0 0 0 0 0 0 0 0 0 0 0 0 0 0 0 0.038877802 0.0032756327 74.307215 -3.5527137e-15 0.0026738894 3.5527137e-15 3.5527137e-15 3.5527137e-15 0 0 0.051262557 0.0012217036 0 0 0 
0 0 0 0 0 0 0 0 0 0 0 0 0 0 0 0 0 0 0 0 0 0 0 0 0 0 0 0 0 0 0 0 0 0 0 0.046343488 0.12062859 0.022719004 0 0 0.020769605 0.030339692 0 0 3.5527137e-15 0 0 
0 0 0 0 0 0 0 0 0 0 0 0 0 0 0 0 0 0 0 0 0 0 0 0 0 0 0 0 0 0 0 0 0 0 0 0 0.25071755 0.27647412 0 0.098234553 0.073559688 0 0 -3.5527137e-15 0.025072022 0 0 
0 0 0 0 0 0 0 0 0 0 0 0 0 0 0 0 0 0 0 0 0 0 0 0 0 0 0 0 0 0 0 -3.5527137e-15 0 0 0 0.0418737 0 0.43643682 0.18872117 0.1348343 0 0.056828778 0.0285409 0.022976163 0.0323649 -3.5527137e-15 -7.1054274e-15 
0 0 0 0 0 0 0 0 0 0 0 0 0 0 0 0 0 0 0 0 0 0 0 0 0 0 0 0 0 0 0 0 0.0044896722 0.019819251 0 0 0.030624591 0.4422966 266.82052 0 0 0.017633466 0.32553742 0.0059642724 0.03006964 0 7.1054274e-15 
0 0 0 0 0 0 0 0 0 0 0 0 0 0 0 0 0 0 0 0 0 0 0 0 0 0 0 0 0 0 0.0045773275 -3.5527137e-15 0.044922603 0.023913401 3.5527137e-15 0.048936069 3.5527137e-15 19.058824 1069.7135 151.00765 0.12966763 0.084955872 0.17749115 0.54176331 0.017589499 3.5527137e-15 0 
0 0 0 0 0 0 0 0 0 0 0 0 0 0 0 0 0 0 0 0 0 0 0 0 0 0 0 0 3.5527137e-15 -7.1054274e-15 0 0 0.029444745 0.037180678 0.01734431 0 0.082756775 0.065152406 75.273681 0 0 0.40114128 0.26918969 260.72562 174.70023 329.13034 126.84741 
0 0 0 0 0 0 0 0 0 0 0 0 0 0 0 0 0 0 0 0 0 0 0 0 0 0.028765518 0 0 -3.5527137e-15 3.5527137e-15 0 7.1054274e-15 0 0.035730057 0.094393202 0.036158088 0.035124523 0.039561596 69.12817 0 0 0 387.74796 414.77071 0 0 0 
0 0 0 0 0 0 0 0 0 0 0 0 0 0 0 0 0 0 0 3.6259339 0 0 0 0 0 0 0.066801502 3.5527137e-15 0.043611102 0.011942961 7.1054274e-15 -3.5527137e-15 0.019029579 270.9989 106.88381 0 0.065557411 0.01542137 112.57457 0 0 0 0 60.947649 33.464106 0 0 
0 0 0 0 0 0 0 0 0 0 0 0 0 0 0 0 0 0 0 0 46.129003 0 0 0 0 0 155.15397 18.136074 0 0.028920478 217.297 -3.5527137e-15 0.006673582 66.429892 125.31573 3.5527137e-15 3.5527137e-15 0.036632191 225.59493 0 0 0 0 14.693303 9.5874642 0 0 
0 0 0 0 0 0 0 0 0 0 0 0 0 0 0 0 0 0 0 0 35.094321 0 0 0 0 0 76.77885 78.50951 13.051571 99.239062 0 0 0 0 0 0 0 1.5543122e-15 7.8686369 0 0 0 22.493053 0 0 0 0 
0 0 0 0 0 0 0 0 0 0 0 0 0 0 0 0 0 0 0 3.5527137e-15 26.86976 0 0 0 0 0 42.051036 0 0 0 0 0 -8.8817842e-16 0 0.42990319 0 0 0 36.354461 0 0 0 0 0 0 0 0 
0 0 0 0 0 0 0 0 0 0 0 0 0 0 0 0 0 0 0 0 50.045492 0 0 3.5527137e-15 0.0076151038 131.11135 5.0509539 0 0 0 0 0 0 0 0 0 -2.6645353e-15 25.275124 0 0 0 0 0 0 0 0 2.747775 
0 0 0 0 0 0 0 0 0 0 0 0 0 0 0 0 0 0 0 0 39.849969 0 0 0.028721705 0 100.17151 0 0 0 0 0 0 0 0 0 14.734965 0 6.9949625 0 31.679539 0 0 0 0 0 0.044558973 10.474366 
0 3.5527137e-15 3.5527137e-15 0 0 0 0 0 0 0 0 0 0 0 0 0 0 0 0 0 9.0653068 0 0 0 0 26.880426 0 0 0 0 0 0 0 0 0 -3.5527137e-15 54.67218 0 0 0.013882328 0 0 12.222595 0 0 0.049996488 27.580557 
0 3.5527137e-15 0 0 0 0 -3.5527137e-15 0 0 0 0 0 0 0 0 0 0 0 0 0 20.946265 0 0 0 0 0 0 0 0 0 0 0 0 0 0 7.1054274e-15 61.838846 52.301608 0.027184945 2.220446e-16 -5.5511151e-17 30.159919 16.400941 42.144469 0 -7.1054274e-15 28.344289 
0.017495015 0 3.5527137e-15 3.5527137e-15 0 3.5527137e-15 0 0 -3.5527137e-15 0 0 0 0 0 0 0 0 0 0 156.82411 0 0 0 0 0 0 0 0 0 0 0 0 0 0 0 0 0.0066607905 17.141056 4.4360561 0 33.430222 0 0 0 95.963707 0 0 
-7.1054274e-15 -3.5527137e-15 15.28413 48.361995 -3.5527137e-15 -3.5527137e-15 -3.5527137e-15 0 -3.5527137e-15 0 0 -7.1054274e-15 0 0 0 0 0 0 0 62.924325 0 0 0 0 0 0 0 0 0 0 0 0 0 0 0 3.5527137e-15 0.0056621231 0.020072012 19.240434 0 0 0 0 -7.1054274e-15 0 -1.7763568e-15 11.86465 
0.19081758 0.13700772 0.005566974 48.874449 88.813864 0 0.036813825 7.1054274e-15 3.5527137e-15 7.1054274e-15 -1.7763568e-15 0 0 0 0 0 0 0 0 9.2888668 0 0 0 0 0 0 0 0 0 0 0 0 0 0 0 0.011871556 1.7763568e-15 -1.7763568e-15 0 9.8648346 0 0 0 0 0 0 0 
0.051267549 0.00092322393 0 0 0 0.018629313 0.026493249 0 7.1054274e-15 123.27525 66.771167 0 3.5527137e-15 0 0 0 0 0 0 0 0 0 0 0 0 0 0 0 0 0 0 0 0 0 0 0 0 0 9.155307 0 0 0 0 0 0 0 0.92767954 
0.028455145 0.033578653 3.5527137e-15 0 0 0 0.27656601 0 0 0 -3.5527137e-15 7.1054274e-15 0.0097087108 0 0 0 0 0 0 0 12.311091 0 38.423784 0 0 0 0 0 0 0 0 0 0 0 0 0 0 0 0 0 0 0 0 0 0 0 0 
74.805347 0.077145318 0.028213801 0 0 3.5527137e-15 0.02989613 0.07019075 0 0.066376288 0 7.1054274e-15 0 0 0 0 0 0 0 0 0 0 33.813443 93.445342 0.064495995 0.031387202 -7.1054274e-15 0 0 0 0 0 0 0 0 0 0 0 0 0 0 0 0 0 0 0 0 
0 0.0086241523 0.084852748 0 0 153.231 0.21861607 0.092513845 0.096414508 -7.1054274e-15 -1.0658141e-14 0 0 0 0 0 0 0 0 0 0 0 0.073670118 3.5527137e-15 0 0.067917858 0.16633414 0.18951003 0.012054376 0 0 0 0 0 0 0 0 0 0 0 0 0 0 0 0 0.03219055 -3.5527137e-15 
9.8722179 0.011535233 0 0 0 0.26925808 0.19681813 0.090695371 105.14983 298.81208 0.036738228 0 3.5527137e-15 0 0 0 0 0 0 0 0.0277152 0.012409436 -3.5527137e-15 7.1054274e-15 0.027601479 0.093732885 0.027168768 0.021116477 0.49467245 0 0 0 0 0 0 0 -8.8817842e-16 0 0 0 0 0 0 0 0 0 -7.1054274e-15 
14.649484 0.0092242217 0.024693305 0 0 94.524599 0.35765921 0.18977873 85.468214 816.33285 0.16901089 0 0 0 0 0 0 0 0 0 0 0 -3.5527137e-15 0 0.0091000963 0.012947891 0.0121581 0.0055614166 0.1148074 0.49205465 16.05178 0 0 0 0 0 0 -1.7763568e-15 0 0 3.5527137e-15 0 0 0 3.5527137e-15 0 0.041629521 
0.051528438 0.078610717 0.076552758 0 739.78622 472.45657 0.64775928 0.16429732 0.13991641 0.12596278 0.25752047 0.07581166 0 0 0 0 0 0 0 0 0 0 0 0 -3.5527137e-15 0.01979849 0 0 -3.5527137e-15 5.8406702 0.51296472 50.862425 -3.5527137e-15 0 0 0 5.5511151e-17 8.8817842e-16 -3.5527137e-15 0.045884097 0.039756589 0.010753392 0 0 0.0057459933 -3.5527137e-15 0 
0.10722768 0.080022233 0.026690434 226.27407 -1.4210855e-14 0.070304563 0.0024208208 3.5527137e-15 0.022051621 3.5527137e-15 0.0070933789 0.06195977 23.405512 3.5527137e-15 -3.5527137e-15 0 0 0 0 0 0 0 0 62.845665 0 0 0 0 0 0.029044601 6.1831256 1206.5294 379.36152 0 0 0 0.35198505 0.9680869 0 0 -3.5527137e-15 0.082585425 0 0 -3.5527137e-15 0.012444051 0.045302252 
-7.1054274e-15 0.084727129 0.049354917 0.14130379 0.048643574 3.5527137e-15 0.11739941 0 -2.220446e-16 0 0 0 0.025832417 0.02813991 0 -3.5527137e-15 18.92313 0 0 0 0 0 0 10.827216 0 0 0 0 0 3.5527137e-15 0 33.914112 0 0.033584999 0 0 0.031415722 0 0 0 0.025984017 -7.1054274e-15 0.0095129565 241.77374 0 0.042785249 405.47721 
0.10214028 0.12410313 0.041173758 0.045111698 0.19415279 0.029982172 0.048663441 0.039497516 1.7763568e-15 0 0 0 0 0.0031501376 0 0 0 0 0 0 0 0 0 33.626074 0 0 0 0 0 0 36.141508 0 0 0 0.18275458 0 0 58.100535 0 0 0.010138384 0.032533206 78.176463 1017.3479 0 7.1054274e-15 -3.5527137e-15 
0.12021497 0.098957014 3.5527137e-15 0.067688054 0.076581458 0.047363647 0.012560326 0.092910387 0.02445147 0 0 0 0 0 0 0 0 0 0 0 1.8033757 0 -7.1054274e-15 17.012986 -1.3322676e-15 0 0.017712281 0.09391492 3.5527137e-15 0.02031376 0 0.048664667 0 5.9005525 263.86175 175.24456 0.70227931 1.3230467 0 77.536987 126.26594 0.03020423 0.22757002 20.344681 3.5527137e-15 -1.4210855e-14 0 
0.055512225 0.1365747 0.0018664976 0.0035683627 0.020496343 0.053901854 0.0044791611 -7.1054274e-15 -3.5527137e-15 0 0 0 0 0 0 0 0 0 0 0 0 0 0.010110692 93.966521 0 0 0 0.050860127 0.043268865 0.024440443 0 0.0069522941 0 0 56.84343 0 12.855027 31.995937 92.149889 37.515538 0 0 -7.1054274e-15 0 7.1054274e-15 -3.5527137e-15 0 
0 0.010716166 0.16295324 0 0.0048138708 0.025789595 0 -7.1054274e-15 0 3.5527137e-15 0 0 0 0 0 0 0 0 0 0 0 0 0 91.809053 0 0 0.010675561 0 7.1054274e-15 0.055963039 0.062271811 59.465085 0 0 53.273984 97.128554 3.5437303 2.1094237e-15 0 0 3.5527137e-15 0 -3.5527137e-15 0 0 0 -3.5527137e-15 
0.024520587 0.036210786 -8.8817842e-16 -7.1054274e-15 0 0.006232041 0 0 0 0 0 0 0 0 0 0 0 0 0 0 0 0 0 0 0 0 50.245912 0.041691367 1.7763568e-15 110.16638 69.411264 0 0 0 205.46412 0.094294474 0 0 -2.1316282e-14 -3.5527137e-15 0 -3.5527137e-15 0 -3.5527137e-15 0 3.5527137e-15 0 
76.237348 0.014952335 0 3.5527137e-15 0 17.790407 0 0 0 0 0 0 0 0 0 0 0 0 0 0 0 0 91.494133 0 0 0 0 0.37343865 84.289789 0 0 0 -3.5527137e-15 244.44163 73.699727 0.011011775 0.07184018 0 3.5527137e-15 0 3.5527137e-15 -3.5527137e-15 3.5527137e-15 0 0 0 0 
0.056718903 -3.5527137e-15 0 0 0 0 0 0 0 0 0 0 0 0 0 0 0 0 0 0 0 0 39.6271 0 0 0 0 0.0069388789 8.3644427 0 0 0 0.051037153 17.602388 170.03826 0.074371421 0 0.069816848 0.046209587 0 0 0 0 0 0 0 0 
0.010949159 -3.5527137e-15 0.017937528 0 0 0 0 0 0 0 0 0 0 0 0 0 0 0 0 0 0 0 6.8476032 0 0 0 3.5527137e-15 5.4967974 77.929527 0 0 0.025376393 0.025307417 7.5135807 63.626342 0.026546189 0.039673278 0.059541888 8.8817842e-16 0 0 0 0 0 0 0 0 
0.030038254 -7.1054274e-15 3.5527137e-15 0 0 0 0 0 0 0 0 0 0 0 0 0 0 0 0 0 0 0 0 17.256281 0 0 3.5527137e-15 -1.7763568e-15 56.823446 0 0.034315459 0.048891262 7.2822723 6.0256595 0 0.44775855 0.032302634 -3.5527137e-15 0 33.653609 0 0 0 0 0 0 0 
7.1054274e-15 3.5527137e-15 -3.5527137e-15 0.035335413 -3.5527137e-15 0 3.5527137e-15 3.5527137e-15 0 0 0 0 0 0 0 0 0 0 0 0 0 0 0.47103057 15.82853 45.496794 0 7.1054274e-15 30.006382 6.6613381e-16 -8.8817842e-16 23.949672 0 0 0 0 68.126763 0.029856133 0 1.0658141e-14 6.6613381e-16 0 0 0 0 0 0 0 
0 0.082488283 0.021857743 0.016482225 0 -3.5527137e-15 3.5527137e-15 0 0 0 0 0 0 0 0 0 0 0 0 0 0 0 0 -3.5527137e-15 14.589721 0.041436057 7.1054274e-15 90.632271 0 0 0 2.0822335 0 0 296.60378 81.164582 0.015240769 3.5527137e-15 0.019900317 -8.8817842e-16 0 0 0 0 0 0 0 
0.02592469 0.054961468 0.014051148 3.5527137e-15 7.1054274e-15 3.5527137e-15 -3.5527137e-15 0 0.022254284 0 3.5527137e-15 0 3.5527137e-15 0.02361961 -3.5527137e-15 0 0 0 0 0 0 0 0 0 0.036831144 -7.1054274e-15 -7.1054274e-15 53.745629 0 0 0 23.790733 296.73286 563.47838 0.061445509 0.14146346 0.017470144 0 0.0045785797 0 0 0 0 0 0 0 0 
0.061542562 0.07036709 0 0.058551997 0.062002507 0.061284633 -7.1054274e-15 -7.1054274e-15 0.030049508 0 -3.5527137e-15 0 0.010472977 0.035944627 0 0 0 0 0 0 0 0 0 -1.7763568e-15 -1.7763568e-15 0.012465386 4.4408921e-16 102.26247 0 0 0 0.091088176 0.12931825 0.11483681 0.0095645012 0.072688341 0.054495063 0.019365329 0.038846395 0 31.467522 0 0 0 0 0 0 
0.078480475 0.02936082 0.03481461 0.056674056 -7.1054274e-15 0 0.0021071134 0.027130412 0.05520167 0.11751195 3.5527137e-15 0 0.084897826 0.16926783 0 3.5527137e-15 0 7.1054274e-15 0 0 0 0 0 0 7.1054274e-15 0 183.77896 0 0 0 0 3.5527137e-15 0.01780641 0.003413387 0.065523179 0.01287016 0.04137487 0.012529558 0.020543246 3.1049165 0 0 0 0 0 0 0 
230.18058 0.1038309 0.031050537 0.04936612 0.042713584 0.11151616 0.066969215 0.10664077 0.01606041 0 0 0.21543186 0.055422279 0.059264897 3.5527137e-15 0.05106033 0 0 0 0 0 0 0 -7.1054274e-15 0 0 71.662689 0 0 0 0 18.892347 20.333217 0.016877056 0.044390646 0.066022912 7.1054274e-15 0.032887865 0 0 0 0 0 0 0 0 0 
105.35024 0.025961971 0.0842202 0.19921503 0.17477544 0.041719675 0.089723834 0.045760647 0.031295131 0.047983333 0.21366243 0.049477404 0.086213091 0.024323849 0.036226235 0.049234414 0.015224738 3.5527137e-15 0 0 0 0 0 0 0 7.1054274e-15 24.038953 0 0 0 0 6.8306636 0.0069554088 0.022110789 0.0091204304 0.025837825 3.5527137e-15 0 3.5527137e-15 0.042387365 0 0 0 0 0 0 0 
0 413.93343 0.096669623 0 0.36664702 0.11950116 0.15254943 -3.5527137e-15 0.062748751 0.092770214 0.43269263 0.60149261 0.092079646 0.024507708 0.087601142 0.083972787 0 0.025637249 0 0 0 0 0 0 0 0 43.889036 0 0 0 0 0.21693574 4.7702549 2.7755576e-16 0.035357743 0.044239016 0.035503113 0.032290835 0 0 0.0014244774 0 0 0 0 0 0 
332.22142 0 225.81728 0.1077259 0.12988255 0.065577278 0.034810756 0.050112568 0.068469934 0.45908475 0.48936969 0.12548342 0.22302669 0.072927744 0.17434949 0.023068794 3.5527137e-15 0 0 0 0 0 0 0 0 0 87.997405 55.459296 0 0 0 0 0 21.058129 1.7763568e-15 3.5527137e-15 0.0036989877 0.0050427965 1.3322676e-15 0 0 0 0 0 0 0 0 
0 0 176.96461 -1.7763568e-15 0.10091582 0.035564066 0.081237023 0.070482175 1.0908648 0.50857233 0.16941019 0.23777827 0.066109136 0 3.5527137e-15 0.0376671 3.5527137e-15 0 0 0 0 0 0 0 0 0 7.1054274e-15 7.1054274e-15 93.385639 0 0 0 0 39.095376 0 0 0 6.3672996 5.2533283 7.1054274e-15 0 0 0 0 0 0 0 
0 0 0 0.056409625 0.023887009 0.11590198 0.67524248 1.1679822 0.38893752 0.32000905 0.19622086 0.011091288 0.074330851 0.023648728 3.5527137e-15 7.1054274e-15 -3.5527137e-15 0 0.013311746 0 0 0 0 0 0 0 0 0 21.858115 3.7536701 0 0 0 0 84.357897 3.5527137e-15 0 4.3621869 0 0.003231084 0 0 0 0 0 0 0 
0 0 0.15924169 14.719698 0.20070283 1.667217 0.92754224 0.38516595 0.33980531 0.4396552 7.1054274e-15 0 0 0 0 0 0 0 0 0 0 0 0.014173291 0 0 0 0 0 26.438586 0 0 0 30.432782 25.552853 0 0 0 0 26.319121 0 1.7763568e-15 0 0 0 0 0 0 
0 0 9.6608248 401.31113 165.29861 0.67623383 1.3874296 0.79373708 0.92461345 0.062746493 0 -3.5527137e-15 3.5527137e-15 3.5527137e-15 -3.5527137e-15 0 0 0 0 7.1054274e-15 0.019634219 9.3446383e-06 0.025697832 0 0 0 0 0 0 0 0 0 0 48.696505 0 0 0 0 0 22.215727 0 0 0 0 0 0 0 
0 0 0 1.4210855e-14 2047.6403 169.52354 0.88889279 0.37559798 0.03316701 -3.5527137e-15 0.038817038 -3.5527137e-15 3.5527137e-15 -3.5527137e-15 0.014808264 0 0 0 0 0 0.042302019 0.029275271 0.058210944 0 0.025932459 0 0 0 0 0 0 0 0 30.694787 0 0.022616225 -3.5527137e-15 0 3.9774693 1.0577413 0 0.014299678 0 0 0 0 0 
0 0.19676912 0 37.078863 0 1281.8737 0.1066332 0.031125106 0 1.0658141e-14 0.087439279 0.022467569 0.027736966 3.5527137e-15 0.04108485 0.084886079 0 0 0 0 0.04765997 0.090505046 0.025871676 0.045701326 0 0 0.0053808769 0 0 0 0 0 0 43.758279 0.014218696 0 0.0076707169 0.010256985 0.0029972883 0 0.021140838 -4.4408921e-16 0 0 0 0 0 
0 0 0 0 0 214.98013 0.059452844 0.12626457 0.082630048 0.16169052 0.070590005 0.085006108 0 0.073744809 0 0 -3.5527137e-15 7.1054274e-15 0 0.039716888 0.065886943 0.073975161 0 0.0015583622 0.016458164 0 0 0 0 0 0 0 0 0.021242369 0.003144676 0.0056227211 0.074838622 0.036153361 -7.1054274e-15 0.002780951 0 0.019976991 7.1054274e-15 -1.3322676e-15 0 0 0 
0 0 0 0 0 377.26649 0.068631727 0.020495278 0.076151478 0.14681282 0.16251022 0.034457849 0.20043008 0 0.028837915 0.045232964 0.054947675 -3.5527137e-15 -3.5527137e-15 0.053351906 0.2384855 0.1051401 0.099787747 0.042302785 0.0098754682 0.023366444 -7.1054274e-15 0 0 0 3.5527137e-15 0 0.0078848608 0.0036771471 0.0045608531 0.0015001863 0.017941575 0.051353854 0.031268674 0.016746002 0.02452433 2.220446e-16 19.908177 2.8965637 0 0 0 
0 0 0 0 0 0 420.43857 0.10105924 0.25596699 0.11342962 3.5527137e-15 0.0052754873 0 -3.5527137e-15 0.055861571 0.026926774 3.5527137e-15 3.5527137e-15 0 0.19837218 0.13278136 0.10930572 0.082304797 0.0039377601 0.0080282784 0.037244922 0 0 -3.5527137e-15 0 0 3.5527137e-15 27.385878 0.063499546 0.032046758 0.055503758 0.044347183 7.1054274e-15 7.1054274e-15 0.043528946 0 1.3269295 20.189899 0 21.211946 0 0 
0 0 0 0 0 0 155.09222 0.14790323 0.057830278 3.5527137e-15 0.066930461 0 0.14299841 0.16448433 0.024749941 0.051977791 7.1054274e-15 -3.5527137e-15 0.46193171 0.21326303 0.2363912 0.40911109 0.054650989 3.5527137e-15 0.067910237 0.042720019 0 0 0 3.5527137e-15 -7.1054274e-15 0.0083519782 0.033285646 0.064808688 0.099624052 0.036285611 3.5527137e-15 0.088180119 0.069383734 0 0 1.8301389 0 0 8.7430055 0 0 
0 0 0 0 0 0 81.349341 0.11136899 0.1096158 0.024618235 0.061283186 0.0055813457 0.16521008 0.07247502 0.048487219 -3.5527137e-15 0 0 0.33121851 0.21113427 0.79559711 0.054695454 0.040248724 0.04567576 0.048602346 0 1.7763568e-15 0 0 0 -7.1054274e-15 -3.5527137e-15 0.024310882 3.5527137e-15 0 3.5527137e-15 0.1061386 0.13342974 0.13366416 0 0 0 0 0 7.1054274e-15 0.021239945 0 
0 0 0 0 0 0 70.751365 0.26597437 0.037177224 0.099957692 0.017130178 0.092265036 0.25264755 127.38817 146.41001 0.056057384 0.096065277 0.33869094 0.20678561 0.64934649 0.15207686 0.099491299 0.055557376 0.0066796236 0.022433827 0.032927676 33.869062 0 0 0.01344426 331.55976 385.88505 53.080946 0.14605325 0.075451049 3.5527137e-15 0.092008594 0.15391089 3.5527137e-15 0 0 0 0 0.003807061 0 0.019919664 0 
0 0 0 0 0 0 77.705882 105.48126 0.14852635 0.12429445 0.073575132 0.12841745 0.13967603 11.018798 57.800126 0.12304449 0.6432628 0.46014744 0.38584123 0.67619212 0.26503971 0.053911316 -1.0658141e-14 0.016818271 0.011070726 0.034207721 0 0 0 0.048786752 43.705726 130.35479 182.46664 0.25812271 0.10634851 0.2111691 0.13371641 0.030238964 -3.5527137e-15 0 0 3.5527137e-15 0.011819758 -3.5527137e-15 0 0 0 
0 3.5527137e-15 12.008738 0 0 0 0 222.8261 0.10348562 0.11114505 0.022627367 0.265375 40.729969 63.368335 126.08756 1.882338 0.76190752 0.14379976 612.8549 507.66921 0.01408 0.047408055 0 0.0080910897 0.14508595 0.037789127 0 0 -8.8817842e-16 0.00064822982 18.773794 60.762144 13.223114 0.065826575 0.054324175 0.044893232 0.17841037 0.018827449 0.032811881 0 0.047015367 0.057022018 1.0658141e-14 0.11736775 0.063996343 0 0 
0 22.605334 21.889392 0 0 0 3.5527137e-15 0.26292759 0.13064544 0.21062045 0.0022934494 0.025150537 0 0 0 1727.7455 0.25841645 0 0 25.409831 127.2183 0 0 0 0.11810001 0.082719537 0 34.983939 0 0 2.8865799e-15 783.16032 5.8848283e-05 0.15971358 0.15121114 0.41857009 0.087974066 0.076454515 0.13175518 0.012403293 0 3.5527137e-15 0 0.018212136 0 0 0 
0 0 0 0 0 0 0.079948628 0.41977326 0.24169977 0.040331716 0.0043536395 0.014430769 0 0 0 62.759433 0.030692964 0 0 52.979127 0 0 0.069811697 0.069870385 12.91957 3.5527137e-15 22.386708 0 0.072824075 0.010215843 4.4408921e-16 15.14101 418.99549 0.16139099 278.4323 39.723976 0.027308713 0.070000959 7.1054274e-15 0 0 -7.1054274e-15 0 0.014620546 0 0 0 
0 0 0 0 0 0 598.86082 0.37265637 0.042292884 0.027718162 0.024387336 0 0 -3.5527137e-15 0 0.0082598394 0 0 0 0 26.50112 0.051423192 0 0 11.097128 0 0 0 0 0.060890338 3.3186183 6.2103492 27.388917 0.43117749 87.751406 23.305429 0.079396934 0.029469301 0.015737629 0.024976811 0.042581493 1.4210855e-14 0.0091159332 0.10781706 -3.5527137e-15 0 0 
0 0 0 0 0 0.0010517869 74.771948 259.5956 0.017610641 0.043466604 0 0 153.23718 0.047363096 0.041958087 3.5527137e-15 0 0 0 6.571261 49.192133 0.024406032 1.7763568e-15 9.3891538 0 -2.220446e-16 0 0 0.082804781 0 0.057748351 27.04043 0.23788434 0.0041074097 0 112.92444 0.060740039 0.044708979 0.00055066357 0.077262775 -7.1054274e-15 0.035293174 0.24055589 0.00051586654 0 0 0 
0 0 0 0 0 0.014260416 64.751531 67.699298 5.2157341 0 0.0099562572 0 115.88142 0.00042592399 0 0 0 0 0.97417969 0.033241105 -7.1054274e-15 0.020985223 -5.5511151e-17 1.4812295 0 0 0 0 36.822076 0.051071531 86.51302 22.852129 0.12516592 0 36.703629 40.17549 17.450275 0.040348498 0.24038295 0.11404526 0 66.493529 76.33706 0.013744556 0 0 0 
0 0 0 0 0 30.265858 0 0 3.1936482 0 0 0 52.484775 0.0091938817 0.0080766914 0 0 0 0 0.043703085 0 -4.4408921e-16 0 0 0 0 0 0 0 0 82.77613 104.30665 7.1054274e-15 0 0.050336106 0.0030265876 0.23806447 0.61706091 0.42834426 0.37606773 0 0.0051422215 0.026061753 0 0 0 0 
0 0 0 0 0 0 0 0 0.1853972 0.021988107 0 0 0 16.789192 0.19083638 0 0.02978491 48.024389 1.2812634 0.0062527339 0.058686252 0 0 0 0 0 0 0 0 0 0 19.853797 0 0.011616062 15.90862 0.2176388 0.15309827 517.38778 0.031754009 0.051860034 0.04012766 0.10457186 0.026630548 0 0 5.9399419 0 
0 0 0 0 0 0 0 0 0.1955409 0 0 0 0 0 0.11161003 0.086098745 0 0 0 0 0 4.4408921e-16 68.801166 32.779811 0 0 0 0 0 0 0 0 0 259.64797 0.36833473 0.50003375 201.75142 300.76532 822.32173 0.36268285 0.23968609 86.288879 263.64143 -7.1054274e-15 -3.5527137e-15 0 9.7933245 
0 0 0 0 0 0 0 0 0 0 0 0 0 46.299094 138.88246 0 0.0089183854 0 0 0.057936253 0.022072092 -3.7747583e-15 0 0 0 0 0 0 0 0 0 35.340596 260.06325 0.42959997 1.1631202 0.6512872 45.34711 0.36617332 0.15041372 0.18344805 0.26537741 23.904796 73.449225 -3.5527137e-15 0 0 0 
0 0 0 0 0 0 0 0 0 0 0.80306945 0 0 0.039263103 41.534304 0 18.79768 0 0.047609238 0.072050546 0.025554455 25.652022 0 0 0 0 0 0 0 0 99.199444 -1.4210855e-14 3.5527137e-15 0 3.5527137e-15 0.027751662 -3.5527137e-15 0.036018465 0.071870819 0.0099259595 0.031681202 3.5527137e-15 0.031469572 0.017105476 0.031756813 3.5527137e-15 0 
0 0 0 0 0 0 0 0 0 0 0.025393293 0.054076363 0.016678273 0 0 0 0 0 158.89612 152.47605 0 0 0 0 0 0 0 0 0 0 77.438479 3.5527137e-15 0.02185447 0 0.0041888025 0.008384112 -3.5527137e-15 -1.110223e-16 0.077424853 0.015477282 0.038704317 0.015137531 0.0076650086 0.018870869 0.018117804 0 0 
0 0 0 0 0 0 0 0 0 0 84.878283 70.607957 0 0 0 0 0 0 0 0 32.171243 0 0 0 0 0 0 0 0 152.45262 0 -3.5527137e-15 1.0658141e-14 0 -3.5527137e-15 0 0 0 0 0 0 33.241229 0 0 0 0 0 
0 0 0 0 0 0 0 0 0 0 0 0 0 0 0 0 0 0 0 0 0 0 0 8.5165214 0.029530762 0.050976437 -7.1054274e-15 26.362888 245.5875 0 0 0 3.5527137e-15 0 0 0 0 0 0 0 0 53.598007 0 0 0 0 0 
0 0 0 0 0 0 0 0 0 0 0 0 0 0 0 0 0 0 0 0 0 0 0 177.02866 0.040902042 0.035243277 3.5527137e-15 0.0050331689 0.032472191 0.027023061 7.1054274e-15 0 0 2.495793 6.3322187 0 0 0 0 0 0 43.898529 0 0 0 0 0 
0 0 0 0 28.267839 0 0 0 0 0 0 0 0 0 0 0 0 0 0 0 0 0 98.637244 345.15491 0.041260923 3.5527137e-15 3.5527137e-15 -3.5527137e-15 0 0 0 0 0 0 0.011149354 0.0061898592 0.057034961 0.033146572 0.032401967 0 0 3.5527137e-15 0 3.5527137e-15 3.5527137e-15 0 0 
0 0 0 0 48.531516 0 0 0 0 0 0 0 0 0 0 0 0 0 0 25.779408 0 0 21.660791 0.040072877 0.025829136 0 0.065895864 0 0 0 0 0 0 0 0 0.22528132 0.042083238 0.030077191 0.021242897 -3.5527137e-15 7.1054274e-15 -3.5527137e-15 0.033593097 0 0 0 0 
0 0 0 0 42.41929 0 0 0 0 0 0 0 0 0 0 0 0 0 182.15289 -3.5527137e-15 0 152.23122 0 0.013128873 0 0 0 0 0 0 0 7.2965448 8.9580598 68.692013 0.17630151 0.30119749 -3.5527137e-15 0.030208693 0 0.014806711 0 0.046909707 0.037943878 3.5527137e-15 -7.1054274e-15 0 0 
0 0 0 0 0 0 0 0 0 0 0 0 0 0 0 0 0 47.397932 44.981469 -3.5527137e-15 3.5527137e-15 0.018618829 0.038321631 3.5527137e-15 0 0 0 0 0 0 0 0 0.047482376 0.058661313 0.21716025 0.15714052 7.1054274e-15 1.0658141e-14 0.022573556 0.067377588 0 0.0031361144 3.5527137e-15 0.028845044 0 0.043763204 0 
0 0 0 0 0 0 0 0 0 0 0 0 0 0 0 0 0 20.755151 0.049564703 0.013475985 0.0080578634 -2.220446e-16 0 0 0 0 0 0 0 0 0 0 0.093446724 0.060136384 0.020784483 0.058683748 0 0.02663104 0.017193972 0.035555073 0.034993202 0.085128849 0 7.1054274e-15 0.030009697 0 0 
0 0 0 0 0 0 0 0 5.2086201 0 0 0 0 0 0 0 0 21.833526 -3.5527137e-15 0 0 0 34.792615 0 0 0 4.9728967 51.284874 21.981684 0 0 290.62265 19.673672 0.017058416 0.033840194 0.060847491 0.050237052 7.1054274e-15 0.13314091 0.037891956 3.5527137e-15 0.02203945 0.06064951 0 0.035372971 0 0 
0 0 0 0 0 0 0 11.46263 0 51.924371 0 0 0 0 0 0 0 50.612878 0 0 0 4.3053549 0 0 0 0 0 0 0 0 0 0 92.241913 397.85863 18.873478 0.062275947 3.5527137e-15 0.060072728 0.079208229 0.038769863 0 0 0.021309982 0.024585789 0.03239819 7.1054274e-15 0 
0 0 0 0 0 0 0 0 0 9.5891477 0 0 0 0 0 0 0 27.082346 0 0 0 0 0 0 32.738912 0 0 0 0 0 0 0 0 0 147.27739 0.019970702 0 0.11092551 0.10239153 0.043371461 -3.5527137e-15 0.017382788 0.01642062 0 0 0.059995225 26.284805 
0 0 0 0 0 0 0 0 0 0 0 0 0 0 0 0 13.991215 3.9968029e-15 0 0 0 0 12.547193 32.83264 0 0 0 0 0 0 0 0 0 9.9773678 34.441502 3.5527137e-15 0.15206419 0.031828358 0.052146994 1.0658141e-14 3.5527137e-15 0.083877048 0.03674545 0.15553001 0.034242141 0 0 
0 0 0 49.849921 0 0 0 0 0 0 0 0 0 0 0 0 0 64.049692 0 0 0 0 0 0 0 0 0 0 0 0 0 0 0 101.89931 31.03496 0.21753386 0.067132403 167.02741 26.378236 201.74648 7.1054274e-15 0.1203264 0.10780712 0.054431312 0.072792549 0 0 
0 0 0 28.922122 0 0 0 0 0 0 0 0 0 0 0 0 0 55.924919 14.786199 0 0 0 0 0 0 0 0 0 0 0 0 0 0 1.4331502 81.121123 0.19531241 41.085522 0 183.75858 367.34721 52.31696 0.035208046 0.044873006 0.076976772 3.5527137e-15 0.057279633 29.163003 
0 3.5527137e-15 4.4408921e-16 0 0 40.064341 0 0 0 0 0 0 0 0 0 0 0 0 0 0 0 0 0 0 0 0 0 0 0 0 0 0 0 0 68.542963 26.66382 0 0 0 0 158.98424 260.58274 0.06492944 0.077307544 0.064206663 0 0 
44.625871 -7.1054274e-15 1.7763568e-15 52.394339 0 0 0 0 0 0.45601188 0 0 0 0 0 0 0 0 0 0 0 0 0 0 0 0 0 0 0 0 0 0 0 0 0 0 0 0 0 0 0 0 166.64513 190.36053 0.08226919 0.045472582 0 
23.27971 70.580927 147.96022 0 77.665625 0 0 -7.1054274e-15 4.2311011 16.443396 25.370127 0 0 0 0 0.17560799 0 0 0 0 0 0 0 0 0 0 0 0 0 0 0 0 0 0 0 0 0 0 0 0 0 0 0 0 72.590348 0.11473422 0 
3.5527137e-15 0 0.036919074 0 0.041326306 0 0 362.68352 0 0 0 0 0 0 0 5.7686245 0 0 0 0 0 0 0 0 0 0 0 0 0 0 0 0 0 0 0 0 0 0 0 0 0 0 0 0 0 24.037386 0 
0 -3.5527137e-15 3.5527137e-15 0.024083473 0 0.049418633 3.5527137e-15 117.17282 0 0 0 0 0 0 0 29.825874 60.846552 0 0 0 0 0 0 0 0 0 0 0 0 0 0 0 0 0 0 0 0 0 0 0 0 0 0 0 0 0 0 
0 0 0 -3.5527137e-15 0.015167733 0.027225557 -3.5527137e-15 51.802401 0 0 0 0 0 0 0 0 65.508248 0 14.626396 0 0 0 0 0 0 0 0 0 0 0 0 0 0 0 0 0 0 0 0 0 0 0 0 0 0 0 0 
0 0 0.012363428 0 0.028505915 0 3.5527137e-15 454.73499 0 0 0 0 0 0 0 0 0 7.8288465 0 0 0 0 0 0 0 0 0 0 0 0 0 0 0 0 0 0 0 0 0 0 0 0 0 0 0 0 0 
0 0 0 0 0 0 -3.5527137e-15 117.3986 396.04182 59.998518 35.649137 51.877654 0 0 0 0 0 0 0 0 0 0 0 0 0 0 0 0 0 0 0 0 0 0 0 0 0 0 0 0 0 0 0 0 0 0 0 
0 0 0 0 0 -3.5527137e-15 0.0078246337 0.061406925 0.069583811 -7.1054274e-15 0.010567677 0 103.9979 0 0 0 0 0 0 0 0 0 0 0 0 19.523763 0 0 0 0 0 0 0 0 0 0 0 0 0 0 0 0 0 0 0 0 0 
0 3.51441 0.97620577 0.0021708783 0 0.018866892 0.10066417 0.097754535 0 0.027533878 0.038252089 0 116.26844 36.16743 33.847699 51.337032 0 0 0 0 0 0 0 0 0 0 53.232773 0 0 0 0 0 0 0 0 0 0 0 0 0 0 0 0 0 0 0 0 
0 0 0 0.010272798 1.0658141e-14 0.038242019 0.031495104 -3.1086245e-15 0 0 0 0.030701768 0 49.064009 0.077378623 21.551625 6.2883903 0 0 0 0 0 0 0 0 0 57.670191 0 0 0 0 0 0 0 0 0 0 0 0 0 0 0 0 0 0 0 0 
0 0 0.013638187 0.038055843 0 0 0 -3.3306691e-15 0 0.029436616 0.0016177152 -7.1054274e-15 0 7.1054274e-15 38.94277 0.086922052 0 0 0 0 0 0 0 0 0 0 49.216794 -3.5527137e-15 0 0 0 0 0 0 0 0 0 0 21.487358 0 0 0 0 0 1.5030247 0 0 
0 0 1.4210855e-14 1.7763568e-15 3.5527137e-15 0.060574895 0 0 0.036006317 0.02790521 3.5527137e-15 0 114.41955 0 0 30.198587 101.64716 0 0 0 0 0 0 0 0 0 43.184873 0 0 0 0 0 0 0 0 0 0 11.858277 0 0 0 0 0 0 62.170689 0 0 
0 0 0 0 5.884182e-15 0 0 0 0 -3.5527137e-15 0.00841756 0 0 142.18557 17.837863 84.482895 0.084902684 219.78999 0 0 0 0 0 0 0 0 13.569953 0 0 0 0 0 0 0 0 0 0 33.977941 0 0 0 0 0 97.769839 0 0 0 
0 0 0 0 0 0 0 3.447527 0 0.03750031 0 -3.5527137e-15 -1.4210855e-14 -3.5527137e-15 0.010366576 0.12103522 0.083640173 201.8954 0 0 0 0 0 0 0 0 0 0 0 0 0 0 0 0 0 0 0 0.1518892 0.0067110565 0 13.71493 0 27.613526 39.631422 -3.5527137e-15 3.5527137e-15 0 
0 0 0 0 0 0 0 0 0 0 0 0 0.052536131 -7.1054274e-15 0.053907169 0.034478634 0.041004405 110.76898 0 0 0 0 0 0 0 0 0 0 0 0 0 0 0 0 0 0 0 0 8.4428693 0 2.406673 25.413153 67.124724 7.1054274e-15 0 0 0 
0 0 0 0 0 0 0 0 0 0 3.5527137e-15 0 0 0 -7.1054274e-15 0.08429304 0.11160102 53.209305 0 0 0 0 0 0 0 26.452111 0 0 0 0 0 0 0 0 0 0 0 0 0 0 0 9.6305624 0 34.285693 0 0 0 
0 0 0 0 0 0 0 0 0 0 -3.5527137e-15 0 0 -3.5527137e-15 0.033272295 0.035932899 0.015383222 22.252465 0 0 0 0 5.9118205 0 0 39.875571 0 0 0 0 0 0 0 0 0 0 0 0 0 0 0 0 0.21081005 0.032874737 0 0 0 
0 0 0 0 0 0 0 0 0 0 0 3.5527137e-15 0 0.04701081 0.028671771 0.034507255 0.045954131 63.183697 0 0 0 0 46.573694 0 0 51.19983 0 0 0 0 0 0 0 0 0 0 0 0 0 0 0 0 28.04432 -8.8817842e-16 0 0 0 
-8.8817842e-16 0 0 3.5527137e-15 0 -7.1054274e-15 0 0 -3.5527137e-15 0 0.13805508 0 0 -1.8873791e-15 0 0 0 129.30795 0 0 0 0 57.711169 0 0 42.815657 0 0 0 0 0 0 0 0 0 0 0 0 0 0 0 0 48.798325 0 0 0 0 
14.694967 -7.1054274e-15 0 -3.5527137e-15 0 0.0078264353 0 0 0 0.021823497 0 0 0.014059387 0 0.032316219 0 46.700643 0 0 0 0 0 46.58505 0 0 11.038714 0 0 0 0 0 0 0 0 0 0 28.150675 0 0 0 0 34.576549 0.0040988843 0 0 0 0 
0 97.930308 0 0 0 0 0.096202929 0 0 0 0.023969197 0 0 -3.5527137e-15 3.5527137e-15 0.0030984319 3.6621542 0 0 0 0 0 48.163345 0 0 0 0 0 0 0 0 0 0 0 0 0 31.836149 0 0 0 0 40.616725 0 0 0 0 0 
0 0.044136368 3.5527137e-15 -7.1054274e-15 0.12723443 18.540197 0 -3.5527137e-15 0 3.5527137e-15 0.012915382 0 0 7.1054274e-15 3.5527137e-15 0.029596458 47.162747 0 0 0 0 0 37.461957 0 0 0 0 0 0 0 0 0 0 0 0 0 10.595651 0 0 0 0 4.375212 0 0 0 0 0 
0 0.0043402159 3.5527137e-15 0.048758849 45.504163 0.13333391 0.034085992 118.23928 376.4631 98.473606 53.239867 29.501055 3.3178621 66.10693 77.773252 0 28.377713 0 0 0 0 0 39.42896 0 0 0 0 0 0 0 0 0 0 0 0 0 0 0 0 0 0 0 0 0 0 0 0 
0 0.017006671 0.014332878 0.02372041 0.067895126 -1.7763568e-14 0.11870251 411.00237 1064.2978 0 209.52267 30.697198 50.335656 3.0433179 0 93.019125 8.0888963 0 0 0 0 96.661231 11.510119 0 0 0 0 0 0 0 0 0 0 0 0 0 0 0 0 0 0 0 20.20299 0 0 0 0 
0 0.014040186 0.0422866 0.10039205 0.034191879 0 0 0.028284507 0 0.028362597 0.01268955 0.07008223 62.976197 0 0 0 0 0 0 3.469447e-17 0 57.038464 0 0 0 0 0 0 0 0 0 0 0 0 0 0 0 0 0 4.1638248 3.5115013 4.4408921e-16 0 0 0 0 0 
0 0 0.079527022 0.04816547 0 0.046555792 0.053407526 0.020658096 0.039919467 0.05059548 0.022591454 0.042572509 0.035405414 4.5349981 0 0 0 0 0 0 0.051206071 0 0 0 0 0 0 0 0 0 0 0 0 0 0 2.4668809 0 0 0 34.939966 0 -7.1054274e-15 0 0 0 0 0 
0 -3.5527137e-15 0.020585053 0.035696724 0 0.064789245 -3.5527137e-15 3.5527137e-15 0.011513232 0.033347874 0.014621895 7.842308 0 21.711536 0 0 0 0 0 0 0 0 0 0 0 2.2025299 0 0 0 0 0 0 0 0 0 38.140706 0 0 0 76.544794 0 0.0033017731 7.1054274e-15 0 0 0 0 
0 0.0031672836 0 3.5527137e-15 0.0099173098 0.00095942163 3.5527137e-15 0 0.060718882 20.282518 0 0 0 18.062521 154.80387 0 0 0 0 0 0 0 0 0 0.68841571 0 0.49109951 0 0 0 0 0 0 0 0 31.091233 -1.4432899e-15 0 0 0 62.223088 0 3.5527137e-15 0 0 0 0 
0 0 0 0.00018877464 0.0048164758 0.033163681 0 0.064043484 0 28.273118 93.140308 0 23.377009 -1.4210855e-14 0 32.104903 15.827637 0 0 0 0 0 0 0 0.034145598 0.0010123034 105.18756 0 0 0 0 0 0 0 0 0.60669404 26.843433 0 0.0042502464 0.0015518823 53.490609 22.574431 5.3290705e-15 0.014405835 -3.5527137e-15 8.8817842e-16 0 
0 0 0 0.0015837519 10.104887 0 0 0 0 -1.7763568e-15 136.66185 0 0 0 7.9936058e-15 33.991101 1.7030203 0 26.839569 0 62.172351 16.588217 18.299817 0 0.033321103 0.0072548687 70.94395 144.07621 0 0 0 0 0 0 0 0 0 3.1900871 0.039413866 0.42435211 8.2519233 41.252075 0.0051979605 0.02886466 0.0065737276 1.110223e-16 0 
0 0 0 0 0 5.2833187 0 0 3.5527137e-15 0.040123785 0.030466242 259.43717 175.66537 5.7731597e-15 -1.3322676e-15 76.73953 70.354534 7.9929109 40.783943 -7.1054274e-15 0 77.09394 62.627312 81.68081 0.0025580375 0.058245989 0.0042321609 0.029589327 178.51646 0 0 0 0 0 0 0 0 0 0 1.9070931 14.044119 0.028877812 0.022301773 0.028917996 0 0 0 
0 0 0 38.614706 0 0 0 0 0 -7.1054274e-15 0.08633365 0.046200421 0 -3.5527137e-15 7.1054274e-15 -7.1054274e-15 -7.1054274e-15 8.8817842e-16 3.5527137e-15 0 0 0.036559883 0.0099482895 8.8817842e-16 0 0.02307168 0.038104735 0.06414538 0.035361579 174.84077 90.649038 50.629036 0 0 0 0 0 0 0 123.23244 41.653795 0.045928109 0.052079579 0 0.017461073 0.011266892 0 
0 0 0 56.804964 0 0 0 0 0.030203357 0 0.03191444 0 -3.5527137e-15 -3.5527137e-15 3.5527137e-15 0 0 0 0 0 0 0.00061719772 1.7763568e-15 -3.5527137e-15 7.1054274e-15 3.5527137e-15 0.016492164 0 0.051447556 0.0085664528 0.039416416 51.763321 0 0 0 0 0 0 20.861264 0.083536852 0.018250516 96.431535 0.055940138 0.003173655 0.036295751 0.0093547542 0 
0 0 0 0 31.803488 16.538339 0 0.045663275 432.32175 206.07866 -1.7763568e-15 -8.8817842e-16 0 0 0 0 0 0 0 5.5924383 0 0 0 0 -3.5527137e-15 0 0 0.0046359765 0 0.004018142 0.0052437622 64.445896 0 0 0 0 0 3.6405107 0.0025093951 0.070768428 0.092888497 0.052546602 0.0602234 0.0052614467 0.0035926098 0 0 
0 0 0 0 0 0 0.012449412 0.047763734 0.1801097 -3.5527137e-15 0.024073565 -3.9968029e-15 0.71301677 0 0 0 0 0 -3.5527137e-15 40.862994 0 0 0 0 0 0 3.5527137e-15 0.0083713263 0 0.057518248 0.016377956 2.4520635 0 0 0 24.321145 72.331478 54.871756 116.98239 0.076165664 0.072032543 0.019285614 4.6727735 0.0012845921 0 0 0 
17.786162 5.510472 0 3.5527137e-15 0.0093944855 220.6789 0 3.5527137e-15 0.041089149 0.036034525 0 0 0 0 0 0 0 0 0 42.234022 0 0 0 0 0 0 -3.5527137e-15 50.992366 0 0 0 11.780997 92.604577 123.70125 104.49708 0.014166606 115.03986 12.115279 261.51833 0.27110388 0.046721745 63.687858 36.907149 0 0 0 0 
0 10.796521 52.679277 0 -3.5527137e-15 83.888142 -3.5527137e-15 0.05369447 0 0 0 0 0 0 0 0 0 0 30.586859 0 0 0 0 0 0 0 0 0 0 0 0 0 3.5527137e-15 -7.1054274e-15 0.017285725 0.022666803 -7.1054274e-15 0.019245154 0.011735224 221.51321 80.121774 12.456061 -3.5527137e-15 -3.5527137e-15 0 0 0 
0 0.0091206294 10.649446 0 0 0.039292381 0.040242577 -7.4940054e-16 6.1494752 0 0 0 0 0 0 0 0 0 -2.6645353e-15 17.27852 0 0 0 -3.5527137e-15 3.5527137e-15 0 0 0 0 0 0 0 0 0 0.020757984 0 0.012322674 0 0.047072542 0.0062568249 220.20347 86.67935 0 0 0 0 0 
0 0 0 -3.5527137e-15 0 0.0005806098 0 1.6396847 96.62292 0 0 0 0 0 0 0 0 0 -3.5527137e-15 62.124184 26.655392 0 0 0 3.5527137e-15 -7.1054274e-15 0 0 0 0 0 0 0 3.5527137e-15 3.5527137e-15 0 0 0 -3.5527137e-15 0.066809037 0.0090667901 125.57375 93.124563 3.5527137e-15 0.056753762 0.00080306645 0 
0 0 17.255233 0 0 0 0 0 0 0.72600386 0 0 0 0 16.869878 36.373992 0 0 3.5527137e-15 0 38.909764 0 0.031450072 0.035978747 0.17113127 50.13702 111.29331 0 0 0 0 0 0 0 0 0.024420714 0 3.5527137e-15 0.023953774 0 3.5527137e-15 75.976301 0 142.50263 -3.5527137e-15 0 0 
0 0 0 0 0 0 0 0 0 0 0 0 0 0 -3.5527137e-15 3.5527137e-15 69.820016 0 0 0 0.014975722 0.046735027 0.13526787 1.0658141e-14 557.06762 59.449528 0.42776373 0 0 0 0 0 0 0 0 0 0 0.0029273791 0 0.0300067 0 57.889504 0 0 124.17225 3.5527137e-15 0 
0 0 0 0 0 0 0 0 0 0 0 0.24177208 0 0 7.1054274e-15 8.8817842e-16 2.600331 0 0 0 -3.5527137e-15 0 3.5527137e-15 0.045705353 133.20295 0 0 0 0 0 3.5527137e-15 0 0 0 0 0 0 0 0 0 0 51.038114 0 0 0 11.520394 0 
0 0 0 0 0 0 0 0 0 0 0 0.37762703 0 0 -4.4408921e-16 2.7189513 0 0 0 0 0 -3.5527137e-15 -3.5527137e-15 0 91.513068 0 0 0 0 7.1054274e-15 -7.1054274e-15 0 -3.5527137e-15 0 0 0 0 0 36.958232 0 0 47.202158 0 0 0 0 0 
0 0 0 0 0 0 0 0 0 0 0 56.363237 0 0 0 0 0 0 0 0 0 0 0 3.5527137e-15 97.274243 0 0 0 1.7763568e-15 0.0040181391 0 0 0 0 0 0 0 0 0 0 3.5527137e-15 52.95531 0 0 0 0 0 
0 0 0 0 0 0.63712471 0 0 0 0 0 0.015042154 0 0.84126938 0 0 0 0 0 0 0 0 0 7.1054274e-15 0 61.058025 0 29.212467 111.2815 97.159676 150.39462 3.5527137e-15 -3.5527137e-15 0 0 0 0 0 0 0 0 0 0 0 0 0 0 
0 0 0 0 -3.5527137e-15 0.024833234 -2.9143354e-16 3.5527137e-15 0.025274743 0.052772901 0.010040565 0.019399048 3.5527137e-15 0 0 0 0 0 0 0 0 0.021066891 0 -3.5527137e-15 47.084 23.740274 0 0 0 0 0 155.25617 0 0.0058882697 30.779267 0 0 0 0 0 -1.7763568e-15 0 0 0 0 0 0 
0 0 0 0 0 0 85.258136 0.022834755 0 0.0094418911 0.028580518 0.018718006 0 0 2.0860569 0 0 0 0 0 0 -3.5527137e-15 0.036970379 -1.7763568e-15 0.025853312 0.035297398 0.033599663 43.638387 0 0 0 0 68.274952 17.055157 0 0 15.586515 23.717872 0 0 98.326964 80.535845 0 0 0 0 0 
0 0 0 0 0 0 46.390665 0 0 0 0.033336385 7.1054274e-15 0.1021719 0.042152951 0 0 0 0 0 0 3.5527137e-15 0 0.016846727 0.030101908 0 0 0 3.5527137e-15 12.051467 0 0 0 0 0 0 0 0 14.622714 0 0 90.324659 0 0 0 0 0 0 
0 0 0 0 0 0 47.739847 0 0 0 0 0.030249844 0.059131587 0.053884696 0 0 0 0 0 -7.1054274e-15 0 -3.5527137e-15 0 0.016576455 0.022767921 0 0 0.0073976819 51.468645 8.8429772 0 0 0 0 0 0 0 0 0.030581941 -7.1054274e-15 84.089793 0 0 0 0 0 0 
0 0 0 0 0 0 27.021163 0 0 0 0 0.0099892983 0 0.11227074 0.068102739 0 25.359348 3.5527137e-15 0 -3.5527137e-15 0 -3.5527137e-15 0.002309946 0.035359881 0.028209187 0.031175643 141.6631 81.861572 0 0 0 0 0 0 0 0 0 0 0 13.238876 0 0 0 0 0 0 0 
