NCOLS 86
NROWS 42
XLLCORNER 276236.32
YLLCORNER 3833388.9
CELLSIZE 10
NODATA_VALUE -9999
0 0 0 0 0 0 0 0 0 0 0 0 0 0 0 0 0 0 0 0 0 0 6.72328 0 0 0 0 0 0 0 0 0 0 0 0 0 0 0 0 0 0 0 0 0 0 0 0 0 0 0 0 0 0 0 0 0 0 0 0 0 0 0 0 0 0 0 0 0 0 0 0 0 0 0 0 0 0 0 0 0 0 0 0 0 0 0 
0 0 0.034269311 7.3149905 0 0 0 0 0 0 0 0 0 0 0 0 0 0 0 0 0 0 31.643721 0 0 0 0 0 0 0 0 0 0 0 0 0 0 0 0 0 0 0 0 0 3.5527137e-15 0 0 0 0 3.5527137e-15 0 0 0 0 0 0 0 0 0 0 0 0 0 0 0 0 0 0 0 0 0 0 0 0 0 0 0 0 0 0 0 0 0 0 0 0 
0 0 16.661277 69.386659 0 0 0 0 0 0 0 0 0 0 0 0 0 0 0 0 0 0 0 0 4.5299814 0 0 0 0 0 0 0 0 0 0 0 0 0 0 0 0 -3.5527137e-15 0 0 0 0.015157395 0.017184166 3.5527137e-15 0 0 57.84833 14.200836 0 0 0 0 0 0 0 0 0 0 0 0 0 0 0 0 0 0 29.823728 0 0 0 0 0 0 0 0 0 0 0 0 0 0 0 
0 0 71.290078 0 0 0 0 0 0 0 0 0 0 0 0 0 0 0 0 0 0 0 0 0 0 48.985826 0 0 0 0 0 0 0 0 0 0 0 0 0 0 70.771304 25.66411 0 0 -3.5527137e-15 0.013159566 0.049902274 0 237.63287 58.534921 0 0 0 0 0 0 0 0 0 0 0 0 0 0 0 0 0 0 0 0 53.560776 0 0 0 0 0 0 0 0 0 0 0 0 0 0 0 
0 0 94.890594 55.851027 0 0 56.771437 0 0 0 0 0 0 0 0 0 0 0 0 0 0 0 0 0 0 45.937728 0 0 0 0 0 0 0 0 0 0 0 0 0 12.410136 0 0 0 0 0.067236587 0.034127743 0.028217669 197.04449 0 0 0 0 0 0 0 0 0 0 0 0 0 0 0 0 0 0 0 0 0 0 51.920051 0 0 0 0 0 0 0 0 0 0 0 0 0 0.97267261 0 
0 0 0.047331461 100.576 90.139479 30.106197 0.038492747 17.118344 0 0 0 0 0 0 0 0 0 0 0 0 0 0 0 0 0 18.976515 0 0 0 0 0 0 0 0 0 0 0 0 0 0 0 0 0 56.397359 0 48.813675 65.055825 0 0 0 0 0 0 0 0 0 0 0 0 0 0 0 0 0 0 0 0 0 0 0 0 0 0 0 0 0 0 0 0 0 0 0 0 38.090079 0 0 
0.028752973 0.014619292 0.03002686 0.060903605 28.113846 44.151785 14.984402 109.25803 0 0 0 0 0 0 0 0 0 0 0 0 0 0 0 0 0 0.16547066 0 0 0 0 0 0 0 0 0 0 0 0 0 0 0 0 0 0 51.18971 0 0 0 0 0 0 0 0 0 0 0 0 0 0 0 0 0 0 0 0 0 0 0 0 0 0 0 0 0 0 0 0 0 0 0 0 0 0 21.201413 0 0 
0 3.5527137e-15 0.037327805 0.011539848 0.0069715971 -1.4210855e-14 -3.5527137e-15 114.02567 0 0 0 0 0 0 0 0 0 0 0 0 0 0 0 0 0 0 28.451285 0 0 0 0 0 0 0 0 0 0 0 0 0 0 0 0 0 0 0 0 0 0 0 0 0 0 0 0 0 0 0 0 0 0 0 0 0 0 0 0 0 0 0 0 0 0 0 0 0 0 0 0 0 0 0 0 21.895176 0 0 
0 -3.5527137e-15 0.032206476 3.5527137e-15 0 0.010916736 0.02066286 121.73851 0 0 0 0 0 0 0 0 0 0 0 0 0 0 0 0 0 0 28.011936 0 0 0 0 0 0 0 0 0 0 0 0 0 0 0 0 0 0 0 0 0 0 0 0 0 0 0 0 0 0 0 0 0 0 0 0 0 0 0 0 0 0 0 0 0 0 0 0 0 0 0 0 0 0 0 0 51.804745 0 0 
0 0 0 3.5527137e-15 0.010431799 0 -3.5527137e-15 129.88779 9.0559815 0 0 0 17.537088 14.151688 0 0 0 0 0 0 0 0 0 0 0 0.02794036 43.029408 0 0 0 0 0 0 0 0 0 0 0 0 0 0 0 35.835972 0 0 0 0 0 0 0 0 0 0 0 0 0 0 0 0 0 0 0 0 0 0 0 0 0 0 0 0 0 0 0 0 0 0 0 0 0 0 0 0 36.894535 0 0 
0 0 3.5527137e-15 0.025391986 0 0.028375743 7.1054274e-15 0.042774599 182.64757 81.768987 0 0.14315034 97.600838 0 0 0 0 3.6105133 0 0 0 0 0 0 0 36.322174 57.424343 0 0 0 0 0 0 0 0 0 0 0 0 0 0 0 0 8.0487232 0.88888975 0 0 0 0 0.025197723 0.52948824 0 0 0 0 0 0 0 0 0 0 0 0 0 0 0 0 0 0 0 0 0 0 0 0 0 0 0 0 0 0 0 16.12299 -3.5527137e-15 0 0 
0 0 3.5527137e-15 0 0.020404787 0 0.045956895 3.5527137e-15 8.8817842e-16 48.156482 0.033944139 0.06836993 156.02548 0 0 0 0 40.346765 0.058313538 0 0 0 0 0 73.001746 52.673422 0 0 0 0 0 0 0 0 0 0 0 25.916513 0 0 -7.1054274e-15 -3.5527137e-15 0 50.514429 0 -3.5527137e-15 0 3.5527137e-15 3.5527137e-15 0 0 0.18349077 0 0 0 0 0 19.633541 0 0 0 0 0 0 0 0 0 0 0 29.342763 0 0 0 0 0 0 0 0 0 0 0 0 0 48.98495 0 0 
0 0 0 3.5527137e-15 -3.5527137e-15 0 0 0 0.016589193 0.054111004 0.11484487 -2.1316282e-14 109.11662 0 0 0 0.011538473 0.14851132 13.434454 0 0 13.005918 0 45.493274 56.67297 0 0 0 0 0 0 0 0 0 0 0 0 0 39.732629 39.991943 28.398856 42.015943 88.455401 40.857032 0.034136192 0 0.032697763 0 0.021834465 0.073553833 540.94189 0.12064939 0.051609777 42.225961 0 0 0 0 0 7.8596492 0 0 0 0 0 0 0 0 0 31.165016 0 0 0 0 0 0 0 0 0 0 0 0 0 49.71948 13.727918 0 
0 0 0 0 0 7.1054274e-15 -7.1054274e-15 -3.5527137e-15 0 -1.4210855e-14 -3.5527137e-15 0.049311356 156.57043 0 0 0 0.0027762872 15.725648 0 0 0 0 0.037775927 0 4.7365367 0 0 0 0 0 0 0 0 12.781799 9.9033034 0 0 0 0 0 0 0 0 0 0 -3.5527137e-15 -1.0658141e-14 3.5527137e-15 7.1054274e-15 0.13609343 0.14265769 0.0016172041 0.39659452 0.14808604 0 0 -3.5527137e-15 0.01031677 0 0 0 -3.5527137e-15 0 3.5527137e-15 0 -3.5527137e-15 0 0 8.8817842e-16 0 0 30.724193 0 0 0 0 0 0 0 0 0 0 0 0 0 0 
0 0 0 0 0 0 -3.5527137e-15 0 7.1054274e-15 -3.5527137e-15 0 3.5527137e-15 207.25315 255.13775 71.06983 0.14780026 0.21660432 197.29 38.896499 0 7.6638544 0.055462583 3.5527137e-15 87.531718 0 0 0 1.8803508 0 0 0 0 10.992059 0 45.297485 0 0 0 0 0 0 0 0 0 0 0 0 0 3.5527137e-15 3.5527137e-15 0.012124411 -3.5527137e-15 216.86486 0.29553383 0.19789181 1.0897672 0.37632367 537.75166 1.5149504 0.83107013 1.0740572 1.454423 1.2131063 44.292476 0.66038094 0.019272746 0.029470465 0 0 67.18148 0 0 0 -3.5527137e-15 0 0.4652999 0 0 0 0 0 0 0 0 0 0 
0 0 0 0 0.0071119977 0 3.5527137e-15 0 0 3.5527137e-15 -7.1054274e-15 0 7.1054274e-15 6.2172489e-15 0.09996684 0 7.1054274e-15 0.06489238 186.35247 96.924956 0.032592699 7.1054274e-15 3.5527137e-15 101.10225 0 0 0 12.943747 0 0 0 0 0 0 0 0 23.23335 38.308849 5.2818689 0 0 0 0 0 0 0 0 0 0 0 0 0 105.88726 1.0658141e-14 0.34092127 0.32601367 0.70356055 15.803287 0.57478659 1.4266539 2.2558414 1.2468044 0.76130182 87.641811 2045.7776 417.9081 128.21831 45.14224 164.63598 0 100.21485 0 3.5527137e-15 -3.5527137e-15 4.90907 21.746024 25.84902 0 0 0 0 0.18150561 0 0 0 0 
0 0 0 0 0 0 1.7149966 0 0 0 0 7.1054274e-15 2.6645353e-15 0.0020536131 0 0 3.5527137e-15 0.082474365 0.0079891578 0.04522589 0.0061910633 0.022289856 -3.5527137e-15 143.50136 0 0 13.104463 0.035339461 31.77709 0 0 0 0 0 0 0 -2.6645353e-15 0 0 0 0 0 0 0 0 0 0 0 0 0 0 0.021346202 7.1054274e-15 0 0 0 -1.0658141e-14 3.5527137e-15 3.5527137e-15 0 0.016196492 0.018598703 0.02889386 7.1054274e-15 -3.5527137e-15 0.027113026 0.044180386 0.10729895 0.037112873 -1.0658141e-14 0.041890664 0 0.043165985 406.99062 0 0 0 0 0 0 0 5.9604655 0 0 0 0 
0 0 0 0 0 0 0 0 0 -3.5527137e-15 0 4.4408921e-16 0.035368371 0 -3.5527137e-15 0.025774236 0.023031288 0.042095481 0 0.038456088 0 0.06650312 0.0054243027 248.86487 113.40344 0 0.024715327 -2.6090241e-15 50.774045 0 60.477113 77.221081 0 0 0 0 0 0 0 0 0 0 0 0 0 0 0 0 0 0 3.5527137e-15 0.0072030095 0 -3.5527137e-15 0 0 3.5527137e-15 -3.5527137e-15 0.012561387 3.5527137e-15 0.01718473 0.042182543 7.1054274e-15 0 -3.5527137e-15 0.052610521 3.5527137e-15 0.021230657 0.047690824 0.024290728 0.017028577 0.052528928 -7.1054274e-15 121.35202 0 0 0 0 0 0 0 30.810463 58.224947 0 0 0 
0 0 0 0 0 0 3.4650557 0 0 0 0 0 0 0 0 0 0.0047330117 -3.5527137e-15 0.024070467 0.036220235 0 0.038308165 0.058997132 0.1403772 70.416273 191.95853 1.110223e-16 24.031975 2.155037 29.553254 0.070482016 -8.8817842e-16 79.18506 0 0 0 0 0 0 0 0 0 0 0 0 0 0 0 0 0 0 0.0045656461 0 0 0 0 7.1054274e-15 3.5527137e-15 -3.5527137e-15 0 0.038408924 -3.5527137e-15 0 7.1054274e-15 0.046595446 0.063217509 0 0 0 0 0.060907554 0.027368472 7.1054274e-15 54.712595 0 0 0 0 0 0 0 0 18.939541 0 0 0 
0 0 0 0 0 0 0 0 0 0 1.7763568e-15 16.138452 0 0 0 0 0 0 3.5527137e-15 0.016391719 0 0.0072757481 0.052223305 0.029205764 0 0.033641769 0.074602282 132.93398 17.071587 1.7763568e-15 0.034255169 3.5527137e-15 0 0 26.784096 0 0 0 0 0 0 0 0 0 0 0 0 0 0 0 0 -1.7763568e-15 13.921575 0 0 0 0 0 0 -3.5527137e-15 0.0022328451 0 -3.5527137e-15 4.1633363e-16 0.063349739 0 0 0.021031751 0.012462073 -3.5527137e-15 0.028655551 0 3.5527137e-15 326.74642 0 0 0 0 0 0 0 0 0 0 0 0 
0 0 0 0 0 0 0 0 0 0 -2.6645353e-15 0 0 0 15.824109 0 0 3.5527137e-15 0.0025962562 0.0029852407 0.0030683071 0.0093171397 0.050432441 0 -3.5527137e-15 3.5527137e-15 -3.5527137e-15 0.01651277 0 0 0 0 0 8.9101272 0 0 0 0 0 0 0 0 0 0 0 0 0 0 0 0 0 0 0 0 0 0 0 0 0 0 0 0 0.024566798 -6.9388939e-17 0 0.082695456 0.089701309 0.080555023 0.042001916 3.5527137e-15 3.5527137e-15 0 -7.1054274e-15 120.60042 385.43988 25.555816 30.427918 54.008688 0 0 0 0 0 0 0 0 
0 0 0 0 0 0 0 0 0 0 0 0 0 0 7.5035565 1.2136898 0 0 0 0 0 0 0 0.027945475 0 0.039170947 0.0071383716 0 0 13.293222 18.451257 0 18.500336 0 0 0 0 0 0 0 0 0 0 0 0 0 0 0 0 0 0 0 0 0 0 0 0 0 0 0 0 0 0 21.68887 0 0 0 0 -7.7715612e-16 -8.8817842e-16 0 0 -7.1054274e-15 0.0022584878 0.067240872 4.4408921e-16 0.010678532 0 119.20283 0 0 0 0 0 0 0 
0 3.5527137e-15 0 0 0 0 0 0 0 0 0 0 0 0 0 0 0 0 0 0 0 0 -3.5527137e-15 0 0.024457343 0.015368318 0.019636495 0.016780522 2.6568793 0 0 0 0 0 0 0 0 0 0 0 0 0 0 0 0 0 0 0 0 0 0 0 0 0 0 0 0 0 0 0 0 0 0 0 0 0 0 0.6928308 2.220446e-15 0.0023092184 0.00031174437 1.0658141e-14 0.071055064 0.12629717 -1.7763568e-15 0.02782271 0.038339045 0 122.96144 36.269227 39.786827 58.843246 0 0 0 0 
21.821585 8.8817842e-16 0 0 0 0 0 0 0 0 0 0 0 0 0 0 0 0 0 0 0 0 0 0 0 0.032630526 0.033284404 3.9579733 0 0 0 0 0 0 0 0 0 0 0 0 0 0 0 0 0 0 0 0 0 0 0 0 0 0 0 0 0 0 0 0 0 0 0 0 0 0 -3.5527137e-15 53.321684 2.7755576e-17 -8.8817842e-16 0.013838711 0.03873203 0.085268822 0 0 3.5527137e-15 3.5527137e-15 0.031619652 0 49.830898 0.051504597 22.011816 6.3628358 0 0 0 
0 2.8402769 0 0 0 0 0 0 -8.8817842e-16 0 0.010836496 0 0 0 0 0 0 0 0 0 0 0 0 0 0 0 0 0 0 0 0 0 0 0 0 0 0 0 0 0 0 0 0 0 0 0 0 0 0 0 0 0 0 0 0 0 0 0 0 0 0 0 0 0 0 24.509615 5.876254 39.974877 0.011226734 0.040559471 7.1054274e-15 3.5527137e-15 0 0 0 0.030561232 0.0017135051 0 0 7.1054274e-15 39.709391 0.087560632 0 0 0 0 
0 0 0 0 0 0 0 0 -1.110223e-16 2.220446e-16 71.557809 0 0 0 0 0 0 0 0 0 0 0 0 0 0 0 0 0 0 0 0 0 0 0 0 0.091901192 0 0 0 0 0 0 0 0 0 0 0 0 0 0 0 0 0 0 0 0 0 0 0 0 0 0 0 0 0 -1.7763568e-15 41.775206 4.5306983 0 1.7763568e-15 0.020166898 0.03453431 0 0 0.038138362 0.029557564 0 0 115.90954 0 0 30.864869 104.40752 0 0 0 
0 0 0 0 0 0 0 0 0 0.64218898 5.998545 0 0 0 0 0 0 0 0 0 0 0 0 0 0 0 0 0 0 0 0 0 0 0 0 0 0.95481659 0 0 0 0 0 0 0 0 0 0 0 0 0 0 0 0 0 0 0 0 0 0 0 0 0 0 0 -1.7763568e-15 -3.5527137e-15 0 0 -3.5527137e-15 0.037622678 0 0 0 0 0 3.5527137e-15 0.0085058608 -3.5527137e-15 0 146.55566 20.998486 85.286461 0.090421134 215.45838 0 0 
4.2382558 0 0 0 0 0 0 0 0 0 0.76879843 0 0 0 0 0 0 0 0 0 0 0 0 0 0 0 0 0 0 0 0 0 41.404983 0 0 0 -1.110223e-16 13.820701 0 0 0 0 0 0 0 0 0 0 0 0 0 0 0 0 0 0 0 0 0 0 0 0 0 0 0 -3.5527137e-15 0 0 0 0.0045358407 0 0 0 3.6516657 0 0.03972082 0 -3.5527137e-15 0 3.5527137e-15 0.010441558 0.11732523 0.090853383 190.16794 0 0 
15.60521 51.921868 24.186849 0 0 0 1.5383601 0 0 0 0 0 0 0 0 0 0 0 0 0 0 0 0 0 0 0 0 0 0 0 0 7.1054274e-15 0 5.5511151e-17 0 1.3877788e-17 0 0.045302872 98.269291 68.061379 0 0 0 0 0 0 0 0 0 0 0 0 0 0 0 0 0 0 0 0 0 0 0 0 0 0 0 0 0 0 0 0 0 0 0 7.1054274e-15 3.5527137e-15 0 0.055646958 -3.5527137e-15 0.057381686 0.035354219 0.041427765 112.37519 0 0 
0 0 0 0 21.288669 0 0 0 0 0 0 0 0 0 0 0 0 0 0 0 0 0 0 0 0.0025301226 0 0 0 0 0 0 27.41525 0 0 0 0 8.8817842e-16 0.010754898 0.027979586 1.7763568e-15 105.80595 0 0.0060923809 15.363215 0 0 0 0 0 0 0 0 0 0 0 0 0 0 0 0 0 0 0 0 0 0 0 0 0 0 0 0 0 0 0 0 0 0 0 0 3.5527137e-15 0.085139241 0.077700699 55.268996 0 0 
0 0 0 14.439346 0 0 0 -2.220446e-16 0 63.253968 0 0 0 0 0 0 0 0 0 0 0 0 0 0 0.023503334 0 0 0 0 0 0 0 0 0 0 0 0 0 0 3.5527137e-15 1.7763568e-15 0.031393637 -3.5527137e-15 101.56302 0 0 0 0 0 0 0 0 0 0 0 0 0 0 0 0 0 0 0 0 0 0 0 0 0 0 0 0 0 0 0 7.1054274e-15 3.5527137e-15 3.5527137e-15 3.5527137e-15 0 0.033902747 0.036281893 0.015456758 24.416522 0 0 
0 0 0 0 0 0 0 4.7308653 0 56.348149 0 0 0 0 3.5527137e-15 17.156345 0 0 0 0 0 19.97646 0 0 -7.1054274e-15 -3.5527137e-15 0 0 0 0.008079145 0 0 0 0 0 0 0 0 0.0035336963 -3.5527137e-15 0.0063028216 0 -3.5527137e-15 103.83912 0 0 0 0 0 0 0 0 0 0 0 0 0 0 0 0 77.247611 38.853108 0.024148836 3.5527137e-15 0 0 0 0 0 0 0 0 0 0 0 0 0 0 0 0.048072125 0.028950242 0.034672209 0.046173804 67.723349 0 0 
0 0 0 0 0 0 0 0 0 0 0 0 0 0 0 40.926318 0 0 0 0 0 47.960844 0 1.7763568e-15 7.1054274e-15 0.019348168 0 21.68831 0 0 0 0 0 0 0 0 0 0 0 1.7763568e-15 0 -3.5527137e-15 0 101.16939 0 0 0 0 0 0 0 0 0 0 0 0 0 0 0 59.478106 0 0 0.026312443 0 0.03050011 -3.5527137e-15 0 0 0 0 0 0 0 0 0 0 0.13871502 0 0 -2.6229019e-15 0 0 0 109.38475 0 0 
0 0 0 0 0 0 0 0 0 0 0 0 33.189988 0 3.5527137e-15 0.20994515 22.31723 0 0 0 0 5.9106043 6.3169781 106.92338 0 37.189901 3.2318839 0.0020170811 0 0 0 0 0 0 0 0 0 0 0 0 -3.5527137e-15 0 0 83.93653 34.498731 0 0 0 0 0 0 0 0 0 0 0 0 0 33.781219 40.940811 0 0.026134631 0.099783581 14.772556 0.073218514 -3.5527137e-15 0 0 0 0 0 0.0096743716 0 -3.5527137e-15 0 0.022919568 0 0 0.014385124 0 0.033021488 0 46.160228 0 0 0 
0 0 0 0 0 0 0 0 0 6.9197881 0 0 0 0 9.5281957 43.725568 45.529619 0 0 0 53.983493 2.3597464 2.6023302 31.157189 14.587714 0.014816122 -8.8817842e-16 0 0 0 0 0 0 0 0 0 0 0 0 0 3.5527137e-15 0 0.032917281 -3.5527137e-15 188.15128 34.822737 0 0 0 0 23.429573 0 0 0 0 0 0 7.9416273 56.609461 25.069309 0 0.11642741 0.097235845 284.89628 294.35358 144.99256 89.881332 129.17861 0.037968359 7.1054274e-15 3.5527137e-15 0 0.097311762 0 0 3.5527137e-15 0.024309222 0 0 0 0 0.003111054 2.8595087 0 0 0 
0 0 0 0 0 0 0 0 -3.5527137e-15 23.682208 1.9507067 0 0 0 0 0 0 0 0 0 20.121931 0 0 0 0 36.734329 10.008745 24.983001 0 0.019692713 0 0 0 0 0 0 0 0 0 0 0 0 0 0 -1.7763568e-15 6.2672795 0 0 45.087251 0 0 0 0 0 0 0 0 0.020470275 0.0021335771 0.029409322 0.093412731 0.096373958 0 0.017686228 0.029444087 2.7755576e-17 0.061053407 0.0344796 0.051081409 0.037154768 0.16719001 15.998132 0 0 0 -3.5527137e-15 0.013564048 -3.5527137e-15 3.5527137e-15 3.1086245e-15 0 0.030282168 54.955316 0 0 0 
0 0 0 0 0 0 0 7.1054274e-15 3.5527137e-15 0.019920324 0 3.5527137e-15 0 0 0 0 0 0 0 0 0.45203698 0 0 0 0 0 59.069344 27.706967 0.033813152 7.1054274e-15 0 0 0 0 0 0 0 0 0 0 0 0 -3.5527137e-15 3.5527137e-15 31.910227 0 0 0.0029357214 152.30393 0 0 0 0 0 0 0 0 0 0.0015441423 0.036425072 25.381149 31.634046 0 0 1.7832957e-15 0 7.1054274e-15 3.5527137e-15 0 0.19779769 46.142928 0.09751248 0.10049872 101.46722 304.17585 99.146581 53.568297 29.629375 3.3355714 35.343932 71.9117 0 27.657389 0 0 0 
3.5527137e-15 0 0 0 0 0 0 0 0 7.1054274e-15 -7.1054274e-15 -3.5527137e-15 0 0 0 0 0 0 0 0 39.291891 0 0 0 0 0 0.23887873 141.24212 15.213504 0.049910476 0 0 0 0 0 0 0 0 0 0 0 0 0 5.3290705e-15 51.840754 0 0 0.11645008 116.65292 53.567038 0 0 3.0599625 0 0 0 0 0.0042787937 0 0.0092834453 0.066923563 433.50564 0.010678906 -4.4408921e-16 0 0.031981014 -3.5527137e-15 0.014350191 0.027898561 0 0.072325399 7.1054274e-15 0.093448054 406.43971 1160.3378 0 139.83269 30.901325 36.601815 3.0548208 0 66.543237 8.1538684 0 0 0 
7.1054274e-15 0 0 0 0 0 0 0 0 78.935876 0 0 0 0 0 0 0 0 0 47.199194 0 0 0 0 0 0 0 16.918068 71.636149 0.005193658 0.037260866 -3.5527137e-15 0 0 0 0 0 0 0 0 0 0 0 0 0.036423628 38.273208 0 0.0099710707 0 1.7763568e-15 0 0 0 5.3679666 0 0 0 0.018528953 0 0 1.0658141e-14 0.028337711 -3.5527137e-15 1.7763568e-15 0 3.5527137e-15 0 0.0067868492 0.059389858 0.11673137 -3.5527137e-15 1.0658141e-14 3.5527137e-15 0.028508255 3.5527137e-15 7.1054274e-15 0 0.090018705 45.020345 0 0 0 0 0 0 0 
0 0 0 0 0 0 0 0 19.977136 216.72727 351.46157 5.8286709e-16 12.215461 0 0 0 0 0 0 28.124953 0 0 0 0 0 0 19.605005 0 0.045703875 0.037037823 16.473726 18.929926 0 0 0 0 0 0 0 0 0 3.5527137e-15 0 0 0.055826419 381.27429 0.040129276 0.0060508081 -7.1054274e-15 -3.5527137e-15 0 0 0 0 15.013543 0 0 0 -3.5527137e-15 0 1.4210855e-14 0.020372249 0 0 0 0 0 0 0 3.5527137e-15 0 7.1054274e-15 0 0 0.039047922 0.050877211 -3.5527137e-15 0.042909283 0.024285673 0.84080751 0 0 0 0 0 0 
0 0 0 0 0 0 0 0 47.382122 0 0 0.83818775 0 0 0 0 0 0 0 40.638693 0 0 0 -8.8817842e-16 18.214159 0 83.901375 22.395541 0.094855358 0 0 33.124496 0 0 0 0 0 0 0 0 0 -3.5527137e-15 0 7.1054274e-15 0 0.006275359 0 0 0 0 0 0 0 0 10.069225 0 0 0 0 8.8817842e-16 8.8817842e-16 3.5527137e-15 0 0 0 0 0 0 0 0 0 3.5527137e-15 3.5527137e-15 0 0.011577341 1.110223e-15 0.014648724 0 0 0 0 0 0 0 0 0 
0 0 0 0 0 0 0 0 1.229559 0 0 0 0 0 0 0 0 0 0 47.972786 0 0 0 0 1.7763568e-15 0 9.4704303 0 44.516258 0 0 0 0 0 0 0 0 0 0 0 0 22.10536 0 0 0 0 0 0 0 0 0 0 0 0 0 0 0 0 0 16.492709 0 0 0 0 0 0 0 0 0 0 0 0 0 0 0 19.982134 0 0 0 0 0 0 0 0 0 0 
