NCOLS 89
NROWS 112
XLLCORNER 543650.24
YLLCORNER 4083886.8
CELLSIZE 10
NODATA_VALUE -9999
0 0 0 0 0 0 0 0 0 0 0 0 0 0 0 0 0 0 0 0 0 0 0 0 2.0823602 0 0 0 0 0 0 0 0 0 0 0 9.7016278 19.275694 7.1054274e-15 0 11.826193 0 0 0 0 0 0 0 0 0 0 0 0 0 0 0 0 0 0 0 0 0 0 0 0 0 0 0 23.341733 0 0 0 0 0 0 0 0 0 0 0 0 0 0 0 0 0 0 0 0 
0 0 0 0 0 0 0 0 0 0 0 0 0 0 0 0 0 0 0 0 0 0 0 0 38.143872 -3.5527137e-15 0 0 0 0 0 0 0 0 0 0 28.021172 0.01396762 0 0 0 0 0 0 0 0 0 0 0 0 0 0 0 0 0 0 0 0.03198689 0.014500576 0 0 0 0 0 0 0 0 0 0 28.006872 0 0 0 0 0 0 0 0 0 0 0 0 0 0 0 0 0 0 0 
0 0 0 0 0 0 0 0 0 0 0 0 0 0 0 0 0 0 0 0 0 0 0 0 57.349182 0 0 0 0 0 0 0 0 0 7.3168468 0 8.1116108 29.094615 0 0 0 0 0 0 0 0 0 0 0 0 0 0 0 0 0 71.670249 0 0.024579337 0.04173324 0.051357655 0.03244181 0.066250422 0.01618372 0 0 0 0.026443655 0 0 42.263428 0 0 0 0 0 0 0 0 0 0 0 0 0 0 0 0 0 0 0 
0 0 0 0 0 0 0 0 0 0 0 0 0 0 0 0 0 0 0 0 0 0 0 0 58.816049 0 0 0 0 0 0 0 0 72.371534 0 31.142123 0 15.999037 0 0 0 0 0 0 0 0 0 0 0 0 0 0 0 0 0 63.944791 0.012124192 40.118963 0 -7.1054274e-15 316.58788 100.49313 37.96109 0.014709079 0.0053446195 0 5.3254392e-05 0 0 0 0.060334432 17.173057 0 0 0 0 0 0 0 0 0 0 0 0 0 0 0 0 0 
0 0 0 0 0 0 0 0 0 0 0 0 0 0 0 0 0 0 0 0 0 0 0 0 69.118944 0.0084032172 0 0 0 0 0 0 0 83.723703 -3.5527137e-15 0 37.179055 0 0 0 0 0 0 0 0 0 0 0 0 0 0 0 0 0 -3.5527137e-15 59.769759 0 22.848723 0 0 105.00538 0 27.551034 14.236256 0.0038107884 26.840975 0.040722483 0.015390119 0 -1.7763568e-15 22.151821 0.00079981153 0.011637575 15.815128 0 0 0 0 0 0 0 0 0 0 0 0 0 0 0 
0 0 0 0 0 0 0 0 0 0 0 0 0 0 0 0 0 0 0 0 0 0 0 0 0 39.0315 0 0 0 0 0 0 0 76.195108 3.5527137e-15 0 0 0 0 0 0 0 0 0 0 0 0 0 0 0 0 0 0 0 0.025766135 57.657308 0 29.307933 0 0 57.359189 0 0 0 12.477366 22.334118 0.02157116 7.1054274e-15 0.024520968 0.0014159359 1.7763568e-15 25.258075 0.046070989 0.010662673 12.298754 0 0 0 0 0 0 0 0 0 0 0 0 0 0 
0 0 0 0 0 0 0 0 0 0 0 0 0 0 0 0 0 0 0 0 0 0 0 0 0 0 0 0 0 0 0 0 0 59.153638 0 -3.5527137e-15 0 0 0 12.338237 0 0 0 0 0 0 0 0 0 0 0 0 0 0 0.0086411855 54.925344 0 0 0 0 59.652827 0 0 0 0 92.333353 15.330076 0 0.011531154 0.015631165 0.021122604 40.642995 0.02508099 0.071944152 30.712871 38.471651 3.3286715 0 0 0 0 0 0 0 0 0 0 0 0 
0 0 0 0 0 0 0 0 0 0 0 0 0 0 0 0 0 0 0 0 0 0 0 0 0 0 0 0 0 0 0 0 0 44.072905 3.5527137e-15 0 0 0 62.52484 0 14.13585 0 0 0 0 0 35.406309 0 0 0 0 0 0 0 0.019591017 52.967734 0 4.2127132 0 0.023020013 54.216717 0 0 0 0.034878769 83.356563 0 0 0 162.83461 270.73278 7.3058577 0.025460681 0.13373844 0.14751336 1.4870452 10.421599 0 0 0 0 0 0 0 0 0 0 0 0 
0 0 0 0 0 0 0 0 0 0 0 0 0 0 0 0 0 0 0 0 0 0 0 0 0 37.731692 0 0 0 0 0 0 0 39.559198 0.0045738592 0 1.3276954 0 58.281136 0 0 0 0 0 0 0 28.637161 0 0 0 0 0 0 0 0 52.562689 1.1725707 0 0 0 52.166333 0 0 0.058888985 0 96.851099 0 0 -3.5527137e-15 57.710985 0 0 0.0037479406 0.0060171879 194.66949 0 0 0 0 0 0 0 0 0 0 0 0 0 0 
0 0 0 0 0 0 0 0 0 0 0 0 0 0 0 0 0 0 0 0 0 0 0 0 39.139804 0.0057569769 0 0 0 0 0 0 0 80.863109 0 0 0 0 48.12856 0 0 0 0 0 0 0 35.825932 0 0 0 0 0 0 0 0 54.084342 0 0 0 0 56.068749 0 0 0 0.0069075728 68.962323 0 0 0 103.80454 0 0 0 0 13.358967 0 0 0 0 0 0 0 0 0 0 0 0 0 0 
0 0 0 0 0 0 0 0 0 0 0 0 0 0 0 0 0 0 0 0 0 0 0 0 36.813076 0 0 0 0 0 0 0 0 71.14978 -3.5527137e-15 0 0 0 43.527515 0 0 0 0 0 0 -3.5527137e-15 43.05055 0 0 0 0 0 0 0 0 54.133577 0 0 0 0 54.76314 0 0 0 0 70.951179 0 0 0 0 48.387067 0 0 0 38.485365 0 0 0 0 0 0 0 0 0 0 0 0 0 0 
0 0 0 0 0 0 0 0 0 0 0 0 0 0 0 0 0 0 0 0 0 0 0 0 59.158544 0 0 0 0 0 0 0 0 0 65.133583 3.5527137e-15 0 0 45.873921 0 0 0 0 0 0 0.039812678 49.128037 0 0 0 0 30.001697 0 0 0 51.060545 0 0 0 3.5527137e-15 53.635656 0 0 0 0 67.924885 0 0 0 0 50.456607 0 0 0 56.857872 0 0 0 0 0 0 0 0 0 0 0 0 0 0 
0 0 0 0 0 0 0 0 0 0 0 0 0 0 0 0 0 0 0 0 0 0 0 0 58.146405 0 0 0 0 0 0 0 0 0 49.941951 -3.5527137e-15 0 0 47.207885 0 0 0 0 0 0 0 55.483139 0 0 0 -3.5527137e-15 54.331326 0 0 0 51.305585 0 0 0 -3.5527137e-15 52.873026 0 0 0 0 59.410705 0 0 0 0 0 0 0 0 34.552015 0 0 0 0 0 0 0 0 0 0 0 0 0 0 
0 0 0 0 0 0 0 0 0 0 0 0 0 0 0 0 0 0 0 0 0 0 0 0 56.733334 0 0 0 0 0 0 0 0 0 53.109735 0 0 0 53.437873 0 0 0 0 0 0 -3.5527137e-15 56.403744 0 0 0 3.5527137e-15 55.045695 0 0 0 19.418412 32.799786 0 0 0 52.2649 0 0 0 0 57.291902 0 0 0 0 0 0 0 0 0 0 0 0 0 0 0 0 0 0 0 0 7.5130519 0 0 
0 0 0 0 0 0 0 0 0 0 0 0 0 0 0 0 0 0 0 0 0 0 0 0 57.649941 0 0 0 0 0 0 0 0 0 64.772475 0.0092274959 0 4.7980729 63.197069 0 0 0 0 0 0.034684599 0 54.0203 0 0 0 0 52.581945 0 0 0 0.022245726 32.685584 53.708893 0 3.5527137e-15 51.226776 0 0 0 0 54.448804 0 0 0 0 0 0 0 0 32.544307 0 0 0 0 0 0 0 0 0 0 25.528584 0 0 0 
0 0 0 0 0 0 0 0 0 0 0 0 0 0 0 0 0 0 0 0 0 0 0 0 67.769715 0 0 0 0 0 0 0 0 2.527567 69.274861 0.010276096 0 18.272447 72.502324 3.5527137e-15 0 0 0 0 0 0 48.170502 0 0 0 -7.1054274e-15 50.101364 0 0 -3.5527137e-15 -3.5527137e-15 2.6645353e-15 58.8405 0 0 49.39736 0 0 0 0 53.060284 0 0 0 0 0 0 0 0 54.453064 0 0 0 0 0 0 0 0 0 0 0 27.031422 0 0 
0 0 0 0 0 0 0 0 0 0 0 0 0 0 0 0 0 0 0 0 0 0 0 0 48.611888 0.024707352 0 0 0 4.8732385 0 0 0 26.023979 132.42103 0.014610351 3.5527137e-15 115.35426 -7.1054274e-15 0 3.5527137e-15 0 0 0 0 0 50.772847 0 0 0 3.5527137e-15 0 0 0 0 0.038698587 0.060288955 0.033879406 0.055634941 3.5527137e-15 58.324172 0 0 0 0 53.59643 0 0 0 0 0 0 0 0 54.577235 0 0 0 0 0 0 0 0 0 0 0 62.810604 0.025579817 0 
0 0 0 0 0 0 0 0 0 0 0 0 0 0 0 0 0 0 0 0 0 0 0 0 1.0110807 0 0 0 0 73.138495 0 0 127.14456 75.136861 0.017309809 -3.5527137e-15 -3.5527137e-15 -2.220446e-15 -7.1054274e-15 0 0 0 0 0 0 0 56.180607 0 0 0 0 -3.5527137e-15 0.013237254 -7.1054274e-15 0 7.1054274e-15 0.037798996 0.037656625 0.042539686 0 91.412659 0 0 0 0 45.997496 0 0 0 0 0 0 0 0 56.861494 0 0 0 0 0 0 0 0 0 0 0 50.372204 0.018693153 0 
0 0 0 0 0 0 0 0 0 0 0 0 0 0 0 0 0 0 0 0 0 0 0 0 0 0 0 0 0 63.396895 3.5527137e-15 0 197.35215 -7.1054274e-15 -7.1054274e-15 7.1054274e-15 0.033149838 0 3.5527137e-15 3.5527137e-15 0 0 0 0 0 0 61.554616 0 0 0.03859372 0 26.085971 51.557461 0.025550404 -1.0658141e-14 3.5527137e-15 -7.1054274e-15 7.1054274e-15 0.032070267 0.057037532 234.30455 0 0 0 0 9.7299212 0 0 0 0 0 0 0 0 65.838242 0 0 0 0 0 0 0 0 0 0 0 54.267824 0 0 
0 0 0 0 0 0 0 0 0 0 0 0 0 0 0 0 0 0 0 0 0 0 0 0 0 0 0 0 0 63.648718 0 0 123.86229 0.03069044 -7.1054274e-15 0 3.5527137e-15 0 0 0 0 0 0 0 0 0 56.251859 0 0 0 0.0052300933 61.362336 0 0 0.012115325 0.041354011 195.08994 55.711771 0 0.080539306 163.71193 0 0 0 0 0 0 0 0 0 0 0 6.03446 0 50.475034 0 0 0 0 0 0 0 0 0 0 0 54.083509 -3.5527137e-15 0 
0 0 0 0 0 0 0 0 0 0 0 0 0 0 0 0 0 0 0 0 0 0 0 0 0 0 0 0 0 58.108513 0 0 75.079724 33.287841 0 3.5527137e-15 0 0 0 0 0 0 0 0 0 0 54.035125 0 0 0 0 54.178878 0 0 0 0.016078701 70.204891 0 0 0.030735591 66.419204 0 0 0 0 0 0 0 0 0 0 0 0 3.8041079 0 0 0 0 0 0 0 0 0 0 0 0 28.706806 0 0 
0 0 0 0 0 0 0 0 0 0 0 0 0 0 0 0 0 0 0 0 0 0 0 0 0 0 0 0 0 56.233299 0 0 0 32.631392 59.121582 0 0 0 0 0 0 0 0 0 0 0 45.841842 0 0 0 -3.5527137e-15 55.283844 0.015364205 39.862033 0 0.028497248 48.723644 0 0 0 48.921636 0 0 0 0 0 0 0 0 0 0 0 0 0 0 0 0 0 0 0 0 0 0 0 0 0 4.6215329 0 0 
0 0 0 0 0 0 0 0 0 0 0 0 0 0 0 0 0 0 0 0 0 0 0 0 0 0 0 0 0 52.14185 7.1054274e-15 0 0 0 52.198894 0 0 0 0 0 0 0 0 0 0 0 47.702804 0 0 0 0 0 7.1054274e-15 -3.5527137e-15 0 0 30.977461 31.09736 0 -3.5527137e-15 48.125379 0 0 0 0 0 0 0 0 0 0 0 0 0 0 0 0 0 0 0 0 0 0 0 0 0 0 0 0 
0 0 0 0 0 0 0 0 0 0 0 0 0 0 0 0 0 0 0 0 0 0 0 0 0 0 0 0 0 51.741328 3.5527137e-15 0 0 0 54.077695 0 0 0 0 0 0 0 0 0 0 0 48.460037 0 0 0 0 0 0 0 -3.5527137e-15 3.5527137e-15 0 -3.5527137e-15 0.031764454 0.045073847 57.870262 0 0 0 0 0 0 0 0 0 0 0 0 0 0 0 0 0 0 0 0 0 0 0 0 0 0 0 0 
0 0 0 0 0 0 0 0 0 0 0 0 0 0 0 0 0 0 0 0 0 0 0 0 0 0 0 0 0 53.350122 -3.5527137e-15 0 0 0 54.409213 0 0 0 0 0 0 0 0 0 0 0 63.221084 0 0 0 0 3.5527137e-15 0.053541988 0.031045746 -3.5527137e-15 3.5527137e-15 -7.1054274e-15 0 0 0 108.47558 0 0 0 0 0 0 0 0 1.7763568e-15 16.711434 0 0 0 0 0 0 0 0 0 0 0 0 0 0 0 0 0 0 
0 0 0 0 0 0 0 0 0 0 0 0 0 0 0 0 0 0 0 0 0 0 0 0 0 0 4.1702244 0 0 54.059525 3.5527137e-15 0 0 0 52.761249 0 0 0 0 0 0 0 0 0 0 0 67.129357 0 0 0 0.0091593749 23.908065 0.046144491 0.064351725 0.12380626 0.15124593 378.22216 15.344935 0.060631637 0.042125564 0 153.65757 2.2359419 0 28.205712 0 0 0 0 0 48.969954 0 0 0 0 0 0 0 0 0 0 0 0 0 0 0 0 0 0 
0 0 0 0 0 0 0 0 0 0 0 0 0 0 0 0 0 0 0 0 0 0 0 0 0 46.720747 0 3.9676079 0 54.608412 0 0 0 0 56.324437 -3.5527137e-15 0 0 0 0 0 0 0 0 0 0.035992999 44.902463 0 0 0 3.5527137e-15 1.315103 0.087817111 0.072252604 0.11576302 0.24148543 322.429 3.7719683 40.26747 0 0.12617382 168.4483 0 0 0 47.480545 0 0 0 0 48.669636 0 0 0 0 0 0 0 0 0 0 0 0 0 0 0 0 0 0 
0 0 0 0 0 0 0 0 0 0 0 0 0 0 0 0 0 0 0 0 0 0 0 0 0 76.872293 -7.1054274e-15 0 0 55.194943 0 0 0 0 58.982337 0 0 0 0 0 0 0 0 0 0 0 3.4582755 0 0 0 0 0 3.5527137e-15 1.0658141e-14 0.051103469 0.066733934 181.62895 0 24.273723 0 0 72.858987 0 0 0 75.140667 0 0 0 0 49.861502 0 0 0 0 0 0 0 0 0 0 0 0 0 0 0 0 0 0 
0 0 0 0 0 0 0 0 0 0 0 0 0 0 0 0 0 0 0 0 0 0 0 0 0 77.370063 0 0 0 54.901079 3.5527137e-15 0 0 0 56.328007 0 0 0 0 0 0 0 0 0 0 0 0 0 0 0 0 0.0068063193 0.046385821 0.029447846 0.016443368 0.094982416 171.91725 0 0 0 0 52.640607 0 0 0.018191991 84.718813 0 0 0 0 53.793457 0 0 0 0 0 0 0 0 0 0 0 0 0 0 0 0 0 0 
0 0 0 0 0 0 0 0 0 0 0 0 0 0 0 0 0 0 0 0 0 0 0 0 0 77.462883 7.1054274e-15 0 0 53.371338 3.5527137e-15 0 0 0 61.18086 0 0 0 0 0 0 0 0 0 0 0 0 0 0 0 -3.5527137e-15 -1.0658141e-14 0 0 3.5527137e-15 0.096055508 171.4361 0 0 0 -3.5527137e-15 50.858039 0 0 0.0079227977 65.057938 0 0 0 0 20.531271 0 0 0 0 0 0 0 0 0 0 0 0 0 0 0 0 0 0 
0 0 0 0 0 0 0 0 0 0 0 0 0 0 0 0 0 0 0 0 0 0 0 0 0 71.701582 0 0 0 54.374683 0 0 0 0 59.536173 -7.1054274e-15 0 0 0 0 0 0 0 0 0 0 39.038402 0 0 0 3.5527137e-15 0 0 0.034567104 0.093642302 0.067884562 176.98944 0 0 0 0 50.157807 0 0 32.187016 0 0 0 0 0 1.7442361 0 0 0 0 0 0 0 0 0 0 0 0 0 0 0 0 0 0 
0 0 0 0 0 0 0 0 0 0 0 0 0 0 0 0 0 0 0 0 0 0 0 0 0 64.130893 -3.5527137e-15 0 0 55.940394 0 0 0 0 0 34.799202 0 0 0 0 0 0 0 0 0 0 0.0008169866 36.397339 0 0 0 27.894063 0.0052433641 -3.5527137e-15 0.019825312 0 136.30317 0 0 0 0 51.789275 0 0 0 0 0 0 0 0.010223368 43.586323 0 0 0 0 0 0 0 0 0 0 0 0 0 0 0 0 0 0 
0 0 0 0 0 0 0 0 0 0 0 0 0 0 0 0 0 0 0 0 0 0 0 0 0 60.791824 3.5527137e-15 0 0 52.824815 -7.1054274e-15 -3.5527137e-15 0 0 0 0 0 0 0 0 0 0 0 0 0 0 3.2086219 0 0 0 0.017831406 25.69473 0 3.5527137e-15 0.039911938 0 141.64048 0 0 0 0 54.299711 0 0 0 0 0 0 0 0.013241433 70.218034 0 0 0 0 0 0 0 0 0 0 0 0 0 0 0 0 1.960038 0 
0 0 0 0 0 0 0 0 0 0 0 0 0 0 0 0 0 0 0 0 0 0 0 0 0 58.068838 0 0 0 81.759367 -3.5527137e-15 -3.5527137e-15 0 0 0 0 0 0 0 0 0 0 0 0 0 0 0 0 0 0 3.5527137e-15 0 -3.5527137e-15 0.039106262 0.023398831 0.019457172 158.43744 0 0 0 0 53.991269 0 0 0 0 0 0 0 0 70.464725 0 0 0.027706243 0 0 0 0 0 0 0 0 0 0 0 0 49.953368 -7.1054274e-15 3.6576125 
0 0 0 0 0 0 0 0 0 0 0 0 0 0 0 0 0 0 0 0 0 0 0 0 0 55.766671 3.5527137e-15 0 0 81.187193 0 3.5527137e-15 -3.5527137e-15 0 0 0 0 0 0 0 0 0 0 0 0 0 0 0 0 0 0 0.035637072 0.01760889 0.022148779 0.015953062 0.0125169 139.69465 0 0 0 0 55.68969 0 0 0 0 0 0 0 3.5527137e-15 57.827787 0 0 0 0 64.55785 0 0 0 0 0 0 0 0 0 0 66.564293 0 -7.1054274e-15 
0 0 0 0 0 0 0 0 0 0 0 0 0 0 0 0 0 0 0 0 0 0 0 0 0 55.763515 3.5527137e-15 0 0 0 50.385359 -3.5527137e-15 0 0 0 0 0 0 0 0 0 0 0 0 0 0 0 0 0 0 0 0 0 0.017660049 0.026180311 0.042484351 129.11816 0 0 0 0 55.347498 0 0 0 0 0 0 0 0 56.890928 0 0 0 3.5527137e-15 58.032597 0 0 0 0 0 0 0 0 0 0 0 35.034695 0 
0 0 0 0 0 0 0 0 0 0 0 0 0 0 0 0 0 0 0 0 0 0 0 0 0 54.451898 0 0 0 26.767431 26.29613 0 0 0 0 0 0 0 0 0 0 0 0 0 0 0 0 0 0 0 3.5527137e-15 0 0 0 -3.5527137e-15 0.044886888 114.74729 0 0 0 0 55.008092 0 0 0 0 0 0 0 0 56.146682 0 0 0 3.5527137e-15 54.269463 0 0 0 0 0 0 0 0 0 0 0 0 0 
0 0 0 0 0 0 0 0 0 0 0 0 0 0 0 0 0 0 0 0 0 0 0 0 0 52.068769 -3.5527137e-15 0 0 0 53.461614 0 0 0 0 0 0 0 0 0 0 0 0 0 0 0 0 0 0 0 -3.5527137e-15 3.5527137e-15 0 0.036808863 0.037863002 0.14648104 79.774425 0 0 0 0 52.964171 0 0 0 0 0 0 0 0 54.257817 0 0 0 0 50.771099 0 0 0 0 0 0 0 0 0 0 0 0 0 
0 0 0 0 0 0 0 0 0 0 0 0 0 0 0 0 0 0 0 0 0 0 0 0 0 56.893851 7.1054274e-15 0 0 0 49.449177 0 0 0 0 0 0 0 0 0 0 0 0 0 0 0 0 0 0 0 0.028977589 0.0088256716 0.049415875 -7.1054274e-15 0.02872827 0.047920923 21.516771 60.35589 0 0 0 51.450586 0 0 0 29.218238 0 0 0 -3.5527137e-15 51.744358 0 0 0 -3.5527137e-15 49.892493 0 0 0 0 0 0 0 0 0 0 21.375217 0 0 
0 0 0 0 0 0 0 0 16.885841 0 0 0 0 0 0 0 0 0 0 0 0 0 0 0 0 57.791547 0 0 0 0 55.904643 0 0 0 0 0 0 0 0 0 0 0 0 0 0 0 0 0 0 0 -3.5527137e-15 0.039257524 0.032917088 7.1054274e-15 3.5527137e-15 0.054446521 0.034793148 197.04972 0 0 0 52.125007 0 0 0 0 0 26.941198 0 0 52.055571 0 0 0 0 50.727227 0 0 0 0 0 0 0 0 0 0 25.431011 0 0 
0 0 0 0 0 0 0 0 0 13.500938 0 0 0 0 0 0 0 0 0 0 0 0 0 0 0 54.140677 3.5527137e-15 0 0 0 58.040643 0 0 0 0 0 0 0 0 0 0 0 0 0 0 0 0 0 0 0 0 0 24.666913 0.017150675 7.1054274e-15 1.4210855e-14 335.10197 144.81456 0 0 0 45.59015 0 0 0 3.5527137e-15 0 0 0.011893458 0 54.076368 0 0 0 0 48.34064 0 0 0 0 0 0 0 0 0 0 28.104289 0 0 
0 0 0 0 0 0 0 0.0033357035 3.5527137e-15 55.545491 0 27.236768 0 0 0 0 0 0 0 0 0 0 0 0 0 56.129766 0 0 0 0 55.939183 0 0 0 0 0 0 0 0 0 0 0 0 0 0 0 0 0 0 0 0 -3.5527137e-15 26.83722 27.687014 0 0.069159042 126.38013 0 0 0 0 10.957624 0 0 0 3.5527137e-15 0 23.69162 0 0.06980141 56.409134 0 0 0 3.5527137e-15 44.954809 0 0 0 0 0 0 0 0 0 0 39.893321 0 0 
0 0 0 0 0 0 0 21.092603 0 56.32229 11.992579 24.013758 -3.5527137e-15 0 0 0 0 0 0 0 11.505284 0 0 0 0 54.953848 3.5527137e-15 0 0 0 55.53604 3.5527137e-15 0 0 0 0 0 0 0 0 0 0 0 0 0 0 0 0 0 0 0 0.037973121 25.782901 28.367796 0 0.017962298 56.646863 0 0 0 37.196689 0 0 0 0 -3.5527137e-15 1.7763568e-15 157.44302 0 7.1054274e-15 77.344064 0 0 0 0 0 28.439253 0 0 0 0 0 0 0 0 0 0 7.5257066 0 
0 0 0 0 0 0 7.8426326 0.05063236 32.241325 0 0 67.793103 3.5527137e-15 0 0 0 0 0 0 0 40.966227 0 0 0 0 66.014165 0 0 11.878441 46.932257 30.379926 0 0 0 0 0 0 0 0 0 0 0 0 0 0 0 0 0 0 0 0 0.017261992 0.024521243 24.436954 0.036244618 0.029245739 77.445045 0 0 0 0 59.521757 0 0 0 3.5527137e-15 93.470696 0 0 0 59.585982 0 0 0 -3.5527137e-15 79.329893 0 0 0 0 0 0 0 0 0 0 0 0 0 
0 0 0 0 0 120.57572 1.5922182 0 0 0 0 58.134349 7.1054274e-15 -3.5527137e-15 0 0 0 0 0 0 14.012533 0 0 0 0 153.06008 -3.5527137e-15 0 58.800149 108.39936 -7.1054274e-15 0 -3.5527137e-15 0 0 0 0 0 0 0 0 0 0 0 0 0 0 0 0 0 0 0 0 -8.8817842e-16 0 0.031082612 80.379517 0 0 0 0 66.103361 0 0 0 0 50.036019 0 0 0 0 0 0 0 0 56.189554 0 0 0 0 0 0 0 0 0 0 0 0 0 
0 0 0 12.345463 67.801281 0 0 0 0 0 0 56.265899 0 0 0 0 0 0 0 0 0 0 0 0 0 231.16736 0 1.4210855e-14 33.729479 -7.1054274e-15 3.5527137e-15 3.5527137e-15 0 0 0 0 0 0 0 0 0 0 0 0 0 0 0 0 0 0 0 3.5527137e-15 0.014727791 0.059599399 0.015842083 0.024685598 120.31401 0 0 0 0 60.306173 0 0 0 0 63.982511 0 0 0 0 56.924646 0 0 0 6.0146587 0 0 0 0 0 0 0 0 0 0 5.9481733 0 2.0338017 
0 0 0 0 0 0 7.9632978 0 0 0 0 54.356523 0 0 0 0 0 0 0 0 0 0 0 24.641136 194.91225 22.130333 -3.5527137e-15 -1.4210855e-14 7.1054274e-15 3.5527137e-15 -3.5527137e-15 0 0 0 0 0 0 0 0 0 0 0 0 0 0 0 0 0 0 0 0 0 -7.1054274e-15 0 0 0.011774817 137.53541 0 0 0 0 43.495147 0 0 0 0 56.296671 0 0 0 0 60.474907 0 0 0 0 0 0 0 0 0 0 0 0 0 0 75.161973 0 0 
0 0 0 0 0 0 44.700512 0 0 0 0 81.204848 0 0 0 0 0 0 0 0 0 0 18.461826 87.161513 0 -3.5527137e-15 -7.1054274e-15 0 -7.1054274e-15 3.5527137e-15 0 0 0 0 0 0 0 0 0 0 0 0 0 0 0 0 0 0 0 0 3.5527137e-15 3.5527137e-15 7.1054274e-15 0 3.5527137e-15 0 169.09493 0 0 0 0 50.455251 0 0 0 0 41.880617 0 0 0 0 53.68065 0 0 0 0 0 0 0 0 0 0 0 0 0 0 77.773999 -3.5527137e-15 3.5527137e-15 
0 0 0 0 0 0 55.383528 0 3.5527137e-15 0 41.561735 -1.7763568e-15 -3.5527137e-15 0 0 0 0 0 0 0 0 52.740061 0.056505452 47.276361 53.951711 0.022257851 -7.1054274e-15 -3.5527137e-15 0 0 0 0 0 0 0 0 0 0 0 0 0 0 0 0 0 0 26.727658 0 0 0 0 0 0 -3.5527137e-15 0.047943323 0.045938963 0.34824229 262.05088 0 0 0 59.252335 0 0 0 0 52.699775 0 0 0 0 14.795778 0 0 0 0 0 0 0 0 0 0 0 0 0 0 27.445016 0 0 
0 0 29.720529 0 0 0 53.04352 0 0 0 24.602997 0 0 0 0 0 0 0 0 0 0 98.020482 23.495543 0.027080163 30.5206 0.014938397 0 3.5527137e-15 0 0 0 0 0 0 0 0 0 0 0 0 0 0 0 0 0 0 0 45.565379 0 0 0 0.025887152 0.010786382 0.035320426 0.025195291 0.1880861 0.0010683138 378.45729 0 0 0.024150032 72.727081 0 0 0 3.5527137e-15 66.430244 0 0 0 0 43.021351 0 0 0 0 0 0 0 0 0 0 0 0 0 15.20587 71.191892 0 0 
0 0 64.656942 -3.5527137e-15 0 0 51.240428 0 0 0 14.549415 25.555927 0 0 0 0 0 0 0 0 0 27.924201 4.4571113 21.240983 -5.3290705e-15 0 0 0 0 0 0 0 0 0 0 0 0 0 0 0 0 0 0 0 0 0 0 58.309886 0 0 0 0 0.0046495899 0.070613087 0.09520298 0.11268335 0.14942601 208.71318 0 0 0.029998397 70.443471 0 0 0 0 51.345385 0 0 0 0 81.552696 0 0 0 0 0 0 0 0 0 0 0 0 38.66296 135.14663 -7.1054274e-15 0 0 
0 0 52.115925 0 0 0 45.509775 0 0 0 0 0 26.287396 0 0 0 0 0 0 0 0 0 30.904254 54.346014 0 -3.5527137e-15 0 0 0 0 0 0 0 0 0 0 0 0 0 0 0 0 0 0 0 0 0 7.2678659 0 0 0 0.024280594 0 0.010355497 0.017035033 0.053136394 0.020334552 164.90008 0 0 0 25.921928 0 0 0 0 52.744097 0 0 3.5527137e-15 1.0658141e-14 122.99178 0 0 0 0 0 0 0 0 0 0 0 0 87.907806 8.8817842e-16 3.5527137e-15 3.5527137e-15 0 
0 0 53.55412 3.5527137e-15 0 0 58.518246 0 0 0 0 0 0 0 0 0 0 0 0 0 0 15.560839 22.448148 84.374168 0 0 0 0 0 0 0 0 0 0 0 0 0 0 0 0 0 0 0 0 0 0 0 0 0 0 0 0.015131995 24.665089 0 0.0024309066 0.0051394585 0.0075632203 131.944 0 0 0 0 0 0 0 0 55.308932 0 0 3.5527137e-15 0 129.38547 0 0 0 0 0 0 0 0 0 0 0 0 117.91829 -7.1054274e-15 -3.5527137e-15 0 0 
0 0 53.778554 0.012415566 0 0 59.993446 0 0 0 0 0 0 0 0 0 0 0 0 0 0 82.4632 -7.1054274e-15 -1.7763568e-15 0 0 0 0 0 0 0 0 0 0 0 0 0 0 0 0 0 0 0 0 0 0 0 0 0 0 0 -3.5527137e-15 50.299496 0 39.189252 0 0.025469428 53.509696 0 0 0 0 0 0 0 7.1054274e-15 53.406922 0 0 0 0 8.2405134 25.812236 0 0 0 0 0 0 0 0 0 10.296942 4.4144571 139.40071 -7.1054274e-15 0 -3.5527137e-15 0 
0 0 54.83179 0 0 0 0 52.016789 0 0 0 0 0 0 0 0 0 0 0 0 0 82.981007 0 0 -1.7763568e-15 0 0 0 0 0 0 0 0 0 0 0 0 0 0 0 0 0 0 0 0 0 0 0 0 0 0 0 53.034826 0 0 0 0.011295409 54.094012 0 0 0 0 0 0 0 0 53.636106 0 0 0 0 52.102408 0 0 0 0 0 0 0 0 0 0 95.965668 1.4210855e-14 23.656244 -3.5527137e-15 0 0 0 
0 0 54.14568 -3.5527137e-15 0 0 0 52.92657 -3.5527137e-15 0 0 0 0 0 0 0 0 0 0 0 0 76.058818 0 3.5527137e-15 0 0 0 0 0 0 0 0 0 0 0 0 0 0 0 0 0 0 0 0 0 0 0 0 0 0 0 0 53.729477 0 0 0 0.0078856147 54.840044 0 0 0 0 0 0 0 0 54.797792 0 0 0 -3.5527137e-15 51.802044 0 0 0 0 0 0 0 0 0 0 98.447993 -3.5527137e-15 0 0 -3.5527137e-15 0 0 
0 0 51.702946 0.012803812 0 0 0 53.37115 0.0016967906 0 0 0 0 0 0 0 0 0 0 0 0 63.28834 0 0 0 0 0 0 0 0 0 0 0 0 0 0 0 0 0 0 0 0 0 0 0 0 0 0 0 0 0 0 53.712481 0 0 0 0.0048296246 55.146483 0 0 0 0 0 0 0 0 55.945381 0 0 3.5527137e-15 0 50.733007 0 0 0 0 0 0 0 0 0 0 73.940128 3.5527137e-15 0 0 0 0 0 
0 0 49.732366 0 0 0 0 54.660053 0 0 0 0 0 0 0 0 0 0 0 0 0 51.648722 0 0 0 0 0 0 0 0 0 0 0 0 0 0 0 0 0 0 0 0 0 0 0 0 0 0 0 0 0 0 52.124855 0 0 0 0 54.860006 0 0 0 0 0 0 0 -3.5527137e-15 56.217195 0 0 0 0 52.804427 0 0 0 0 0 0 0 0 0 0 52.849329 0 0 0 0 0 0 
0 0 50.439291 0 0 0 0 53.02565 0.027416565 0 0 0 0 0 0 0 0 0 0 0 0 49.412169 0 0 0 0 0 0 0 0 0 0 0 0 0 0 0 0 0 0 0 0 0 0 0 0 0 0 0 0 0 0 49.833363 0 0 0 0 55.520637 0 0 0 0 0 0 0 -1.4210855e-14 64.567108 0 0 0 -3.5527137e-15 54.774519 0 0 0 0 0 0 0 0 0 0 51.446112 0 0 0 0 0 0 
0 0 73.768216 -3.5527137e-15 0 0 0 51.008682 0 0 0 0 0 0 0 0 0 0 0 0 0 49.744152 3.5527137e-15 0 0 0 0 0 0 0 0 0 0 0 0 0 0 0 0 0 0 0 0 0 0 0 0 0 0 0 0 0 51.740454 0 0 0 0.02431535 55.571134 0 0 0 0 0 0 0 7.1054274e-15 70.657255 0 0 0 3.5527137e-15 55.118944 0 0 0 0 0 0 0 0 0 0 51.09638 0.028827032 0 0 0 0 0 
0 0 87.442602 -7.1054274e-15 0 0 0 50.585412 0 0 0 0 33.287811 0 0 0 0 0 0 0 0 50.632573 0 0 0 0 0 0 0 0 0 0 0 0 0 0 0 0 0 0 0 0 0 0 0 0 0 0 0 0 0 0 56.634963 0 0 0 0 56.343292 0 0 0 0 0 0 0 38.560765 0 0 0 0 7.1054274e-15 55.292042 0 0 0 0 0 0 0 0 0 0 52.192842 0 0 0 0 0 0 
0 0 72.238174 0 0 6.0547117 0 52.873564 -3.5527137e-15 0 0 59.509358 0 0 0 0 0 0 0 0 0 52.395021 0.02641179 0 0 0 0 0 0 0 0 0 0 0 0 0 0 0 0 0 0 0 0 0 0 0 0 31.301515 8.8817842e-16 11.512923 0 0 55.392949 0 0 0 0 56.390078 0 0 0 0 0 0 0 0 0 0 0 0 33.785166 0 0 0 0 0 0 0 0 0 0 0 52.771549 0 0 0 0 0 0 
0 0 62.676531 3.5527137e-15 0 0 0 56.12401 0 0 0 66.715309 3.5527137e-15 0 0 0 0 0 0 0 0 52.803806 0 0 0 0 0 0 0 0 0 0 0 0 0 0 0 0 0 0 0 0 0 0 0 0 3.5527137e-15 0 35.413077 32.688816 0 3.5527137e-15 55.74479 0 0 0 0 55.301434 0 0 0 0 0 0 0 0 0 0 0 0 0 0 0 0 0 0 0 0 0 0 0 0 52.042145 0 0 0 0 0 0 
0 0 60.093789 0 0 0 0 58.932917 0.0027426824 0 0 89.330566 0 0 0 0 0 0 0 0 0 48.13914 0 0 0 0 0 0 0 0 0 0 0 0 0 0 0 0 0 0 0 0 0 0 0 0 0 -3.5527137e-15 41.229796 35.185047 0 0 57.151091 0 0 0 0 53.509888 0 0 0 0 0 0 0 0 0 0 0 0 0 0 0 0 0 0 0 0 0 0 0 0 49.827953 0 0 0 0 0 0 
0 0 55.87214 -3.5527137e-15 0 0 0 61.515339 0.010651705 0 0 0 83.370277 0.00052733703 0 0 0 0 0 0 0 45.867417 -3.5527137e-15 0 0 0 0 0 0 0 0 0 0 0 0 0 0 0 0 0 0 0 0 0 0 0 0 0 55.71828 0 0 0 57.983638 0 0 0 0 52.205864 0 0 0 0 0 0 0 0 0 0 0 0 0 0 0 0 0.3539267 0 0 0 0 0 0 0 48.707563 0 0 0 0 0 0 
0 0 52.212479 0 0 0 0 53.86572 0 0 0 0 69.514759 0.028655032 0 0 0 0 0 0 0 47.357556 0 0 0 0 0 0 0 0 0 0 0 0 0 0 0 0 0 0 0 0 0 0 0 3.5527137e-15 0 0.034001267 63.172256 0 0 0 56.110579 0 0 0 0 53.422649 0 0 0 0 0 0 0 0 0 0 0 0 0 0 0 0 0 38.981246 0 0 0 0 0 0 51.382732 0 0 0 0 0 0 
0 0 51.910345 3.5527137e-15 0 0 0 50.896951 0.039226792 0 0 0 67.53978 0.010331311 0 0 0 0 0 0 0 42.27131 0 8.9885611 0 0 0 0 0 0 0 0 0 0 0 0 0 0 0 0 0 0 0 0 0 0 0 3.5527137e-15 81.165773 0 0 0 53.547062 0 0 0 0 54.294832 0 0 0 0 0 0 0 0 0 0 0 0 0 0 0 0 0 0 74.472131 0 0 0 0 0 58.845407 0 0 0 0 0 0 
0 36.57448 24.074678 0.0068227825 0 0 0 53.273092 0 0 0 0 39.004413 0 0 0 0 0 0 0 0 7.1994207 0 0 0 0 0 0 0 0 0 0 0 0 0 0 0 0 0 0 0 0 0 0 1.7763568e-15 0 21.371139 4.4408921e-16 63.76301 0 0 -7.1054274e-15 52.651129 0 0 0 0 52.97962 0 0 0 0 0 0 0 0 0 0 0 0 0 0 0 0 0 0 64.280262 0 0 0 0 0 41.273128 0 0 0 0 0 0 
0 0 62.63154 0.03946826 0 0 0 52.212074 0 0 0 0 0 0 0 0 0 0 0 0 0 0 0 0 0 0 0 0 0 0 0 0 0 0 0 0 0 0 0 0 0 0 0 0 0 0 17.384147 24.453724 41.708746 0 0 0 55.809894 0 0 0 0 51.975614 0 0 0 0 0 0 0 0 0 0 0 0 0 0 0 0 0 3.5527137e-15 53.016285 0 0 0 0 0 3.9735841 0 0 0 0 0 0 
0 0 55.150285 0 0 0 0 52.876549 0.0054587699 0 0 0 0 39.166071 0 0 0 0 0 0 0 0 0 0 0 0 0 0 0 0 0 0 0 0 0 0 0 0 0 0 0 0 0 0 0 91.675304 25.648449 45.151039 0 0 0 0 60.863775 0 0 0 0 55.593582 0 0 0 0 0 0 0 0 0 0 0 0 0 0 0 0 0 0 55.342595 0 0 0 0 0 0 0 0 0 20.795937 0 0 
0 0 50.315158 0 0 0 0 60.927347 0.00010059647 0 0 0 71.395682 0.0025547917 0 0 0 0 0 0 0 0 0 0 0 0 0 0 0 0 0 0 0 0 0 0 0 0 0 0 0 0 3.5527137e-15 0 7.1054274e-15 94.781329 0 5.0003541 0 0 0 -3.5527137e-15 62.558045 0 0 0 0 42.837415 0 0 0 0 0 0 0 0 0 0 0 0 36.648805 0 0 0 0 0 69.565007 0 0 0 0 0 0 0 0 18.927469 0 18.526653 0 
0 0 55.846723 -3.5527137e-15 0 0 0 55.204269 0.020773783 0 0 0 67.568516 0.0025372041 0 0 0 0 0 0 0 0 0 0 0 0 0 0 0 0 0 0 0 0 0 0 0 0 0 0 0 0 7.1054274e-15 0 28.06478 55.853091 0 0 0 0 0 -3.5527137e-15 65.236165 0 0 0 0 5.165345 0 0 0 0 0 0 0 0 0 0 0 0 0.025693536 40.002199 0 0 0 0 53.335352 0 0 0 0 0 0 0 0 0 20.395121 0 0 
0 0 60.867057 0 0 0 0 54.298497 0 0 0 0 58.194147 0 0 0 0 0 0 0 0 0 0 0 0 0 0 0 0 0 0 0 0 0 0 0 0 0 0 0 0 0 0 -3.5527137e-15 85.45278 0 0 0 0 0 0 0.021800377 46.498776 0 0 0 0 0 0 0 0 0 0 0 0 0 0 0 0 0 0 1.9432898 0 0 3.6949913 0 48.268696 0 0 0 0 0 0 0 0 0 0 0 0 
0 0 52.474128 0 0 0 0 56.570077 0 0 0 0 57.765194 0 0 0 0 0 0 0 0 0 0 0 0 0 0 0 0 0 0 0 0 0 0 0 0 0 0 0 0 0 0 37.664179 37.99491 0 0 0 0 0 0 0 39.202454 0 0 0 0 0 0 0 0 0 0 0 0 0 0 0 0 0 0 0 0 0 0 0 72.261194 0 0 0 0 0 0 0 0 0 0 0 0 
0 0 49.023688 0 0 0 0 52.474842 0.038048459 0 0 0 59.932082 -3.5527137e-15 0 0 0 0 0 0 0 0 0 0 0 0 0 0 0 0 0 0 0 0 0 0 0 0 0 0 0 0 0 81.642518 0 0 0 0 0 0 0 0 0 62.527033 0 0 0 0 0 0 0 0 0 0 0 0 0 0 0 0 0 0 0 0 0 0 71.66465 0 0 0 0 0 0 0 0 0 30.344081 0 0 
0 0 46.891117 0 0 0 0 54.761693 0 0 0 0 53.749788 0.010724926 0 0 0 0 0 0 0 0 0 0 0 0 0 0 0 0 0 0 0 0 0 0 0 0 0 0 0 0 0.038451308 61.911204 0 0 0 0 0 0 0 0 0 70.658362 0 0 0 0 0 0 0 0 0 0 0 0 0 0 0 0 0 0 0 0 0 0 67.618212 0 0 0 0 0 0 0 0 0 29.457472 0 0 
0 0 62.576201 3.5527137e-15 0 0 0 54.50868 0 0 0 0 55.993712 -3.5527137e-15 0 0 0 0 0 0 0 0 0 0 0 0 0 0 0 0 0 0 0 0 0 0 0 0 0 0 0 0 0.029244278 98.690422 0 0 0 0 0 0 0 0 0 62.908432 0 0 0 0 0 0 0 0 0 0 0 0 0 0 0 0 0 0 0 0 0 37.174755 0 0 0 0 0 0 0 0 0 0 8.3139668 0 0 
0 0 64.046793 0 0 0 0 49.11802 0 0 0 0 53.900319 0 0 0 0 0 0 0 0 0 0 0 0 0 0 0 0 0 0 0 0 0 0 0 0 0 0 -7.1054274e-15 0 112.98678 65.533187 5.4268119 0 0 0 0 0 0 0 0 7.1054274e-15 59.599642 0 0 0 0 0 0 0 0 29.898475 0 0 0 0 0 0 0 0 0 0 0 0 0 0 0 0 0 0 0 0 0 0 0 0 0 0 
0 0 0 73.675528 -3.5527137e-15 0 0 48.324098 -3.5527137e-15 0 0 0 51.528601 0 0 0 0 0 0 0 0 0 0 0 0 0 0 0 0 0 0 0 0 0 0 0 0 0 -3.5527137e-15 0 185.69337 56.609922 0 0 0 0 0 0 0 0 0 0 0 57.635291 0 0 0 0 0 0 0 7.1054274e-15 50.453426 0 0 0 0 0 0 0 0 0 0 0 0 0 0 0 0 0 0 0 0 0 0 0 0 0 0 
0 0 0 50.994405 0 0 0 51.498725 -3.5527137e-15 0 0 0 49.806012 0 0 0 0 0 0 0 0 0 0 0 0 0 0 0 0 0 0 0 0 0 0 0 0 0 0 60.927327 9.0100455 0 0 0 0 0 0 0 0 0 0 0 0 55.410946 0 0 0 0 0 0 0 0 60.427122 0 0 0 0 0 0 0 0 0 0 0 0 0 0 0 0 0 0 0 0 0 0 0 0 0 0 
0 0 0 64.811806 -3.5527137e-15 0 0 64.277467 0 0 0 0 53.420019 3.5527137e-15 0 0 0 0 0 0 0 0 0 0 0 0 0 0 0 0 0 0 0 0 0 0 0 0 0 23.346828 0 0 0 0 0 0 0 0 0 0 0 7.6240879 0 46.48666 0 0 0 0 0 0 0 0 57.399147 0 0 0 0 0 0 0 0 0 0 0 0 0 0 0 0 0 0 0 0 0 0 0 0 0 0 
0 0 0 70.329148 3.5527137e-15 0 0 80.241586 0 0 0 0 61.158154 0.007060469 0 0 0 0 0 0 0 0 0 0 0 0 0 0 0 0 0 0 0 0 0 0 0 -3.5527137e-15 0 84.486674 0 0 0 0 0 0 0 0 0 0 0 0 30.686945 0 0 0 0 0 0 0 0 7.1054274e-15 55.348121 0 0 0 0 0 0 0 0 0 0 0 0 0 28.889534 0 0 0 0 0 0 0 0 0 0 0 0 
0 0 0 54.636552 0 -3.5527137e-15 0 54.215486 3.5527137e-15 0 0 0 69.20267 0 0 0 0 0 0 0 0 0 0 0 0 0 0 0 0 0 0 0 0 0 0 0 0 0 -3.5527137e-15 71.825628 0 0 0 0 0 0 0 0 0 0 0 0 3.5527137e-15 40.221243 0 0 0 0 0 0 0 0 44.626258 0 0 0 0 0 0 0 0 0 0 0 0 -3.5527137e-15 47.129156 0 0 0 0 0 0 0 0 0 0 0 0 
0 0 0 53.476132 -3.5527137e-15 0 0 51.409513 0 0 0 0 54.70975 0 0 0 0 0 0 0 0 0 0 0 0 0 0 0 0 0 0 0 0 0 0 0 0 0 0 83.552639 0 0 0 0 0 0 0 0 0 0 0 0 0 44.538332 0 0 0 0 0 0 0 0 33.623864 0 0 0 0 0 0 0 0 0 0 0 0 0 54.165283 0 0 0 0 0 0 0 0 0 0 0 0 
0 0 0 52.223712 0 0 0 52.315002 0 0 0 0 56.36841 0 0 0 0 0 0 0 0 0 0 0 0 0 0 0 0 0 0 0 0 0 0 0 0 -7.1054274e-15 -3.5527137e-15 101.92563 0 0 0 0 0 0 0 0 0 0 0 0 0 6.9059805 0 0 0 0 0 0 0 0 29.31984 0 0 0 0 0 0 0 0 0 0 0 0 3.5527137e-15 62.333583 0 0 0 0 0 0 0 0 0 0 0 0 
0 0 0 52.32958 0 0 0 49.286647 0 0 0.32705332 0 60.147824 3.5527137e-15 0 0 0 0 0 0 0 0 0 0 0 0 0 0 0 0 0 0 0 0 0 0 -7.1054274e-15 33.006115 48.173885 45.650753 0 0 0 0 0 0 0 0 0 0 0 0 0 0 0 0 0 0 0 0 0 0 1.9404888 0 0 0 0 0 0 0 0 0 0 0 8.7864753 0 58.839787 0 0 0 0 0 0 0 0 0 0 0 0 
0 0 0 53.416073 -3.5527137e-15 0 0 80.714162 0.0053419435 0 0 0 60.631335 -3.5527137e-15 0 0 0 0 0 0 0 0 0 0 0 0 0 0 0 0 0 0 0 30.231147 0 0 0 57.036406 0 0 0 0 0 0 0 0 0 0 0 0 0 0 0 0 0 0 0 0 0 0 0 0 0 0 0 0 0 0 0 0 0 0 0 0 0 4.9171514 0 0 0 0 0 0 0 0 0 0 0 0 0 
0 0 0 53.375479 0 0 0 89.445048 0.0037526306 -3.5527137e-15 0 0 59.007716 0 0 0 0 0 0 0 0 0 0 0 0 0 0 0 0 0 0 0 0 0 29.693235 15.795978 0 0 0 0 0 0 0 0 0 0 0 0 0 0 0 0 0 0 0 0 0 0 0 0 0 0 0 0 0 0 0 0 0 0 0 0 0 0 0 0 0 0 0 0 0 0 0 0 0 0 0 0 0 
0 0 0 53.124911 3.5527137e-15 0 0 0 61.109603 3.5527137e-15 0 0 58.179512 0 0 0 0 0 0 0 0 0 0 0 0 0 0 0 0 0 0 0 0 0 1.7763568e-15 29.127504 0 0 0 0 0 0 0 0 0 0 0 0 0 0 0 0 0 0 0 0 0 0 0 0 0 0 0 0 0 0 0 0 0 0 0 0 0 0 0 0 0 0 0 0 0 0 0 0 0 0 0 0 0 
0 0 0 52.516219 7.1054274e-15 0 0 0 56.21109 0 0 0 57.638787 3.5527137e-15 0 0 0 0 0 0 0 0 0 0 0 0 0 0 0 0 0 0 0 0 6.0403011 42.030555 0 0 0 0 0 0 0 0 0 0 0 0 0 0 0 0 0 0 0 0 0 0 0 0 0 0 0 0 0 0 0 0 0 0 0 0 0 0 0 0 0 0 0 0 0 0 0 0 0 0 0 0 0 
0 0 0 53.110974 0.011052484 0 0 0 53.34423 0 0 0 54.99934 0 0 0 0 0 0 0 0 0 0 0 0 0 0 0 0 0 0 0 0 0 86.188594 0 0 0 0 0 0 0 0 0 0 0 0 0 0 0 0 0 0 0 0 0 0 0 0 0 0 0 0 0 0 0 0 0 0 0 0 0 0 0 0 0 0 0 0 0 0 0 0 0 0 0 0 0 0 
0 0 0 54.980694 0.006444745 0 0 0 50.89298 0 0 0 53.920135 0 0 0 0 0 0 0 0 0 0 0 0 0 0 0 0 0 0 0 0 0 58.052247 0 0 0 0 0 0 0 0 0 0 0 0 0 0 0 0 0 0 0 0 0 0 0 0 0 0 0 0 0 0 0 0 0 0 0 0 0 0 0 0 0 0 0 0 0 0 0 0 0 0 0 0 0 0 
0 0 0 54.786614 0 0.033350914 0 0 53.017528 0.038702294 0 0 58.485475 0 0 0 0 0 0 0 0 0 0 0 0 0 0 0 0 0 0 0 0 3.5527137e-15 45.607075 0 0 0 0 0 0 0 0 0 0 0 0 0 0 0 0 0 0 0 0 0 0 0 0 0 0 0 0 0 0 0 0 0 0 0 0 0 0 0 0 0 0 0 0 0 0 0 0 0 0 0 0 0 0 
0 0 0 55.207887 0 0 0 0 55.065202 0.0031828329 0 0 68.057026 0.012569049 0 0 0 0 0 0 0 0 0 0 0 0 0 0 0 0 0 0 0 0 10.708971 0 0 0 0 0 0 0 0 0 0 0 0 0 0 0 0 0 0 0 0 0 0 0 0 0 0 0 0 0 0 0 0 0 0 0 0 0 0 0 0 0 0 0 0 0 0 0 0 0 0 0 0 0 0 
0 0 0 52.608327 0.038596168 0 0 0 55.186694 0 0 0 0 38.977692 0 0 0 0 0 0 0 0 0 0 0 0 0 0 0 0 0 0 0 0 0 0 0 0 0 0 0 0 0 0 0 0 0 32.129234 0 0 0 0 0 0 0 0 0 0 0 0 0 0 0 0 0 0 0 0 0 0 0 0 0 0 0 0 0 0 0 0 0 0 0 0 0 0 0 0 0 
0 0 0 51.650841 0 0 0 0 54.898007 0 0 0 0 38.946685 0 0 0 0 0 0 0 0 0 0 0 0 0 0 0 0 0 0 0 0 0 0 0 0 0 0 0 0 0 0 0 0 0 0 51.370765 0 0 0 0 0 0 0 0 0 0 0 0 0 0 0 0 0 0 0 0 0 0 0 0 0 0 0 0 0 0 0 0 0 0 0 0 0 0 0 0 
0 0 0 54.044532 0 0 0 0 53.792541 0.0052180276 0 0 56.080107 0.028094725 0 0 0 0 0 0 0 0 0 0 0 0 0 0 0 0 0 0 0 0 0 0 0 0 0 0 0 0 0 0 0 0 6.5130259 0 47.969743 0 0 0 0 0 0 0 0 0 0 0 0 0 0 0 0 0 0 0 0 0 0 0 0 0 0 0 0 0 0 0 0 0 0 0 0 0 0 0 0 
0 0 0 55.996183 0 0 0 0 53.076865 0 0 0 37.030436 0 4.0953741 0 0 0 0 0 0 0 0 0 0 0 0 0 0 0 0 0 0 0 0 0 0 0 0 0 0 0 0 0 0 0 0 0 37.746723 0 0 0 0 0 0 0 0 0 0 0 0 0 0 0 0 0 0 0 0 0 0 0 0 0 0 0 0 0 0 0 0 0 0 0 0 0 0 0 0 
0 0 0 56.796867 0 0 0 0 53.718464 0 0 0 0 3.6630812 0 0 0 0 0 0 0 0 0 0 0 0 0 0 0 0 0 0 0 0 0 0 0 0 0 0 0 0 0 0 0 0 0 0 0 33.672495 0 0 0 0 0 0 0 0 0 0 0 0 0 0 0 0 0 0 0 0 0 0 0 0 0 0 0 0 0 0 0 0 0 0 0 0 0 0 0 
0 0 0 55.769728 0 0 0 0 54.162355 -3.5527137e-15 0 0 0 0 0 0 0 0 0 0 0 0 0 0 0 0 0 0 0 0 0 0 0 0 0 0 0 0 0 0 0 0 0 0 0 0 0 0 0 10.947865 0 0 0 0 0 0 0 0 0 0 0 0 0 0 0 0 0 0 0 0 0 0 0 0 0 0 0 0 0 0 0 0 0 0 0 0 0 0 0 
28.111623 0 0 53.414992 0 0 0 0 54.070045 3.5527137e-15 0 0 0 0 0 0 0 0 0 0 0 0 0 0 0 0 0 0 0 0 0 0 0 0 0 0 0 0 0 0 0 0 0 0 0 0 0 0 0 0 0 0 0 0 0 0 0 0 0 0 0 0 0 0 0 0 0 0 0 0 0 0 0 0 0 0 0 0 0 0 0 0 0 0 0 0 0 0 0 
0 0 0 52.807925 0 0 0 0 54.096644 3.5527137e-15 0 0 0 0 0 0 0 0 0 0 0 0 0 0 0 0 0 0 0 0 0 0 0 0 0 0 0 0 0 0 0 0 0 0 0 0 0 0 0 0 0 0 0 0 0 0 0 0 0 0 0 0 0 0 0 0 0 0 0 0 0 0 0 0 0 0 0 0 0 0 0 0 0 0 0 0 0 0 0 
0 0 0 54.704506 3.5527137e-15 0 0 0 54.895321 0 0 0 0 31.053998 0 0 0 0 0 0 0 0 0 0 0 0 0 0 0 0 0 0 0 0 0 0 0 0 0 0 0 0 0 0 0 0 0 0 0 0 0 0 0 0 0 0 0 0 0 0 0 0 0 0 0 0 0 0 0 0 0 0 0 0 0 0 0 0 0 0 0 0 0 0 0 0 0 0 0 
0 0 0 55.303447 0 0 0 0 54.1603 0 0 0 0 57.146103 0 0 0 0 0 0 0 0 0 0 0 0 0 0 0 0 0 0 0 0 0 0 0 0 0 0 0 0 0 0 0 0 0 0 0 0 0 0 0 0 0 0 0 0 0 0 0 0 0 0 0 0 0 0 0 0 0 0 0 0 0 0 35.859354 0 0 0 0 0 0 0 0 0 0 0 0 
0 0 0 53.541068 0 0 0 0 54.483764 0 0 0 0 56.792578 0 0 0 0 0 0 0 0 0 0 0 0 0 0 0 0 0 0 0 0 0 0 0 0 0 0 0 0 0 0 0 0 0 0 0 0 0 0 0 0 0 0 0 0 0 0 0 0 0 0 0 0 0 0 0 0 0 34.889911 0 0 0 0 0 57.176134 0 0 0 0 0 0 0 0 0 0 0 
1.7763568e-15 0 0 53.670108 0 0 0 0 56.748666 -3.5527137e-15 0 0 0 55.185686 0 0 0 0 0 0 0 0 0 0 0 0 0 0 0 0 0 0 0 0 0 0 0 0 0 0 0 0 0 0 0 0 0 0 0 0 0 0 0 0 0 0 0 0 0 0 0 0 0 0 0 0 0 0 0 0 0 0 53.359307 0 0 0 0 58.899409 0 0 0 0 0 0 0 0 0 0 0 
0 0 0 54.341349 3.5527137e-15 0 0 0 57.119922 3.5527137e-15 0 0 0 51.575703 -3.5527137e-15 0 0 0 0 0 0 0 0 0 0 0 0 0 0 0 0 0 0 0 0 0 0 0 0 0 0 0 0 0 0 0 0 0 0 0 0 0 0 0 0 0 0 0 0 0 0 0 0 0 0 0 0 0 0 0 0 0 59.655125 0 0 0 0 54.918295 0 0 0 0 0 0 0 0 0 0 0 
0 0 0 55.221856 0 0 0 0 55.890128 0 0 0 0 52.63237 -3.5527137e-15 0 0 0 0 0 0 0 0 0 0 0 0 0 0 0 0 0 0 0 0 0 0 0 0 0 0 0 0 0 0 0 0 0 0 0 0 0 0 0 0 0 0 0 0 0 0 0 0 0 0 0 0 0 0 0 0 0 48.606295 0 0 0 3.5527137e-15 54.749045 0 0 0 0 0 0 0 0 0 0 0 
0 0 0 56.2099 0 0 0 0 54.702592 0 0 0 0 38.096034 0 0 0 0 0 0 0 0 0 0 0 0 0 0 0 0 0 0 0 0 0 0 0 0 0 0 0 0 0 0 0 0 0 0 0 0 0 0 0 0 0 0 0 0 0 0 0 0 0 0 0 0 0 0 0 0 0 0 8.3785138 0 0 0 0 60.874765 0 0 0 0 0 0 0 0 0 0 0 
0 0 0 60.299528 0 0 0 0 54.094452 0 0 0 0 3.8306247 0 0 0 0 0 0 0 0 0 0 0 0 0 0 0 0 0 0 0 0 0 0 0 0 0 0 0 0 0 0 0 0 0 0 0 0 0 0 0 0 0 0 0 0 0 0 0 0 0 0 0 0 0 0 0 0 0 0 0 0 0 0 0 48.686803 0 0 0 0 0 0 0 0 0 0 0 
0 0 0 62.310556 -3.5527137e-15 0 0 0 55.83245 0 0 0 0 0 0 0 0 0 0 0 0 0 0 0 0 0 0 0 0 0 0 0 0 0 0 0 0 0 0 0 0 0 0 0 0 0 0 0 0 0 0 0 0 0 0 0 0 0 0 0 0 0 0 0 0 0 0 0 0 0 0 0 0 0 0 0 0 5.984477 0 0 0 0 0 0 0 0 0 0 0 
0 0 0 0 32.684567 0 0 0 0 27.158834 0 0 0 0 0 0 0 0 0 0 0 0 0 0 0 0 0 0 0 0 0 0 0 0 0 0 0 0 0 0 0 0 0 0 0 0 0 0 0 0 0 0 0 0 0 0 0 0 0 0 0 0 0 0 0 0 0 0 0 0 0 0 0 0 0 0 0 0 0 0 0 0 0 0 0 0 0 0 0 
