NCOLS 42
NROWS 24
XLLCORNER 276816.32
YLLCORNER 3833358.9
CELLSIZE 10
NODATA_VALUE -9999
0 0 -36.876982 0 0 0 0 -29.585312 0 0 0 0 0 -28.895385 0 0 0 0 0 0 0 0 0 0 0 0 0 0 0 0 0 0 0 0 0 0 0 0 0 0 0 0 
0 0 0 0 0 0 0 -28.420323 -29.585312 0 0 0 0 -28.138276 -30.976754 -35.834296 0 -27.606941 -26.766496 -26.491442 0 0 0 0 0 0 0 0 0 0 0 0 0 0 0 -29.771019 -39.489678 0 0 0 0 0 
0 0 0 0 0 0 0 -28.764179 -28.420323 0 0 0 -29.557059 -27.770851 0 0 -32.828934 -26.766496 -26.491442 -26.500598 0 0 -37.427723 0 0 0 0 0 0 0 0 0 0 0 0 -39.489678 -29.371103 0 0 0 0 0 
0 0 0 0 0 0 0 0 -28.764179 0 0 -29.557059 -27.770851 -27.662577 0 0 0 -39.445474 -26.500598 -26.809086 0 -37.427723 0 0 0 0 0 0 0 0 0 0 0 0 0 -29.371103 -30.527496 0 0 0 0 0 
0 0 0 0 0 0 -31.445016 0 0 0 0 0 -27.662577 0 0 0 -39.445474 -27.447226 -26.809086 -26.790663 0 0 0 0 0 0 0 0 0 0 0 0 0 0 0 -30.527496 0 0 0 0 0 0 
0 0 0 0 0 -31.445016 0 -29.523738 0 0 -30.827716 -33.535775 0 0 0 0 -27.447226 -27.040787 -26.790663 -26.508035 0 0 0 0 -39.530229 0 0 0 0 0 0 0 0 0 0 0 0 0 0 0 0 0 
0 0 0 0 0 0 -29.523738 0 0 -30.827716 -33.535775 0 0 0 0 0 0 -27.074993 -26.508035 -27.124818 -39.51555 0 0 -39.530229 -30.262429 0 0 0 0 0 0 0 0 0 0 0 0 0 0 0 0 0 
0 0 0 0 0 0 0 0 0 0 0 0 0 0 0 0 -30.591977 -27.62663 -27.067367 -27.531692 -27.819387 0 0 -30.262429 -28.207286 0 0 0 0 0 0 0 0 0 0 0 0 0 0 0 0 0 
-27.349446 -28.812401 -28.895385 0 0 0 0 0 0 0 0 0 0 0 0 -30.591977 0 -27.067367 -26.843876 -27.819387 -27.819387 -30.911769 0 -28.207286 -27.095872 0 0 0 0 0 0 0 0 0 0 -32.66754 0 0 0 0 0 0 
0 -27.349446 -37.256732 -38.933979 0 0 0 0 0 0 0 0 0 0 0 0 -27.543213 -26.843876 -26.843876 -27.819387 -27.193836 -27.374093 -34.075013 -27.095872 -26.961426 0 0 0 0 0 0 0 0 0 -32.66754 -28.231291 0 0 0 0 0 0 
0 0 0 0 -31.5115 -30.746493 -28.967722 -28.014235 -35.503032 0 0 -38.367001 -30.145006 -27.688701 -27.090576 -30.107289 0 -26.843876 -28.641254 -27.193836 -27.374093 -29.34116 -39.480258 -26.961426 -28.292484 0 0 0 0 -39.509674 0 0 0 0 -28.231291 -29.464242 0 0 0 0 0 0 
0 0 0 -39.446064 0 -28.967722 -28.014235 -28.906571 -30.879908 -39.540202 -35.7074 -27.30121 -27.178871 -26.918391 -27.634878 -27.090576 -27.770851 0 0 0 -28.451875 0 -28.34245 -28.34245 -38.504034 0 0 0 -39.509674 -28.551669 0 0 0 0 -29.464242 0 0 0 0 0 0 0 
0 0 0 0 -39.446064 0 -28.906571 -30.879908 -39.540202 -39.506147 -31.194381 -26.614553 -26.670812 -26.926687 -26.918391 -26.635312 -26.753949 -27.195101 -26.783798 -26.575385 -26.753446 -28.451875 0 -36.62105 0 0 0 0 -28.551669 -27.780631 0 0 0 0 0 0 0 0 0 0 0 0 
0 0 0 -29.848175 0 0 0 0 0 0 -27.23028 -26.54234 -26.614553 -26.670812 -26.442148 -26.466649 -26.635312 -26.753949 -27.05391 -26.783798 -26.575385 -26.753446 -39.451375 0 0 0 0 0 -27.780631 -28.492492 0 0 0 0 0 0 0 0 0 0 0 0 
0 0 -29.848175 0 0 0 0 0 0 0 -27.487281 -26.654472 -26.54234 -28.028719 -26.791217 -26.442148 -26.466649 -26.883864 -27.295979 -27.05391 -27.4217 0 0 0 0 0 0 -26.950093 -26.942555 -27.938128 0 0 0 0 0 0 0 0 0 0 0 0 
0 -27.338244 0 0 0 0 0 -27.557053 -27.355117 -30.23047 -26.339722 -26.339722 0 -39.504971 -29.935405 0 0 0 0 0 0 0 0 0 0 0 0 -26.574506 -26.950093 -26.942555 0 0 0 0 0 0 0 0 0 0 0 0 
-39.447389 -27.023791 -27.691232 0 0 0 -27.557053 -27.355117 -27.393608 -27.40576 -26.339722 -26.34816 -26.659829 -27.853757 0 0 0 0 0 0 0 0 0 0 0 0 0 -27.558128 -26.574506 0 0 0 0 0 0 0 0 0 0 0 0 0 
0 -27.691232 -27.048524 -28.267153 -27.261217 0 -30.005244 -27.393608 -27.40576 -27.40576 -26.34816 -26.484895 -26.769108 -26.933201 -28.249079 -30.796934 0 -27.819387 -27.803395 -28.116221 0 0 0 0 0 0 0 0 -27.558128 0 0 0 0 0 0 0 0 0 0 0 0 0 
0 -27.048524 -36.189489 -26.952499 -27.180103 -27.261217 -31.218401 -28.770966 -27.40576 -28.638167 -26.484895 -26.510795 -26.891545 -27.110429 -27.392748 -26.939025 -27.195734 -27.803395 -28.116221 0 0 0 0 0 0 0 0 0 0 0 0 0 0 0 0 0 0 0 0 0 0 0 
0 0 0 -27.960008 -26.952499 -27.180103 -29.035579 -28.770966 -27.889451 -28.12619 -26.510795 -26.60516 -26.80247 -26.751439 -26.939025 -27.195734 -26.41745 0 0 0 0 0 0 0 0 0 0 0 0 0 0 0 0 0 0 0 0 0 0 0 0 0 
0 0 -30.629655 -28.41773 -27.960008 -39.539616 -29.035579 -27.889451 -28.12619 -28.308901 -26.60516 -26.80247 -26.751439 -27.295979 -27.295236 -26.41745 -26.519256 0 0 0 0 0 0 0 0 0 0 0 0 0 0 0 0 0 0 0 0 0 0 0 0 0 
0 -27.755698 0 -30.629655 -28.41773 0 0 0 -31.484713 -30.42107 -27.090576 -39.459043 -27.62312 -27.295236 -28.858711 -26.519256 -26.607768 0 0 0 0 0 -39.497915 0 0 0 0 0 0 0 0 0 0 0 0 0 0 0 0 0 0 0 
0 0 -27.755698 -27.758433 0 0 0 -39.456684 0 -27.090576 -30.286716 0 0 0 0 -26.607768 -26.618765 0 0 0 0 -39.497915 0 0 0 0 0 0 0 0 0 0 0 -28.830034 0 0 0 0 0 0 0 0 
0 0 0 0 -27.758433 0 0 0 0 0 0 0 0 0 0 0 -26.812429 0 0 0 0 0 0 0 0 0 0 0 0 0 0 0 0 0 0 0 0 0 0 0 0 0 
