NCOLS 89
NROWS 112
XLLCORNER 543650.24
YLLCORNER 4083886.8
CELLSIZE 10
NODATA_VALUE -9999
0 0 0 0 0 0 0 0 0 0 0 0 0 0 0 0 0 0 0 0 0 0 0 0 0 0 0 0 0 0 0 0 0 0 0 0 0 0 0 -41.087276 0 0 0 0 0 0 0 0 0 0 0 0 0 -27.611196 0 0 -28.7287 -30.10776 -27.269295 -37.897619 0 0 0 0 0 0 0 0 0 0 0 0 0 0 0 0 0 0 0 0 0 0 0 0 0 0 0 0 0 
0 0 0 0 0 0 0 0 0 0 0 0 0 0 0 0 0 0 0 0 0 0 0 0 0 0 0 0 0 0 0 0 0 0 0 0 0 0 0 0 -41.087276 0 0 0 0 0 0 0 0 0 0 0 0 -29.524909 -27.611196 0 0 -28.7287 -27.408592 -27.269295 -37.897619 0 0 -31.824133 0 0 0 0 0 0 0 0 0 0 0 0 0 0 0 0 0 0 0 0 0 0 0 0 0 
0 0 0 0 0 0 0 0 0 0 0 0 0 0 0 0 0 0 0 0 0 0 0 0 0 0 0 0 0 0 0 0 0 0 0 0 0 0 0 0 0 0 0 0 0 0 0 0 0 0 0 0 0 -32.831601 -29.524909 0 0 0 -28.852512 -27.408592 -37.124251 0 0 -30.484501 -31.824133 0 0 -41.13574 0 0 0 0 0 0 0 0 0 0 0 0 0 0 0 0 0 0 0 0 0 
0 0 0 0 0 0 0 0 0 0 0 0 0 0 0 0 0 0 0 0 0 0 0 0 0 0 0 0 0 0 0 0 0 0 0 0 0 0 0 0 0 0 0 0 0 0 0 0 0 0 0 0 0 -41.020514 -32.831601 0 0 0 -38.839849 -28.852512 0 0 0 0 -30.484501 0 0 -41.138548 -41.13574 0 0 0 0 0 0 0 0 0 0 0 0 0 0 0 0 0 0 0 0 
0 0 0 0 0 0 0 0 0 0 0 0 0 0 0 0 0 0 0 0 0 0 0 0 0 0 0 0 0 0 0 0 0 0 -31.117784 0 0 0 0 0 0 0 0 0 0 0 0 0 0 0 0 0 0 -41.037383 -41.020514 0 0 0 0 -38.839849 0 0 0 0 0 0 0 0 -41.138548 0 0 0 0 0 0 0 0 0 0 0 0 0 0 0 0 0 0 0 0 
0 0 0 0 0 0 0 0 0 0 0 0 0 0 0 0 0 0 0 0 0 0 0 0 0 0 0 0 0 0 0 0 0 0 -27.596169 -31.117784 0 0 0 0 0 0 0 0 0 0 0 0 0 0 0 0 0 -41.106243 -41.037383 0 0 0 0 0 0 0 0 0 0 0 0 0 0 0 0 0 0 0 0 0 0 0 0 0 0 0 0 0 0 0 0 0 0 
0 0 0 0 0 0 0 0 0 0 0 0 0 0 0 0 0 0 0 0 0 0 0 0 0 0 0 0 0 0 0 0 0 0 -26.986409 -27.596169 0 0 0 0 0 0 0 0 0 0 0 0 0 0 0 0 0 -37.761343 -41.106243 0 0 0 0 0 0 0 0 0 0 0 0 -29.316203 0 0 0 0 -28.429556 0 0 0 0 0 0 0 0 0 0 0 0 0 0 0 0 
0 0 0 0 0 0 0 0 0 0 0 0 0 0 0 0 0 0 0 0 0 0 0 0 0 0 0 0 0 0 0 0 0 0 -27.059704 -26.986409 0 0 0 0 0 0 0 0 0 0 0 0 0 0 0 0 0 -31.017748 -37.761343 0 0 0 -41.067602 0 0 0 0 0 0 0 0 -28.081519 -27.655353 0 0 0 0 -28.429556 0 0 0 0 0 0 0 0 0 0 0 0 0 0 0 
0 0 0 0 0 0 0 0 0 0 0 0 0 0 0 0 0 0 0 0 0 0 0 0 0 0 0 0 0 0 0 0 0 0 -27.650917 -27.059704 0 0 0 0 0 0 0 0 0 -30.35147 0 0 0 0 0 0 0 -29.246308 -31.017748 0 0 0 -41.112564 -41.067602 0 0 0 0 0 0 0 -27.655353 -27.77865 0 0 0 0 0 0 0 0 0 0 0 0 0 0 0 0 0 0 0 0 
0 0 0 0 0 0 0 0 0 0 0 0 0 0 0 0 0 0 0 0 0 0 0 0 0 0 0 0 0 0 0 0 0 0 -29.005586 -27.650917 0 0 0 -41.084465 0 0 0 0 -30.35147 -28.868449 0 0 0 0 0 0 0 -28.860458 -29.246308 0 0 0 -41.090788 -41.112564 0 0 0 0 0 0 0 -27.77865 -27.77865 0 0 0 0 0 0 0 0 0 0 0 0 0 0 0 0 0 0 0 0 
0 0 0 0 0 0 0 0 0 0 0 0 0 0 0 0 0 0 0 0 0 0 0 0 0 0 0 0 0 0 0 0 0 0 -30.048377 -41.116779 -41.019108 0 0 -38.32608 -41.084465 0 0 0 -28.868449 -30.828968 0 0 0 0 0 0 0 -28.414323 -28.860458 0 0 0 -38.681276 -41.090788 0 0 0 0 0 0 0 -27.805758 -32.053017 0 0 0 0 0 0 0 0 0 0 0 0 0 0 0 0 0 0 0 0 
0 0 0 0 0 0 0 0 0 0 0 0 0 0 0 0 0 0 0 0 0 0 0 0 0 0 0 0 0 0 0 0 0 0 0 -41.000831 -29.481092 0 0 -33.198793 -38.32608 0 0 0 -30.828968 -41.144165 0 0 0 0 0 0 0 -27.717177 -28.414323 0 0 0 -34.630827 -38.681276 0 0 0 0 0 0 0 -41.136442 0 0 0 0 0 0 0 0 0 0 0 0 0 0 0 0 0 0 0 0 0 
0 0 0 0 0 0 0 0 0 0 0 0 0 0 0 0 0 0 0 0 0 0 0 0 0 0 0 0 0 0 0 0 0 0 0 -29.481092 -28.265193 0 0 -29.650214 -33.198793 0 0 0 0 0 0 0 0 0 0 0 0 -27.581419 -27.717177 0 0 0 -31.531313 -34.630827 0 0 0 0 0 0 0 0 0 0 0 0 0 0 0 0 0 0 0 0 0 0 0 0 0 0 0 0 0 
0 0 0 0 0 0 0 0 0 0 0 0 0 0 0 0 0 0 0 0 0 0 0 0 0 0 0 0 0 0 0 0 0 0 0 -28.265193 -28.554467 0 0 -28.569382 -28.371572 0 0 0 0 0 0 0 0 -41.070413 0 0 0 -27.337059 -27.581419 0 0 0 -29.975237 -31.531313 0 0 0 0 0 0 0 0 0 0 0 0 0 0 0 0 0 0 0 0 0 0 0 0 0 0 0 0 0 
0 0 0 0 0 0 0 0 0 0 0 0 0 0 0 0 0 0 0 0 0 0 0 0 0 0 0 0 0 0 0 0 0 0 0 -28.554467 -29.667598 0 0 -27.320438 -27.818551 0 0 0 -35.629032 0 0 0 0 -31.970889 -41.070413 0 0 -27.931432 -27.337059 -33.050505 0 0 -28.74328 -29.975237 0 0 0 0 0 0 0 0 0 0 0 0 0 0 0 0 0 0 0 0 0 0 0 0 0 0 0 0 0 
0 0 0 0 0 0 0 0 0 0 0 0 0 0 0 0 0 0 0 0 0 0 0 0 0 0 0 0 0 0 0 0 0 0 0 -28.674217 -30.180225 0 0 -26.989895 -27.320438 0 0 0 -29.260051 -35.629032 0 0 0 -28.967941 -31.970889 0 0 -33.840045 -26.88192 -27.672428 0 0 -27.937506 -28.74328 0 0 0 0 0 0 0 0 0 0 0 0 0 0 0 0 0 0 0 0 0 0 0 0 0 0 0 0 0 
0 0 0 0 0 0 0 0 0 0 0 0 0 0 0 0 0 0 0 0 0 0 0 0 0 0 0 0 0 0 0 0 0 0 0 -27.766411 -28.674217 0 0 -26.812379 -26.989895 0 0 0 -29.729767 -29.260051 0 0 0 -27.997821 -28.967941 0 0 -41.030354 -26.811309 -26.88192 0 0 -27.519033 -27.937506 0 0 0 0 0 0 0 0 0 0 0 0 0 0 0 0 0 0 0 0 0 0 0 0 0 0 0 -31.311935 0 
0 0 0 0 0 0 0 0 0 0 0 0 0 0 0 0 0 0 0 0 0 0 0 0 0 0 0 0 0 0 0 0 0 0 0 -27.549599 -27.766411 0 -35.253028 -26.798274 -26.812379 0 0 0 -37.672213 -29.729767 0 0 0 -28.382578 -27.997821 0 0 -37.584424 -26.946988 -26.811309 0 0 -27.96094 -27.519033 0 0 0 0 0 0 0 0 0 0 0 0 0 0 0 0 0 0 0 0 0 0 0 0 0 0 0 -41.10554 -31.311935 
0 0 0 0 0 0 0 0 0 0 0 0 0 0 0 0 0 0 0 0 0 0 0 0 0 0 0 0 0 0 0 0 0 0 0 -27.750352 -27.549599 0 -31.18672 -27.479633 -26.798274 0 0 0 0 -37.672213 0 0 0 -30.953203 -28.382578 0 0 0 -28.556587 -26.946988 0 0 -38.179871 -27.96094 0 0 0 0 0 0 0 0 0 0 0 0 0 0 0 0 0 0 0 0 0 0 0 0 0 0 0 0 -41.10554 
0 0 0 0 0 0 0 0 0 0 0 0 0 0 0 0 0 0 0 0 0 0 0 0 0 0 0 0 0 0 -41.084465 0 0 0 0 -28.488435 -27.750352 0 -41.085168 -31.18672 -27.479633 0 0 0 -41.116076 0 0 0 0 -32.459162 -29.747919 0 0 0 -29.919598 -28.556587 0 0 0 0 0 0 0 0 0 0 0 0 0 0 0 0 0 0 0 0 0 0 0 0 0 0 0 0 0 0 0 0 0 
0 0 0 0 0 0 0 0 0 0 0 0 0 0 0 0 0 0 0 0 0 0 0 0 0 0 0 0 0 0 -41.027543 -41.084465 0 0 0 -29.026255 -28.488435 0 0 -41.085168 0 0 0 0 -31.405141 -41.116076 0 0 0 -29.747919 -29.256604 0 0 0 -28.577983 -29.784757 0 0 -36.736531 0 0 0 0 0 0 0 0 0 0 0 0 0 0 0 0 0 0 0 0 0 0 0 0 0 0 0 0 0 0 
0 0 0 0 0 0 0 0 0 0 0 0 0 0 0 0 0 0 0 0 0 0 0 0 0 0 0 0 0 0 -30.345332 -41.027543 0 0 0 -28.702369 -29.026255 0 0 0 0 0 0 0 -29.005586 -31.405141 0 0 0 -27.954719 -29.04721 0 0 0 -27.403458 -28.577983 0 0 -31.100835 -36.736531 0 0 0 0 0 0 0 0 0 0 0 0 0 0 0 0 0 0 0 0 0 0 0 0 0 0 0 0 0 
0 0 0 0 0 0 0 0 0 0 0 0 0 0 0 0 0 0 0 0 0 0 0 0 0 0 0 0 0 0 -29.002657 -30.345332 0 0 0 -28.970803 -28.702369 0 0 0 0 0 0 0 -29.599038 -29.005586 0 0 0 -27.275602 -27.954719 0 -30.180225 0 -26.972704 -27.403458 0 0 -29.632995 -31.100835 0 0 0 0 0 0 0 0 0 0 0 0 0 0 0 0 0 0 0 0 0 0 0 0 0 0 0 0 0 
0 0 0 0 0 0 0 0 0 0 0 0 0 0 0 0 0 0 0 0 0 0 0 0 0 0 0 0 0 0 -29.341383 -29.002657 0 0 0 -30.255294 -28.970803 0 0 0 0 0 0 0 -30.675066 -29.599038 0 0 0 -27.109314 -27.275602 -29.312637 -29.17275 -30.180225 -26.981381 -26.972704 0 0 -28.615189 -29.632995 0 0 0 0 0 0 0 0 0 0 0 0 0 0 0 0 0 0 0 0 0 0 0 0 0 0 0 0 0 
0 0 0 0 0 0 0 0 0 0 0 0 0 0 0 0 0 0 0 0 0 0 0 0 0 0 0 0 0 0 -29.808151 -29.341383 0 0 0 -29.985523 -30.255294 0 0 0 0 0 0 0 -41.113267 -30.675066 0 0 0 -27.624794 -27.109314 0 -29.312637 -29.17275 -27.353509 -26.981381 0 0 0 -28.615189 0 0 0 0 0 0 0 0 0 0 0 0 0 0 0 0 0 0 0 0 0 0 0 0 0 0 0 0 0 
0 0 0 0 0 0 0 0 0 0 0 0 0 0 0 0 0 0 0 0 0 0 0 0 0 0 0 0 0 0 -30.302844 -29.808151 0 0 0 -30.524017 -29.985523 0 0 0 0 0 0 0 0 -41.113267 0 0 0 -29.341383 -27.624794 0 0 0 -27.976035 -27.353509 0 0 0 -28.059255 0 0 0 0 0 0 0 0 0 0 0 0 0 0 0 0 0 0 0 0 0 0 0 0 0 0 0 0 0 
0 0 0 0 0 0 0 0 0 0 0 0 0 0 0 0 0 0 0 0 0 0 0 0 0 0 0 0 0 0 -30.432874 -30.302844 0 0 0 -41.024028 -30.524017 0 0 0 0 0 0 0 0 0 0 0 0 -29.496899 -31.541263 0 0 0 -27.849116 -27.42488 0 0 0 -31.126301 -28.059255 0 0 0 0 0 0 0 0 0 0 0 0 0 0 0 0 0 0 0 0 0 0 0 0 0 0 0 0 
0 0 0 0 0 0 0 0 0 0 0 0 0 0 0 0 0 0 0 0 0 0 0 0 0 0 0 0 0 0 -30.124259 -30.432874 0 0 0 -40.071546 -41.024028 0 0 0 0 0 0 0 0 0 0 0 0 -31.541263 -36.445287 0 0 0 -27.42488 -27.333009 0 0 0 -30.075155 -28.664963 0 0 0 0 0 0 0 0 0 0 0 0 0 0 0 0 0 0 0 0 0 0 0 0 0 0 0 0 
0 0 0 0 0 0 0 0 0 0 0 0 0 0 0 0 0 0 0 0 0 0 0 0 0 0 0 0 0 0 -29.370631 -30.124259 0 0 0 0 -40.071546 0 0 0 0 0 0 0 0 0 0 0 0 -36.445287 -33.406493 0 0 0 -27.333009 -27.524295 0 0 0 -28.664963 -28.22752 0 0 0 0 0 0 0 0 0 0 0 0 0 0 0 0 0 0 0 0 0 0 0 0 0 0 0 0 
0 0 0 0 0 0 0 0 0 0 0 0 0 0 0 0 0 0 0 0 0 0 0 0 0 0 0 0 0 0 -28.719066 -29.370631 0 0 0 0 0 0 0 0 0 0 0 0 0 0 0 0 0 -33.406493 -41.054953 0 0 0 -27.501266 -27.527318 0 0 0 -28.22752 -28.174069 0 0 0 0 0 0 0 0 0 0 0 0 0 0 0 0 0 0 0 0 0 0 0 0 0 0 0 0 
0 0 0 0 0 0 0 0 0 0 0 0 0 0 0 0 0 0 0 0 0 0 0 0 0 0 0 0 0 0 -28.130464 -28.719066 0 0 0 0 0 0 0 0 0 0 0 0 0 0 0 0 0 -41.054953 0 0 0 0 -27.444254 -27.388904 0 0 0 -28.174069 -28.726285 0 0 0 0 0 0 0 0 0 0 0 0 0 0 0 0 0 0 0 0 0 0 0 0 0 0 0 0 
0 0 0 0 0 0 0 0 0 0 0 0 0 0 0 0 0 0 0 0 0 0 0 0 0 0 0 0 0 0 -27.395826 -28.130464 0 0 0 0 0 0 0 0 0 0 0 0 0 0 0 0 0 0 0 0 0 0 -27.316488 -27.334164 0 0 0 -28.726285 -31.551248 0 0 0 0 0 0 0 0 0 0 0 0 0 0 0 0 0 0 0 0 0 0 0 0 0 0 0 0 
0 0 0 0 0 0 0 0 0 0 0 0 0 0 0 0 0 0 0 0 0 0 0 0 0 0 0 0 0 0 -27.150754 -27.395826 0 0 0 0 0 0 0 0 0 0 0 0 0 0 0 0 0 0 0 0 0 0 -27.232723 -27.278779 0 0 0 -33.880157 -38.179871 0 0 0 0 0 0 0 0 0 0 0 0 0 0 0 0 0 0 0 0 0 0 0 0 0 0 0 0 
0 0 0 0 0 0 0 0 0 0 0 0 0 0 0 0 0 0 0 0 0 0 0 0 0 0 0 0 0 0 -27.959693 -27.150754 0 0 0 0 0 0 0 0 0 0 0 0 0 0 0 0 0 -37.246087 0 0 0 0 -27.00083 -27.232723 0 0 0 0 -41.12942 0 0 0 0 0 0 0 0 0 0 0 0 0 0 0 0 0 0 0 0 0 0 0 0 0 0 0 0 
0 0 0 0 0 0 0 0 0 0 0 0 0 0 0 0 0 0 0 0 0 0 0 0 0 0 0 0 0 0 -34.535172 -27.780706 -29.738821 0 0 0 0 0 0 0 0 0 0 0 0 0 0 0 0 -31.684417 -37.246087 0 0 0 -26.864593 -27.00083 0 0 0 0 0 0 0 0 0 0 0 0 0 0 0 0 0 0 0 0 0 0 0 0 0 0 0 0 0 0 0 0 0 
0 0 0 0 0 0 0 0 0 0 0 0 0 0 0 0 0 0 0 0 0 0 0 0 0 0 -41.102028 0 0 0 0 -28.386269 -27.780706 0 0 0 0 0 0 0 0 0 0 0 0 0 0 0 0 -29.959907 -31.684417 -41.103433 -37.990239 -36.811898 -26.832579 -26.864593 0 0 0 0 0 0 0 0 0 0 0 0 0 0 0 0 0 0 0 0 0 0 0 0 0 0 0 0 0 0 0 0 0 
0 0 0 0 0 0 0 0 0 0 0 0 0 0 0 0 0 0 0 0 0 0 0 0 0 0 -36.169426 -41.102028 0 0 0 -28.678868 -28.386269 0 0 0 0 0 0 0 0 0 0 0 0 0 0 0 0 -27.434836 -29.959907 -29.256604 -29.504856 -30.977212 -26.847001 -26.832579 0 0 0 0 0 0 0 0 0 0 0 0 0 0 0 0 0 -32.892745 0 0 0 0 0 0 0 0 0 0 0 0 0 0 0 
0 0 0 0 0 0 0 0 0 0 0 0 0 0 0 0 0 0 0 0 0 0 0 0 0 0 -35.907762 -36.169426 0 0 0 -28.560838 -28.678868 0 0 0 0 0 0 0 0 0 0 0 0 0 0 0 0 -27.038624 -27.434836 -28.795561 -29.256604 -29.504856 -26.855469 -26.847001 0 0 0 0 0 0 0 0 0 0 0 0 0 0 0 0 0 -29.645894 -32.892745 0 0 0 0 0 0 0 0 0 0 0 0 0 0 
0 0 0 0 0 0 0 0 0 0 0 0 0 0 0 0 0 0 0 0 0 0 0 0 0 0 0 -35.907762 0 0 0 -28.889978 -28.560838 0 0 0 0 0 0 0 0 0 0 0 0 0 0 0 0 -27.77149 -27.038624 -27.24518 -28.795561 -29.766248 -26.917376 -26.855469 0 0 0 0 0 0 0 0 0 0 0 0 0 0 0 0 0 -30.471482 -29.645894 0 0 0 0 0 0 0 0 0 0 0 0 -41.113267 0 
0 0 0 0 0 0 0 0 0 0 0 0 0 0 0 0 0 0 0 0 0 0 0 0 0 0 -31.51152 0 0 0 0 -31.100835 -28.889978 0 0 0 0 0 0 0 0 0 0 0 0 0 0 0 0 -28.198899 -26.802224 -26.84607 0 -41.118886 -26.974859 -26.917376 0 0 0 0 0 0 0 0 -33.165303 0 0 0 0 0 0 0 0 -34.044792 -30.471482 0 0 0 0 0 0 0 0 0 0 0 0 -31.017748 0 
0 0 0 0 0 0 0 0 0 0 0 0 0 0 0 0 0 0 0 0 0 0 0 0 0 0 -31.433744 -31.51152 0 0 0 -28.191079 -31.100835 0 0 0 0 0 0 0 0 0 0 0 0 0 0 0 0 0 -26.843984 -26.802224 0 0 -27.068156 -26.974859 0 0 0 0 0 0 0 0 -28.11148 -33.165303 0 0 -41.106243 0 0 0 0 -31.405141 -34.044792 0 0 0 0 0 0 0 0 0 0 0 0 -41.065494 0 
0 0 0 0 0 0 0 0 0 0 0 0 0 0 0 0 0 0 0 0 0 0 0 0 0 0 -30.491039 -31.433744 0 0 0 -27.760354 -28.191079 0 0 0 0 0 0 0 0 0 0 0 0 0 0 0 0 0 -26.890331 -26.843984 0 0 -27.119798 -27.068156 0 0 0 0 0 0 0 0 -27.741446 -28.11148 0 0 -33.132124 -41.106243 0 0 0 -29.645894 -31.405141 0 0 0 0 0 0 0 0 0 0 0 0 0 0 
0 0 0 0 0 0 0 0 0 0 0 0 0 0 0 0 0 0 0 0 0 0 0 0 0 0 -28.965084 -30.491039 0 0 0 -27.225855 -27.760354 0 0 0 0 0 0 0 0 0 0 0 0 0 0 0 0 0 -26.952551 -26.890331 0 0 -27.066307 -27.119798 0 0 0 0 0 0 0 0 -28.309345 -27.741446 0 0 0 -33.132124 0 0 0 -29.023285 -29.645894 0 0 0 0 0 0 0 0 0 0 0 0 0 0 
0 0 0 0 0 0 0 0 0 0 0 0 0 0 0 0 0 0 0 0 0 0 0 0 0 0 -28.816005 -28.965084 0 0 0 -26.961471 -27.225855 0 0 0 0 0 0 0 0 0 0 0 0 0 0 0 0 0 -26.810242 -26.952551 0 0 -27.174893 -27.066307 0 0 0 0 0 0 0 0 -28.391827 -28.309345 0 0 0 0 0 0 0 0 -29.023285 0 0 0 0 0 0 0 0 0 0 0 0 0 0 
0 0 0 0 0 0 0 0 0 0 0 0 0 0 0 0 0 0 0 0 0 0 0 0 0 0 -29.51686 -28.816005 0 0 0 -26.837559 -26.961471 0 0 0 0 0 0 0 0 0 0 0 0 0 0 0 0 0 -26.700598 -26.810242 0 0 -26.937477 -27.174893 0 0 0 0 0 0 0 0 -28.953712 -28.391827 0 0 0 0 0 0 0 0 0 0 0 0 0 0 0 0 0 0 0 0 0 0 0 
0 0 0 0 0 0 0 0 0 0 0 0 0 0 0 0 0 0 0 0 0 0 0 0 0 0 -28.914587 -29.51686 0 0 -41.142761 -26.98326 -26.837559 0 0 0 0 0 0 0 0 0 0 0 0 0 0 0 0 0 -26.729984 -26.700598 0 0 -26.808753 -26.937477 0 0 0 -32.16199 0 0 0 0 0 -28.953712 0 0 0 -30.048377 0 0 0 0 0 0 0 0 0 0 0 0 0 0 0 0 0 0 0 
0 0 0 0 0 0 0 0 0 0 0 0 -37.124251 0 0 0 0 0 0 0 0 0 0 0 0 0 -27.745393 -28.914587 0 -39.515883 -29.111854 -28.348072 -26.98326 0 0 0 0 0 0 0 0 0 0 0 0 0 0 0 0 0 -26.736089 -26.729984 0 -35.689608 -26.882931 -26.808753 0 0 0 -29.389174 -32.16199 0 0 0 -29.189174 0 0 0 0 0 -30.048377 0 0 0 0 0 0 0 0 0 0 0 0 0 0 0 0 -31.924951 0 
0 0 0 0 0 0 0 0 0 0 0 0 -29.162977 -37.124251 0 0 0 0 0 0 0 0 0 0 0 0 -27.117361 -27.745393 -41.12029 0 -39.515883 -29.111854 -28.651201 0 0 0 0 0 0 0 0 0 0 0 0 0 0 0 0 0 -26.809178 -26.736089 0 -35.781915 -26.999856 -26.882931 0 0 0 -29.192479 -29.389174 0 0 0 -29.87522 -29.189174 0 0 0 -28.406777 0 0 0 0 0 0 0 0 0 0 0 0 0 0 0 0 0 -27.749358 -31.924951 
0 0 0 0 0 0 0 -41.128718 0 0 0 0 -28.903598 -29.162977 0 0 0 0 0 0 0 0 0 0 0 0 -26.762131 -27.117361 -30.598301 -41.12029 0 0 0 0 0 0 0 0 0 0 0 0 0 0 0 0 0 0 0 0 -27.049237 -26.809178 0 0 -28.367926 -26.999856 0 0 0 -30.898072 -29.192479 0 0 0 -41.03176 -29.87522 0 0 0 -27.77865 -28.406777 0 0 0 0 0 0 0 0 0 0 0 0 0 0 0 0 -27.005403 -27.749358 
0 0 0 0 0 0 0 -40.887624 -41.128718 0 0 0 -36.445287 -28.903598 0 0 0 0 0 0 0 0 0 0 0 0 -26.762509 -26.762131 -34.753453 0 0 0 0 0 0 0 0 0 0 0 0 0 0 0 0 0 0 0 0 0 -27.209491 -27.049237 0 0 -38.131903 -35.225317 -32.801434 0 0 0 -30.898072 0 0 0 0 -41.03176 0 0 0 -27.913437 -27.77865 0 0 0 0 0 0 0 0 0 0 0 0 0 0 0 0 -28.456682 -27.005403 
0 0 0 -39.515883 0 0 0 -41.05425 -40.887624 0 0 0 0 -36.445287 0 0 0 0 0 0 0 0 0 0 0 -41.050034 -27.140528 -26.762509 0 0 0 0 0 0 0 0 0 0 0 0 0 0 0 0 0 0 0 0 0 0 -27.318742 -27.209491 0 0 -41.094301 -31.501676 -28.653485 0 0 0 0 0 0 0 0 0 0 0 0 -27.712405 -27.913437 0 0 0 0 0 0 0 0 0 0 0 0 0 0 0 0 -28.456682 0 
0 0 0 0 -39.515883 0 0 -41.091491 -41.05425 0 0 0 0 0 0 0 0 0 0 0 0 0 0 0 0 0 -29.850998 -27.140528 0 0 0 0 0 0 0 0 0 0 0 0 0 0 0 0 0 0 0 0 0 0 -27.455857 -27.377107 0 -41.094301 0 -28.653485 -28.059255 0 0 0 0 0 0 0 0 0 0 0 0 -34.535172 -27.712405 0 0 0 0 0 0 0 0 0 0 0 0 0 0 0 0 0 -41.125909 
0 0 0 -41.032463 0 0 0 0 -41.091491 0 0 0 0 0 0 0 0 0 0 0 0 0 0 0 0 0 0 -29.850998 0 0 0 0 0 0 0 0 0 0 0 0 0 0 0 0 0 0 0 0 0 0 -27.434836 -27.477504 0 0 0 -28.059255 -28.931227 0 0 0 0 0 0 0 0 -38.57772 0 0 0 -28.028073 -26.864593 0 0 0 0 0 0 0 0 0 0 0 0 0 0 0 0 0 0 
0 0 0 -40.333446 -41.032463 0 0 0 -31.266528 0 0 0 0 0 0 0 0 0 0 0 0 0 0 0 0 0 0 0 0 0 0 0 0 0 0 0 0 0 0 0 0 0 0 0 0 0 0 0 0 0 -27.545711 -27.434836 0 0 0 -28.931227 -30.458538 0 0 0 0 0 0 0 -38.57772 -34.327512 0 0 0 -26.864593 -27.834798 0 0 0 0 0 0 0 0 0 0 0 0 0 0 0 0 0 0 
0 0 0 -41.015593 -40.333446 0 0 0 -32.08891 -31.266528 0 0 0 0 0 0 0 0 0 0 0 0 0 0 0 0 0 0 0 0 0 0 0 0 0 0 0 0 0 0 0 0 0 0 0 0 0 0 0 0 -28.099965 -27.545711 0 0 0 -30.458538 -32.186741 0 0 0 0 0 0 0 -34.327512 -41.053548 0 0 0 -27.834798 -28.828936 0 0 0 0 0 0 0 0 0 0 0 0 0 0 0 0 0 0 
0 0 0 -41.00294 -33.050505 0 0 0 -32.640163 -32.08891 0 0 0 0 0 0 0 0 0 0 0 0 -30.544037 0 0 0 0 0 0 0 0 0 0 0 0 0 0 0 0 0 0 0 0 0 0 0 0 0 0 0 -28.373399 -28.099965 0 0 0 -32.186741 -37.716608 0 0 0 0 0 0 0 -41.053548 0 0 0 0 -28.828936 -29.27391 0 0 0 0 0 0 0 0 0 0 0 0 0 0 0 0 0 0 
0 0 0 -33.050505 -28.914587 0 0 0 -32.041146 -32.640163 0 0 0 0 0 0 0 0 0 0 0 0 -28.211528 -30.544037 0 0 0 0 0 0 0 0 0 0 0 0 0 0 0 0 0 0 0 0 0 0 0 0 0 0 -28.922883 -28.373399 0 0 0 -37.716608 -40.400451 0 0 0 0 0 0 0 0 0 0 0 0 -29.27391 -30.208782 0 0 0 0 0 0 0 0 0 0 0 0 -41.005752 0 0 0 0 0 
0 0 0 -28.914587 -27.717177 0 0 0 -32.262202 -32.041146 0 0 0 0 0 0 0 0 0 0 0 0 -27.380192 -28.211528 0 0 0 0 0 0 0 0 0 0 0 0 0 0 0 0 0 0 0 0 0 0 0 0 0 0 -29.284381 -28.922883 0 0 0 -40.400451 -41.104136 0 0 0 0 0 0 0 0 0 0 0 0 -30.208782 -35.308951 0 0 0 0 0 0 0 0 0 0 0 0 -30.754437 -29.48503 0 0 0 0 
0 0 0 -27.717177 -27.574951 0 0 0 -32.313541 -31.266528 0 0 0 0 0 0 0 0 0 0 0 0 -27.070383 -27.380192 0 0 0 0 0 0 0 0 0 0 0 0 0 0 0 0 0 0 0 0 0 0 0 0 0 0 -29.990687 -29.284381 0 0 0 -41.104136 0 0 0 0 0 0 0 0 0 0 0 0 0 -35.308951 -41.066899 0 0 0 0 0 0 0 0 0 0 0 0 -28.793026 -27.780706 0 0 0 0 
0 0 0 -27.574951 -27.851339 0 0 0 -31.266528 -28.973671 0 0 0 0 0 0 0 0 0 0 0 0 -27.078628 -27.070383 0 0 0 0 0 0 0 0 0 0 0 0 0 0 0 0 0 0 0 0 0 0 0 0 0 0 -30.937325 -29.990687 0 0 0 0 0 0 0 0 0 0 0 0 0 0 0 0 0 -41.066899 0 0 0 0 0 0 0 0 0 0 0 0 0 -27.780706 -27.41832 0 0 0 0 
0 0 0 -27.851339 -29.05628 0 0 0 -28.973671 -28.406777 0 0 0 0 0 0 0 0 0 0 0 0 -27.208542 -27.078628 0 0 0 0 0 0 0 0 0 0 0 0 0 0 0 0 0 0 0 0 0 0 0 0 0 0 -34.488135 -30.937325 0 0 0 0 0 0 0 0 0 0 0 0 0 0 0 0 0 0 0 0 0 0 0 0 0 0 0 0 0 0 0 -27.41832 -27.296541 0 0 0 0 
0 0 0 -29.05628 -41.047223 0 0 0 -28.406777 -28.373399 0 0 0 0 0 0 0 0 0 0 0 0 -27.567737 -27.208542 0 0 0 0 0 0 0 0 0 0 0 0 0 0 0 0 0 0 0 0 0 0 0 0 0 0 -41.066197 -34.488135 0 0 0 0 0 0 0 0 0 0 0 0 0 0 0 0 0 0 0 0 0 0 0 0 0 0 0 0 0 0 0 -27.296541 -27.331856 0 0 0 0 
0 0 0 -41.047223 0 0 0 0 -28.373399 -28.928441 0 0 0 0 0 0 0 0 0 0 0 0 -27.973503 -27.968459 0 0 0 0 0 0 0 0 0 0 0 0 0 0 0 0 0 0 0 0 0 0 0 0 0 0 0 -41.066197 0 0 0 -41.134335 0 0 0 0 0 0 0 0 0 0 0 0 0 0 0 0 0 0 0 0 0 0 0 0 0 0 0 -27.331856 -27.476088 0 0 0 0 
0 0 0 0 0 0 0 0 -28.928441 -30.41382 0 0 0 0 0 0 0 0 0 0 0 0 -28.586642 -30.226104 0 0 0 0 0 0 0 0 0 0 0 0 0 0 0 0 0 0 0 0 0 0 -27.235195 -32.10097 0 0 0 0 0 0 0 -34.023837 -41.134335 0 0 0 0 0 0 0 0 0 0 0 0 0 0 0 0 0 0 0 0 0 0 0 0 0 0 -27.476088 -27.653575 0 0 0 0 
0 0 0 0 -34.803485 0 0 0 -30.075155 -31.482094 0 0 0 0 0 0 0 0 0 0 0 0 -30.226104 -33.249618 0 0 0 0 0 0 0 0 0 0 0 0 0 0 0 0 0 0 0 0 0 -41.131527 -27.721977 -27.235195 0 0 0 0 0 0 0 -31.611927 -34.023837 0 0 0 0 0 0 0 0 0 0 0 0 0 0 0 0 0 0 0 0 0 0 0 0 0 0 -27.653575 -28.017447 0 0 0 0 
0 0 0 -34.327512 -28.444983 0 0 0 -29.242891 -30.075155 0 0 0 0 0 0 0 0 0 0 0 0 -33.249618 0 0 0 0 0 0 0 0 0 0 0 0 0 0 0 0 0 0 0 0 0 0 0 -35.116114 -27.721977 0 0 0 0 0 0 0 -33.148675 -31.611927 0 0 0 0 0 0 0 0 0 0 0 0 0 0 0 0 0 0 0 0 0 0 0 0 0 0 -28.017447 -29.611697 0 0 0 0 
0 0 0 -28.444983 -27.705767 0 0 0 -29.537051 -29.242891 0 0 0 0 0 0 0 0 0 0 0 0 0 0 0 0 0 0 0 0 0 0 0 0 0 0 0 0 0 0 0 0 0 0 0 0 0 -35.116114 0 0 -41.104136 0 0 0 0 -34.023837 -33.148675 0 0 0 0 0 0 0 0 0 0 0 0 0 0 0 0 0 0 0 0 0 0 0 0 0 0 -29.611697 0 0 0 0 0 
0 0 0 -27.705767 -28.375229 0 0 0 -30.754437 -29.537051 0 0 0 0 0 0 0 0 0 0 0 0 0 0 0 0 0 0 0 0 0 0 0 0 0 0 0 0 0 0 0 0 0 0 0 0 0 0 0 0 -41.097111 -41.104136 0 0 0 -35.907762 -34.023837 0 0 0 0 0 0 0 0 0 0 0 0 0 0 0 0 0 0 0 0 0 0 0 0 0 0 0 0 0 0 0 0 
0 0 0 -28.33384 -28.959387 0 0 0 -29.934617 -29.077655 0 0 0 0 0 0 0 0 0 0 0 0 0 0 0 0 0 0 0 0 0 0 0 0 0 0 0 0 0 0 0 0 0 0 0 0 0 0 0 0 0 -41.097111 0 0 0 -41.00294 -35.907762 0 0 0 0 0 0 0 0 0 0 0 0 0 0 0 0 0 0 0 0 0 0 0 0 0 0 0 0 0 0 0 0 
0 0 0 -28.934019 -28.33384 0 0 0 -29.077655 -29.074583 0 0 0 0 0 0 0 0 0 0 0 0 0 0 0 0 0 0 0 0 0 0 0 0 0 0 0 0 0 0 0 0 0 0 0 0 0 0 0 0 0 0 0 0 0 0 -41.00294 0 0 0 0 0 0 0 0 0 0 0 0 0 0 0 0 0 0 0 0 0 0 0 0 0 0 0 0 0 0 0 0 
0 0 0 -29.032213 -28.934019 0 0 0 -29.074583 -31.275547 0 0 0 0 0 0 0 0 0 0 0 0 0 0 0 0 0 0 0 0 0 0 0 0 0 0 0 0 0 0 0 -30.754437 0 0 0 0 0 0 0 0 0 0 0 0 0 0 0 0 0 0 0 0 0 0 0 0 0 0 0 0 0 0 0 0 0 0 0 0 0 0 0 0 0 0 0 0 0 0 0 
0 0 0 -41.003643 -29.032213 0 0 0 -29.89975 -34.655077 0 0 0 0 0 0 0 0 0 0 0 0 0 0 0 0 0 0 0 0 0 0 0 0 0 0 0 0 0 0 0 -27.217618 -30.754437 0 0 0 0 0 0 0 0 0 0 0 0 0 0 0 0 0 0 0 0 0 0 0 0 0 0 0 0 0 0 0 0 0 0 0 0 0 0 0 0 0 0 0 0 0 0 
0 0 0 -28.482419 -41.003643 0 0 0 -41.102731 -29.89975 0 0 0 0 0 0 0 0 0 0 0 0 0 0 0 0 0 0 0 0 0 0 0 0 0 0 0 0 0 0 0 -27.223907 -27.217618 0 0 0 0 0 0 0 0 0 0 0 0 0 0 0 0 0 0 0 0 0 0 0 0 0 0 0 0 0 0 0 0 0 0 0 0 0 0 0 0 0 0 0 0 0 0 
0 0 0 -27.964692 -28.482419 0 0 0 -32.300627 -41.102731 0 0 0 0 0 0 0 0 0 0 0 0 0 0 0 0 0 0 0 0 0 0 0 0 0 0 0 0 0 0 0 -27.939947 -27.223907 0 0 0 0 0 0 0 0 0 0 0 0 0 0 0 0 0 0 0 0 0 0 0 0 0 0 0 0 0 0 0 0 0 0 0 0 0 0 0 0 0 0 0 0 0 0 
0 0 0 -28.029409 -27.964692 0 0 0 -41.132931 -32.300627 0 0 0 0 0 0 0 0 0 0 0 0 0 0 0 0 0 0 0 0 0 0 0 0 0 0 0 0 0 0 0 -34.905285 -27.939947 0 0 0 0 0 0 0 0 0 0 0 0 0 0 0 0 0 0 0 0 0 0 0 0 0 0 0 0 0 0 0 0 0 0 0 0 0 0 0 0 0 0 0 0 0 0 
0 0 0 -28.7287 -28.029409 0 0 0 0 -41.132931 0 0 0 0 0 0 0 0 0 0 0 0 0 0 0 0 0 0 0 0 0 0 0 0 0 0 0 0 0 -41.135038 0 0 -34.905285 0 0 0 0 0 0 0 0 0 0 0 0 0 0 0 0 0 0 0 0 0 0 0 0 0 0 0 0 0 0 0 0 0 0 0 0 0 0 0 0 0 0 0 0 0 0 
0 0 0 -29.48503 -28.7287 -27.796282 0 0 0 -41.097111 0 0 0 0 0 0 0 0 0 0 0 0 0 0 0 0 0 0 0 0 0 0 0 0 0 0 0 0 -31.143419 0 -41.135038 0 0 0 0 0 0 0 0 0 0 0 0 0 0 0 0 0 0 0 0 0 0 0 0 0 0 0 0 0 0 0 0 0 0 0 0 0 0 0 0 0 0 0 0 0 0 0 0 
0 0 0 -29.232681 -27.796282 -27.470451 0 0 -41.097111 -31.541263 0 0 0 0 0 0 0 0 0 0 0 0 0 0 0 0 0 0 0 0 0 0 0 0 0 0 0 -34.28273 -33.551748 -31.143419 0 0 0 0 0 0 0 0 0 0 0 0 0 0 0 0 0 0 0 0 0 0 0 0 0 0 0 0 0 0 0 0 0 0 0 0 0 0 0 0 0 0 0 0 0 0 0 0 0 
0 0 0 0 -27.470451 -27.295995 0 0 -31.541263 -29.090003 0 0 0 0 -33.702815 0 0 0 0 0 0 0 0 0 0 0 0 0 0 0 0 0 0 0 0 0 0 -26.987674 -26.987674 0 0 0 0 0 0 0 0 0 0 0 0 0 0 0 0 0 0 0 0 0 0 0 0 0 0 0 0 0 0 0 0 0 0 0 0 0 0 0 0 0 0 0 0 0 0 0 0 0 0 
0 0 0 0 -27.295995 -27.484625 0 0 -29.090003 -30.625922 0 0 0 -33.702815 -29.189174 0 0 0 0 0 0 0 0 0 0 0 0 0 0 0 0 0 0 0 0 0 0 -26.777913 -26.987674 0 0 0 0 0 0 0 0 0 0 0 0 0 0 0 0 0 0 0 0 0 0 0 0 0 0 0 0 0 0 0 0 0 0 0 0 0 0 0 0 0 0 0 0 0 0 0 0 0 0 
0 0 0 0 -27.484625 -29.537051 0 0 -30.625922 0 0 0 0 -29.189174 -28.704741 0 0 0 0 0 0 0 0 0 0 0 0 0 0 0 0 0 0 0 0 0 0 -26.962071 -26.777913 0 0 0 0 0 0 0 0 0 0 0 0 0 0 0 0 0 0 0 0 0 0 0 0 0 0 0 0 0 0 0 0 0 0 0 0 0 0 0 0 0 0 0 0 0 0 0 0 0 0 
0 0 0 0 -28.401149 -31.169313 0 0 -35.539575 0 0 0 0 -28.704741 -30.564235 0 0 0 0 0 0 0 0 0 0 0 0 0 0 0 0 0 0 0 0 0 0 -27.4335 -26.962071 0 0 0 0 0 0 0 0 0 0 0 0 0 0 0 0 0 0 0 0 0 -41.071818 0 0 0 0 0 0 0 0 0 0 0 0 0 0 0 0 0 0 0 0 0 0 0 0 0 0 0 0 
0 0 0 0 -28.169475 -28.401149 0 0 -30.096834 -35.539575 0 0 0 -30.564235 -34.350085 0 0 0 0 0 0 0 0 0 0 0 0 0 0 0 0 0 0 0 0 0 0 -29.729767 -27.4335 0 0 0 0 0 0 0 0 0 0 0 0 0 0 0 0 0 0 0 0 0 0 -41.071818 0 0 0 0 0 0 0 0 0 0 0 0 0 0 0 0 0 0 0 0 0 0 0 0 0 0 0 
0 0 0 0 -28.094255 -28.169475 0 0 -30.776553 -30.096834 0 0 0 0 -31.571328 0 0 0 0 0 0 0 0 0 0 0 0 0 0 0 0 0 0 0 0 0 0 0 -29.729767 0 0 0 0 0 0 0 0 0 0 0 0 0 0 0 0 0 0 0 0 0 0 0 0 0 0 0 0 0 0 0 0 0 0 0 0 0 0 0 0 0 0 0 0 0 0 0 0 0 0 
0 0 0 0 -28.318034 -28.094255 0 0 -37.005026 -30.776553 0 0 0 0 0 0 0 0 0 0 0 0 0 0 0 0 0 0 0 0 0 0 0 0 0 0 0 0 0 0 0 0 0 0 0 0 0 0 0 0 0 0 0 0 0 0 0 0 0 0 0 0 0 0 0 0 0 0 0 0 0 0 0 0 0 0 0 0 0 0 0 0 0 0 0 0 0 0 0 
0 0 0 0 -29.065404 -28.318034 0 0 -41.009267 -37.005026 0 0 0 0 0 0 0 0 0 0 0 0 0 0 0 0 0 0 0 0 0 0 0 0 0 0 0 0 0 0 0 0 0 0 0 0 0 0 0 0 0 0 0 0 0 0 0 0 0 0 0 0 0 0 0 0 0 0 0 0 0 0 0 0 0 0 0 0 0 0 0 0 0 0 0 0 0 0 0 
0 0 0 0 -30.696448 -29.065404 0 0 0 -41.009267 0 0 0 0 0 0 0 0 0 0 0 0 0 0 0 0 0 0 0 0 0 0 0 0 0 0 0 0 0 0 0 0 0 0 0 0 0 0 0 0 0 0 0 0 0 0 0 0 0 0 0 0 0 0 0 0 0 0 0 0 0 0 0 0 0 0 0 0 0 0 0 0 0 0 0 0 0 0 0 
0 0 0 0 -31.042389 -30.696448 0 0 0 -31.835165 -41.079547 0 0 0 0 0 0 0 0 0 0 0 0 0 0 0 0 0 0 0 0 0 -41.063386 0 0 0 0 0 0 0 0 0 0 0 0 0 0 0 0 0 0 0 0 0 0 0 0 0 0 0 0 0 0 0 0 0 0 0 0 0 0 0 0 0 0 0 0 0 0 0 0 0 0 0 0 0 0 0 0 
0 0 0 0 -31.358133 -31.042389 0 0 0 -31.902247 -31.835165 0 0 0 0 0 0 0 0 0 0 0 0 0 0 0 0 0 0 0 0 0 -29.924592 -41.063386 0 0 0 0 0 0 0 0 0 0 0 0 0 0 0 0 0 0 0 0 0 0 0 0 0 0 0 0 0 0 0 0 0 0 0 0 0 0 0 0 0 0 0 0 0 0 0 0 0 0 0 0 0 0 0 
0 0 0 0 -31.075622 -31.358133 0 0 0 -30.798877 -31.902247 0 0 0 0 0 0 0 0 0 0 0 0 0 0 0 0 0 0 0 0 0 -29.102452 -29.924592 0 0 0 0 0 0 0 0 0 0 0 0 0 0 0 0 0 0 0 0 0 0 0 0 0 0 0 0 0 0 0 0 0 0 0 0 0 0 0 0 0 0 0 0 0 0 0 0 0 0 0 0 0 0 0 
0 0 0 0 -34.931104 -31.075622 0 0 0 -30.401207 -30.798877 0 0 -41.131527 0 0 0 0 0 0 0 0 0 0 0 0 0 0 0 0 0 0 -30.439263 -29.102452 0 0 0 0 0 0 0 0 0 0 0 0 0 0 0 0 0 0 0 0 0 0 0 0 0 0 0 0 0 0 0 0 0 0 0 0 0 0 0 0 0 0 0 0 0 0 0 0 0 0 0 0 0 0 0 
0 0 0 0 -39.113136 -35.539575 0 0 0 -33.941099 -30.401207 0 0 0 -41.131527 0 0 0 0 0 0 0 0 0 0 0 0 0 0 0 0 0 0 -30.439263 0 0 0 0 0 0 0 0 0 0 0 0 0 0 0 0 0 0 0 0 0 0 0 0 0 0 0 0 0 0 0 0 0 0 0 0 0 0 0 0 0 0 0 0 0 0 0 0 0 0 0 0 0 0 0 
0 0 0 0 -41.016296 -39.39831 0 0 0 -41.064791 -33.941099 0 0 0 0 0 0 0 0 0 0 0 0 0 0 0 0 0 0 0 0 0 0 0 0 0 0 0 0 0 0 0 0 0 0 0 0 0 0 0 0 0 0 0 0 0 0 0 0 0 0 0 0 0 0 0 0 0 0 0 0 0 0 0 0 0 0 0 0 0 0 0 0 0 0 0 0 0 0 
0 0 0 0 -40.00756 -38.375599 0 0 0 -41.028246 -41.054953 0 0 0 0 0 0 0 0 0 0 0 0 0 0 0 0 0 0 0 0 0 0 0 0 0 0 0 0 0 0 0 0 0 0 0 0 0 0 0 0 0 0 0 0 0 0 0 0 0 0 0 0 0 0 0 0 0 0 0 0 0 0 0 0 0 0 0 0 0 0 0 0 0 0 0 0 0 0 
0 0 0 0 -36.27115 -31.092403 0 0 0 -40.959923 -39.575446 0 0 0 0 0 0 0 0 0 0 0 0 0 0 0 0 0 0 0 0 0 0 0 0 0 0 0 0 0 0 0 0 0 0 0 0 0 0 0 0 0 0 0 0 0 0 0 0 0 0 0 0 0 0 0 0 0 0 0 0 0 0 0 0 0 0 0 0 0 0 0 0 0 0 0 0 0 0 
0 0 0 0 -31.092403 -30.828968 0 0 0 -38.526573 -38.228221 0 0 0 0 0 0 0 0 0 0 0 0 0 0 0 0 0 0 0 0 0 0 0 0 0 0 0 0 0 0 0 0 0 0 0 0 0 0 0 0 0 0 0 0 0 0 0 0 0 0 0 0 0 0 0 0 0 0 0 0 0 0 0 0 0 0 0 0 0 0 0 0 0 0 0 0 0 0 
0 0 0 0 -30.828968 -33.900367 0 0 0 -38.228221 -35.451764 0 0 0 0 0 0 0 0 0 0 0 0 0 0 0 0 0 0 0 0 0 0 0 0 0 0 0 0 0 0 0 0 0 0 0 0 0 0 0 0 0 0 0 0 0 0 0 0 0 0 0 0 0 0 0 0 0 0 0 0 0 0 0 0 0 0 0 0 0 0 0 0 0 0 0 0 0 0 
0 0 0 0 -33.900367 -38.733697 0 0 0 -35.451764 -33.082927 0 0 0 0 0 0 0 0 0 0 0 0 0 0 0 0 0 0 0 0 0 0 0 0 0 0 0 0 0 0 0 0 0 0 0 0 0 0 0 0 0 0 0 0 0 0 0 0 0 0 0 0 0 0 0 0 0 0 0 0 0 0 0 0 0 0 0 0 0 0 0 0 0 0 0 0 0 0 
0 0 0 0 -38.733697 -41.020514 0 0 0 -33.082927 -32.583399 0 0 0 0 0 0 0 0 0 0 0 0 0 0 0 0 0 0 0 0 0 0 0 0 0 0 0 0 0 0 0 0 0 0 0 0 0 0 0 0 0 0 0 0 0 0 0 0 0 0 0 0 0 0 0 0 0 0 0 0 0 0 0 0 0 0 0 0 0 0 0 0 0 0 0 0 0 0 
0 0 0 0 -41.020514 -33.780638 0 0 0 -32.583399 -31.491868 0 0 0 0 0 0 0 0 0 0 0 0 0 0 0 0 0 0 0 0 0 0 0 0 0 0 0 0 0 0 0 0 0 0 0 0 0 0 0 0 0 0 0 0 0 0 0 0 0 0 0 0 0 0 0 0 0 0 0 0 0 0 0 0 0 0 0 0 0 0 0 0 0 0 0 0 0 0 
0 0 0 0 -33.780638 -30.882545 0 0 0 -31.491868 -31.126301 0 0 0 0 0 0 0 0 0 0 0 0 0 0 0 0 0 0 0 0 0 0 0 0 0 0 0 0 0 0 0 0 0 0 0 0 0 0 0 0 0 0 0 0 0 0 0 0 0 0 0 0 0 0 0 0 0 0 0 0 0 0 0 0 0 0 0 0 0 0 0 0 0 0 0 0 0 0 
0 0 0 0 -30.882545 -30.302844 0 0 0 -31.126301 -31.857355 0 0 0 0 0 0 0 0 0 0 0 0 0 0 0 0 0 0 0 0 0 0 0 0 0 0 0 0 0 0 0 0 0 0 0 0 0 0 0 0 0 0 0 0 0 0 0 0 0 0 0 0 0 0 0 0 0 0 0 0 0 0 0 0 0 0 0 0 0 0 0 0 0 0 0 0 0 0 
0 0 0 0 -30.302844 -32.249498 0 0 0 -31.857355 -37.80642 0 0 0 0 0 0 0 0 0 0 0 0 0 0 0 0 0 0 0 0 0 0 0 0 0 0 0 0 0 0 0 0 0 0 0 0 0 0 0 0 0 0 0 0 0 0 0 0 0 0 0 0 0 0 0 0 0 0 0 0 0 0 0 0 0 0 0 0 0 0 0 0 0 0 0 0 0 0 
0 0 0 0 -32.249498 -38.32608 0 0 0 -37.80642 -35.539575 0 0 0 0 0 0 0 0 0 0 0 0 0 0 0 0 0 0 0 0 0 0 0 0 0 0 0 0 0 0 0 0 0 0 0 0 0 0 0 0 0 0 0 0 0 0 0 0 0 0 0 0 0 0 0 0 0 0 0 0 0 0 0 0 0 0 0 0 0 0 0 0 0 0 0 0 0 0 
0 0 0 0 -38.32608 -41.052142 0 0 0 -35.539575 -36.445287 0 0 0 0 -41.076737 0 0 0 0 0 0 0 0 0 0 0 0 0 0 0 0 0 0 0 0 0 0 0 0 0 0 0 0 0 0 0 0 0 0 0 0 0 0 0 0 0 0 0 0 0 0 0 0 0 0 0 0 0 0 0 0 0 0 0 0 0 0 0 0 0 0 0 0 0 0 0 0 0 
0 0 0 0 -41.052142 -41.084465 0 0 0 -36.445287 -38.375599 0 0 0 -41.076737 -38.084311 0 0 0 0 0 0 0 0 0 0 0 0 0 0 0 0 0 0 0 0 0 0 0 0 0 0 0 0 0 0 0 0 0 0 0 0 0 0 0 0 0 0 0 0 0 0 0 0 0 0 0 0 0 0 0 0 0 0 0 0 0 0 0 0 0 0 0 0 0 0 0 0 0 
0 0 0 0 -41.084465 -35.035893 0 0 0 -38.375599 -36.102723 0 0 0 -38.084311 -36.736531 0 0 0 0 0 0 0 0 0 0 0 0 0 0 0 0 0 0 0 0 0 0 0 0 0 0 0 0 0 0 0 0 0 0 0 0 0 0 0 0 0 0 0 0 0 0 0 0 0 0 0 0 0 0 0 0 0 0 0 0 0 0 0 0 0 0 0 0 0 0 0 0 0 
0 0 0 0 -35.035893 -32.405438 0 0 0 -36.102723 -31.663516 0 0 0 -36.736531 0 0 0 0 0 0 0 0 0 0 0 0 0 0 0 0 0 0 0 0 0 0 0 0 0 0 0 0 0 0 0 0 0 0 0 0 0 0 0 0 0 0 0 0 0 0 0 0 0 0 0 0 0 0 0 0 0 0 0 0 0 0 0 0 0 0 0 0 0 0 0 0 0 0 
0 0 0 0 -32.405438 -33.353452 0 0 0 -31.663516 -29.850998 0 0 0 0 0 0 0 0 0 0 0 0 0 0 0 0 0 0 0 0 0 0 0 0 0 0 0 0 0 0 0 0 0 0 0 0 0 0 0 0 0 0 0 0 0 0 0 0 0 0 0 0 0 0 0 0 0 0 0 0 0 0 0 0 0 0 0 0 0 0 0 0 0 0 0 0 0 0 
0 0 0 0 -33.353452 0 0 0 0 -29.850998 -29.090003 0 0 0 0 0 0 0 0 0 0 0 0 0 0 0 0 0 0 0 0 0 0 0 0 0 0 0 0 0 0 0 0 0 0 0 0 0 0 0 0 0 0 0 0 0 0 0 0 0 0 0 0 0 0 0 0 0 0 0 0 0 0 0 0 0 0 0 0 0 0 0 0 0 0 0 0 0 0 
0 -39.169195 0 0 0 -36.169426 -29.685148 0 0 -29.090003 -29.934617 0 0 0 0 0 0 0 0 0 0 0 0 0 0 0 0 0 0 0 0 0 0 0 0 0 0 0 0 0 0 0 0 0 0 0 0 0 0 0 0 0 0 0 0 0 0 0 0 0 0 0 0 0 0 0 0 0 0 0 0 0 0 0 0 0 0 0 0 0 0 0 0 0 0 0 0 0 0 
-39.169195 0 0 0 0 0 -33.232596 0 0 0 -29.934617 0 0 0 0 0 0 0 0 0 0 0 0 0 0 0 0 0 0 0 0 0 0 0 0 0 0 0 0 0 0 0 0 0 0 0 0 0 0 0 0 0 0 0 0 0 0 0 0 0 0 0 0 0 0 0 0 0 0 0 0 0 0 0 0 0 0 0 0 0 0 0 0 0 0 0 0 0 0 
