NCOLS 92
NROWS 90
XLLCORNER 452078.49
YLLCORNER 3782565.4
CELLSIZE 10
NODATA_VALUE -9999
0 0.0062862225 3.5527137e-15 0 0.055117209 3.5527137e-15 1.4210855e-14 0.03570317 0.07503821 0.057371376 342.02276 24.537271 0 0.0041129562 0 0.0187716 0 0 0 0 0 0 0 0 0 0 0 -3.5527137e-15 0 0 0 0.034164304 0 0.010887213 0 0 0 0 0 0 3.5527137e-15 0 0 0 3.5527137e-15 0.82678163 0.29320096 0.15939067 0.17074893 -3.5527137e-15 0.28928136 0.26601671 0.28125261 0.11856854 0.017800864 0.045708795 -1.0658141e-14 0.05087366 0.032732107 0.018313787 0 12.49157 28.113776 0.00072272072 25.278043 0.00084429764 0 0 0 0 0 0 0 0 0 0 0 0 0 0 0 0 0 0 -3.5527137e-15 0.021249158 0 0 0 0 0 0 
0 0 0 0 0 0.020552855 0.10747991 0.018793198 0.0433592 0.035963205 0.084519673 0 662.22495 0 0 0.026062822 0 3.5527137e-15 7.1054274e-15 0 -3.5527137e-15 0 0 0 3.5527137e-15 0 0 -3.5527137e-15 0 0.020158455 0.034715571 1.0658141e-14 0.0076751294 0 0 0 0 0 0 0 0 0 0 0 0.35864716 0.55151031 0.75619445 0.45261353 0.24060693 -1.0658141e-14 0.29468435 0.28059761 0.20886048 0.2137671 0.18693224 0.080309542 0.024611459 0.051103816 0.029268169 0.02419891 0.019723671 0.011645344 8.4495525 0.0048593513 0.057985448 0.0013143866 0.0021893729 0 0 0 0 0 0 0 0 0 0 0 0 0 0 0.026400614 3.5527137e-15 3.5527137e-15 0 0.0020395962 0.039742981 0 0 0 0 0 
0 0 0 3.5527137e-15 -3.5527137e-15 0 0.051155017 0.089258335 0.021813307 0.10137255 0.10032139 113.4211 353.82552 0.0084920681 0 0 0 -3.5527137e-15 3.5527137e-15 0 -7.1054274e-15 3.5527137e-15 0 3.5527137e-15 0.0080710767 0.032156325 0 0 0.0249337 0.099842922 0.025973474 0.025826937 0 0.030516965 3.5527137e-15 0 3.5527137e-15 0.073502377 0.010671818 0 0.0089550461 0.037503147 -3.5527137e-15 0.041121131 0.9544063 2.1453892 0.75245147 0.53178392 0.10830674 0.073315073 0.15656505 0.019647621 0.063081823 0.059369297 0.11912335 0.022156152 0.032852393 0.021357585 1.0658141e-14 -7.1054274e-15 0 0 42.386008 19.341077 0.0039550346 -3.5527137e-15 3.5527137e-15 0 0 0 0 0 0 0 -7.1054274e-15 0 0 3.5527137e-15 0 0.028079572 0 0 0 0.062354541 0.044798866 0.054048693 0.031862545 0.15842668 0.0039226546 0 0 -3.5527137e-15 
0 0 0 0 0 0.020058844 -3.5527137e-15 0.14056606 0.05430149 0.15202481 0.24345374 0.099588815 167.65521 158.56542 0 -3.5527137e-15 0.043346272 3.5527137e-15 -3.5527137e-15 0 0 -3.5527137e-15 3.5527137e-15 0 3.5527137e-15 3.5527137e-15 -3.5527137e-15 0.0010132733 0.16351786 0.045249986 7.1054274e-15 0.018709197 0.01894177 0.032004365 0.04570556 0 3.5527137e-15 0.045688104 0 0.008907923 0.039479055 0.022153762 1.8790935 2.0366418 1.2813547 1.4437443 0.59274179 0.051411178 0.11797128 0.036968994 0.027311912 0.023242057 0.072580937 0.02398673 0.071976373 0.04473356 0.041801789 0.032824549 1.0658141e-14 3.5527137e-15 0 0 24.183855 13.980886 -2.220446e-15 0 0 0 0 0 0 0 0 -3.5527137e-15 0 -3.5527137e-15 0 -3.5527137e-15 3.5527137e-15 3.5527137e-15 0.034897002 0 0 0 0.044684722 -3.5527137e-15 0.083097915 0.004321227 0.25792409 0 3.5527137e-15 -1.7763568e-15 
0 0 0 0 0.019439961 0.026105491 0.10689914 0.060403322 0.080770913 0.067560513 0.12876405 0.093808777 0.037494215 0 221.51098 0.050924015 7.1054274e-15 0 3.5527137e-15 3.5527137e-15 0.051494172 0.020169476 0.034243111 0.02935098 0.055890452 7.1054274e-15 0.028955452 0.23809739 0.0037757488 0.050848401 0.033893924 0.013823864 0 0.019165257 0.098540492 0.025344999 7.1054274e-15 0.035983156 0.042193345 0.018297266 0.018936053 5.6906185 2.6776538 2.5113799 1.0790815 0.031634185 0.33078766 0.038905372 0.063255279 0.075341124 0.077327988 0.028933217 0.049650712 0.018119531 0.067838223 0.014635639 -1.0658141e-14 3.5527137e-15 3.5527137e-15 -1.0658141e-14 0 0 0 47.6783 0 0 0 0 0 0.0064935082 0 0 -3.5527137e-15 3.5527137e-15 0.04709195 0.065377167 -3.5527137e-15 -7.1054274e-15 -3.5527137e-15 0 -7.1054274e-15 0.021781888 0 3.5527137e-15 3.5527137e-15 0 0.099123919 0 0.15270983 0 0.057545583 0 
-3.5527137e-15 0 0 0 0 0.027553027 0.035794013 0.04971527 0.12675725 0.018402828 0.11752837 0.067752386 0.081511741 26.538605 3.5527137e-15 6.2898995 0.064667683 -7.1054274e-15 0 0.062486473 0.076819275 0 0.035927244 0.029416416 0.027558708 0.21197344 0.15189514 0.10944868 0.096947483 0.087116148 0.0064741767 0.029385344 -3.5527137e-15 0.021154249 3.5527137e-15 0 3.5527137e-15 0.031821704 0.025596974 0.0064583874 7.5169934 4.2674884 0.0017363978 0.40645503 0.082730218 0.031146387 0.028931241 0.056094469 0.24397304 1.0658141e-14 3.5527137e-15 0.093708871 0.018061807 3.5527137e-15 3.5527137e-15 -3.5527137e-15 -1.4210855e-14 3.5527137e-15 0 -3.5527137e-15 3.5527137e-15 0 0 39.81949 0.331658 3.5527137e-15 -3.5527137e-15 0 0 0 0 0 3.5527137e-15 -7.1054274e-15 0.031099732 0.027930529 3.5527137e-15 0 7.1054274e-15 0.023613632 3.5527137e-15 0.044900934 -3.5527137e-15 0 0.0056187717 0 0.029048546 0.28294564 0.097144552 0.052461763 0 0 
3.5527137e-15 0 0 0 0 0 0 0.020766641 0.050694839 0 -3.5527137e-15 0.018919288 0.043364331 0.23453446 54.73128 546.84355 -7.1054274e-15 0.051208804 -7.1054274e-15 -3.5527137e-15 0.16880242 0.035719886 0.034379683 0.1345968 0.080541562 0.13882021 0.11325582 0.10844739 0.10376988 0.10164445 0.062217262 0.051670114 0 0.068877641 0.098607448 -3.5527137e-15 3.5527137e-15 0.034389796 1.1602528 7.0444601 4.3522361 0.23989688 0.10968932 0.097710497 0.071297904 0.37588953 -1.7763568e-14 7.1054274e-15 -2.1316282e-14 0.035136199 0.094248078 -3.5527137e-15 7.1054274e-15 0.07004889 0.063307264 0.043364859 0.021732606 0.010916004 -1.0658141e-14 0 -3.5527137e-15 0 0 0 35.934765 0 0 0 0 0 -3.5527137e-15 0 0 -7.1054274e-15 0 0.054778452 7.1054274e-15 0 2.1316282e-14 0.014901748 0.067551273 0.051056545 0.035970486 0.079378592 0.044010775 0.11510503 0.07294829 0.16841997 0.11906685 0.14246944 0 0 
0 0 0.049969667 0 0 0 0 0 0.018916372 0.030809306 0.05738665 0 0.068536024 0.12624967 0.23313322 496.28096 7.1054274e-15 22.96633 0.057923759 0.084671563 0.14397753 0.018493063 0.089210511 3.5527137e-15 0.39687508 0.1083487 0.073662608 0.10773657 -3.5527137e-15 0.097473267 0.075073987 0.10536869 0.080991377 0.13055972 0.090991981 0.024399556 7.1054274e-15 4.2621384 2.9043249 2.9491422 0.24917621 0.080317645 0.133146 0.1807591 0.052965781 0.024286222 0.11077737 0.31322587 1.0658141e-14 1.4210855e-14 -1.4210855e-14 0.13191203 -3.5527137e-15 7.1054274e-15 -3.5527137e-15 -7.1054274e-15 0 0 0 0 3.5527137e-15 0 0 0 0 0 0.040510766 0 0 0 -7.1054274e-15 0 3.5527137e-15 0.095612545 0.047564626 0.046859496 -7.1054274e-15 -1.0658141e-14 0 0.014129521 0.080504402 0.12756326 0.15626949 0.093264455 0 0.04937914 -7.1054274e-15 0.17749613 0.35024729 0.39520018 0 0 
-7.1054274e-15 0.055138591 0.051211162 0 0 0 0 0 0 0 0 0.097520884 0.079636644 0.0627136 0.13375431 0.17383982 12.419847 1.0261143 539.71921 0.11017314 0.11128441 0.10422159 0 0.10335582 0.15314199 0.099842708 0.20207731 0.020188343 0.10834977 0.249022 0.12167452 3.5527137e-15 0.068742127 0.15627163 0.062599919 0.015893928 6.3258191 4.9415968 0.26258177 0.17679171 0.22064846 0.26653085 0.034683912 7.1054274e-15 -1.7763568e-14 0.068965743 0.10848103 0.045077737 0.097324178 0.03523033 7.1054274e-15 0 7.1054274e-15 0.034687062 0.0088870412 0.0082183048 0.014493259 0.024041815 0.038157075 0 0 0 0 0 15.155622 0 0 0 -3.5527137e-15 -3.5527137e-15 0 0.021927213 0.031733636 0.043899786 0.033279423 0.053469429 0.28038898 0.065715033 0 0.013093923 0.074570167 0.12182309 0.1491797 0.10259958 0.00106434 0.020126264 0.11005262 0.015253298 0.46071003 0.17223459 -3.5527137e-15 0 
3.5527137e-15 0.028187575 0.16750088 -7.1054274e-15 0 0 0 0 0 0 -3.5527137e-15 7.1054274e-15 0.081970535 0.050564129 0.023863254 0.077458522 0.12705126 571.69543 0 133.94289 0.12906485 0.17905124 0.12948011 0.043891036 0.16127476 0.15605207 0 0.11468095 0.17000222 0.320994 0.12675537 0.22206982 0.053921061 0.062210649 0.094837277 2.0325998 6.7178034 0.012275719 0.010644632 -3.5527137e-15 -3.5527137e-15 0.047564155 0.2374281 0 3.5527137e-15 -1.0658141e-14 7.1054274e-15 0.039641244 0.077558688 0.062411521 -1.0658141e-14 0 -7.1054274e-15 0 0 7.1054274e-15 0 -7.1054274e-15 0 -3.5527137e-15 0 0 0 0 -1.7763568e-15 0 0 0 3.5527137e-15 3.5527137e-15 0.020586429 0.038147343 0.11847691 0.070616117 0.023378834 0.088748094 0.10022561 0.25213571 0.035495862 0.04956555 0.044145685 0.16225156 0.15123832 0.12137317 0.11059239 0.011104545 0.19857052 0.11332485 0.34037089 0.46590092 -3.5527137e-15 0 
0.060432431 0.084549383 0.15736314 0.034506923 -3.5527137e-15 3.5527137e-15 0 0 0 0 0 0 0 0 0.011454187 0.019778779 0.005797945 0.02960604 7.6416745 332.66096 0 14.968028 3.5527137e-15 0.092696383 0.0909395 0.13162752 -7.1054274e-15 0.040306644 0.075479104 0.40038749 -3.5527137e-15 0.22782333 0.059430225 0.070895081 5.5565541 4.2543286 1.4210855e-14 0.35725554 0.51941093 0 1.4210855e-14 0.052010653 0.020230117 0.051081746 0.02854833 0.028310053 0.023663814 0.015422741 0.012734432 0.01377056 0.010746495 0 0.12122959 0.020379056 0.034146397 3.5527137e-15 0.044481242 -7.1054274e-15 -4.8849813e-15 0 0 0 0 0.63256959 0 -3.5527137e-15 3.5527137e-15 -3.5527137e-15 7.1054274e-15 3.5527137e-15 0.030593934 0 0.10485625 0 0.12288289 0.072221279 0.091580308 0.11966655 0.22696049 7.1054274e-15 0.018961966 0 0 0.078255078 0.098967505 0.24929459 0.021432478 0.030474562 0.52212247 0.47007782 -3.5527137e-15 0 
0.070868414 0 0 0.016809547 0 0 0 0 0 0 0 0 0 0 0 3.5527137e-15 0.0049507856 0.082634025 0.0517018 0.012808233 17.592866 0.93273103 241.21067 1.7763568e-14 0.75486443 0.30544788 0.23418091 0.15873476 0.1819618 0.17313808 0.14013576 0.16748711 0.13539913 3.5576354 4.8302264 6.550051 0.46840989 0.24278581 0.47052923 0.3823501 0.075764067 0.082841598 0.086782845 0.087798897 0.061814833 0 0.079687304 0.11843347 0.067684114 0.077316846 0.074215418 0.081983199 0.092282611 0.064983638 0.051084851 0.0090683377 -3.5527137e-15 0 4.4408921e-16 0 0 0 0 0 0 0 0 0 3.5527137e-15 -3.5527137e-15 -7.1054274e-15 0.065265726 0.12398168 0.052697857 0.18495678 0.14127676 0.10983576 0.13343618 0.24979915 0 0.039655662 0.29645225 0.27133152 0.13824289 0.18010834 0.2306262 0.25355769 0.70536867 0.67621911 7.1054274e-15 0 0 
0.05568908 0.046534722 0.20537436 0.2234485 0.037622268 0 -3.5527137e-15 0 0 0 0.02924743 0 0.010077873 0 0 -3.5527137e-15 0.036948267 0.005563634 0.00830659 0.060648955 0.009161607 12.045761 1398.9921 0 27.996487 0.22549337 0.18767507 0.12926229 0.20762411 0.17254578 0.28225128 0.2898107 0.95863175 4.9354726 5.1831912 0.29531524 0.061237272 0.03620188 0.037676708 0.079845664 0.032372475 3.5527137e-15 0.19214373 0.061557849 0.050268019 0.062151418 0.028599637 0.033140435 0.030147565 0.10810386 0.042561507 0.076074381 0.084180595 0.080722885 0.087369774 0.10247056 -7.1054274e-15 0.03682585 3.5527137e-15 0 0.037589112 0 0 3.5527137e-15 0 0.045238391 0.079652195 0 7.1054274e-15 0.081767957 0.027612496 0.10007841 0.098416552 0.058387727 0.12585839 0.14528398 0.15642104 0.2615948 0.1823901 0 0.35229883 0.5486446 0.28212704 0.11388149 0.093417997 0.18408468 0.11464621 1.200304 0.57533234 0 3.5527137e-15 0 
0 0.1080472 0.27739594 0.21289285 0.042220228 0.029931307 3.5527137e-15 0 0 0.039728856 0.1018025 3.5527137e-15 -3.5527137e-15 0 0 0 0 0 0.065256712 0.0032660473 0.031527575 7.1054274e-15 0.09134378 28.329784 0.80392767 0.18230073 0.17743802 0.17813495 0.13991852 0.18307527 12.316706 3.3445853 5.8918796 1.1257925 0.43738037 0.45736991 0.4764836 0.54588499 0.29383776 0.23357538 0.18340703 0.19510785 0.059130989 3.5527137e-15 0.067201315 1.4210855e-14 -3.5527137e-15 0.043127489 0.1133136 0.073498981 0.034930207 0.081994217 0.029157291 0.014889498 0.085221153 0.013488906 0.040341347 -3.5527137e-15 -3.5527137e-15 0 0 0 0 0 0 0.057700325 0.065876114 7.1054274e-15 -7.1054274e-15 1.4210855e-14 0 0.071616804 0.22294366 0.038095834 0.18254657 0.09059931 0.17499987 0.23556996 0.17877605 0.029964534 0.71349467 0.00077954635 0.0055844819 0.18841508 0.04972976 0.075228711 0.21807327 0.76235992 1.2237566 3.5527137e-15 0 0 
0.072566998 0.13663999 0.11318676 0.41487563 0.27296839 0.13175989 0 0 0 1.0658141e-14 0.10848871 3.5527137e-15 0.028827029 0 0 0 0 0 7.1054274e-15 0 7.1054274e-15 0.022820302 0.073269653 0.0093170635 48.768604 2.6460933 0.17831886 0.18680107 0.16648852 11.974652 1.8346617 2.3142486 0.37850842 0.35870531 0.4139266 0.31511944 0.36596669 0.18959976 0.30916081 0.22459277 0.12225002 -3.5527137e-15 0.064928265 0.193294 0.16821537 0.060064051 0.028087148 0.13428067 0.11070594 0.06824697 -1.0658141e-14 0.031878434 0.032964379 0.037866378 0.018452016 0.15421037 0.041146497 0 0 0.044130619 0.017236422 0.024028451 -3.5527137e-15 0 3.5527137e-15 0 0.056722199 -3.5527137e-15 -3.5527137e-15 0 -7.1054274e-15 0.20889467 0.03583866 0.094507068 0.14054121 0.098280166 0.13343633 0.21024359 0.14531622 3.5527137e-15 0.84826259 0.24959754 0.037625136 0.15311732 0.03875295 0.23250093 0.12848336 1.4869716 2.2472379 0 0 0 
0.052058382 0.36020678 0.27792736 0.64588841 0.26224986 0.33667912 3.5527137e-15 0.16376155 3.5527137e-15 0.05737629 0.13354047 0 0.087929825 0.026215332 0 0 0 0 0 0 3.5527137e-15 0 0.035142123 0.021082806 -3.5527137e-15 253.72198 3331.8148 1.387747 14.650707 2.1882019 4.0906908 0.095614674 0.34442222 0.2265082 0.53527256 0.4463223 0.12974146 0.15077033 0.15174557 0.26192161 0.1774254 0.076355987 0.21925686 0.21693095 0.063071011 0.174554 0.24193929 0.069154545 0.060838658 0.093829587 0.063003948 0.10254184 0.13552405 0.14113315 0 3.5527137e-15 0 0 0 0 0.045669099 0.021478005 0 0 0 0.045493784 0.013911754 0.049363753 7.1054274e-15 0.017281777 0 0.083896044 0.093552611 0.30934019 0.26971722 0.14551315 0.13277868 0.29210581 0.17568163 -7.1054274e-15 0.84809934 0.50124215 0.83437407 0.12275182 0.16650783 0.18724713 0.056978397 2.753946 2.7429173 0 0 0 
0.051955165 0.42809733 0.33971816 0.48424574 0.13135184 0.11452886 0.1272004 0.13791335 3.5527137e-15 0.040845254 0.14262836 0 0.041755986 -3.5527137e-15 0 -3.5527137e-15 0 0 0 0 0 0.037341006 21.266218 18.888731 0 0 2233.0468 88.962025 1.2389437 3.6982538 0.15257464 0.19184362 0.30118277 0.27106584 0.43168861 0.16235014 0.072192852 0.20004829 0.1842914 0.26461358 0.25792437 0.30888444 0.14642169 0.1341422 0.21457082 0.25835911 0.29724095 0.15810499 0.15966805 0.1879885 0.084794907 0.061149855 -3.5527137e-15 0.037269685 -7.1054274e-15 3.5527137e-15 0.018335478 0.0037045173 0 -3.1086245e-15 0 0.017470312 0 0.037536678 0.043490256 0.067023828 0.045161325 0.21154193 0.19461863 0 0.038811225 0.085088015 0.052134155 0.22095216 0.24065254 0.13933958 0.14108547 0.30112991 0.31369485 0.05726426 0.64525737 0.45859923 0.7977661 0.29351676 0.32444073 0 0.62742191 5.3539604 0.035376978 0.00092327048 0 0 
0.12755884 0.54972196 0.37392434 0.46387433 0.15820729 0.31252953 0.22762772 0.088253154 3.5527137e-15 0.0093047603 0.18901906 0.0061028186 0.087773654 3.5527137e-15 7.1054274e-15 7.1054274e-15 0 3.5527137e-15 0 0 0 25.37048 0 0 0 0 0 14.979584 11.255994 5.3498851 6.4506214 0.32186238 0.15200119 0.41372795 0.2024558 0.11659273 0.27692188 0.21723778 0.21096549 0.33645934 0.30361398 0.21981297 0.14692762 0.32604729 0.28920394 0.34450315 0.23933885 0.10163004 0.15697649 0.024985611 0.044944166 0.19180542 0.052708575 0.064441813 0.067563149 0.02217023 0.083719965 0 -3.5527137e-15 0 0 0.016315927 3.5527137e-15 0.068458864 0.066807563 7.1054274e-15 0.058398861 0.44078092 0.20071348 0.20633095 0.11796791 0.094635928 0.28784851 0.31458758 0.37344241 0.17310619 0.17813927 0.36453327 0.31852531 0.093067106 0.63107645 0.72148791 0.65175559 1.144559 0.0095857475 1.0815456 112.77082 0.048044574 0.027469727 0.030028373 0 0 
0.050050288 0.68847198 0.49181445 0.23099314 0.53382309 0.14152666 0.27452234 0.16690079 0.044633321 0.050595026 0 0 0 -7.1054274e-15 3.5527137e-15 0 3.5527137e-15 3.5527137e-15 3.5527137e-15 0 0 0 0 0 0 0 2.3718594 18.87243 2.7198445 3.6355033 0.022387527 3.0984238 0.2251371 5.7549362 0.4092285 0.48842581 0.28011502 0.42624393 0.27431608 0.35419388 0.70534357 0.47289641 0.66580146 1.1820791 0.76112444 1.0688626 0.77207586 0.63459145 0.20451879 0.02286385 0.10439751 0.069685551 0.018970774 0 0.056996653 0 0.077898241 0.094175581 3.5527137e-15 0.051203682 0.048322979 0.020306086 0 -7.1054274e-15 0.039411846 0.076386707 0.11635495 0.16759568 0.32209893 0.30340619 0.22234474 0.15259755 0.12215879 0.160507 0.2470881 0.36893815 0.21132863 0.20701552 0.36779776 0.016061332 0.71287657 0.64521703 0.36251567 2.8467374 4.6008052 9.1711232 156.76688 0.094535998 0.017261052 0.028783057 3.5527137e-15 0 
0.10964125 0.44952751 0.54037069 0.48329068 0.30082481 0.033317183 0.21987899 0.18950341 0.017229099 0.12847278 0.17072487 0.2007464 0.019664593 0.013675031 0.020114916 3.5527137e-15 -3.5527137e-15 0 3.5527137e-15 3.5527137e-15 0 3.5527137e-15 0 0 0 0 6941.806 6697.6693 2.7617697 3.7951043 2.974182 1.696406 1.4351311 1.4215094 2.3713655 0.60940776 1.9721441 1.5250416 1.4368492 1.3668108 1.0096289 1.3710885 1.363575 1.1369765 0.80183985 0.61504953 0.83303335 0.067278661 0.47304268 0.40393221 0.081272576 0.053588393 0.064397887 0.12769904 0.042926284 0.033193783 0.029607821 0.033418736 0.089674709 0 0.034887037 0.040637438 0.0088682597 0.023800524 0.061729457 0.052634171 0 0.16978451 0.19263409 0.38584555 0.45401017 0.35358659 0.2888108 0.13137342 0.13579408 0.31095371 0.25156338 0.51796572 0.27174966 1.4886879 1.0843986 0 4.633224 2.2029224 4.2403951 -3.5527137e-15 7.1054274e-15 0.047310078 0 0.034871943 0 0 
0.39417587 0.49609317 0.72073685 0.46765023 0.18289327 0.17876746 0.25898907 0.068622471 0.055475386 0.086229838 0.13202256 0.13029625 0.10991602 0.0020677487 0.069994165 -3.5527137e-15 -3.5527137e-15 0 0.017061334 0.03965545 0 -3.5527137e-15 0 0 0 0 81.228491 1422.1624 3.7476629 7.515573 7.7728106 4.2168507 3.7562568 3.189678 1.4158988 1.8054313 1.9120065 2.0489493 1.3700776 1.825386 1.1427706 1.3842784 1.0104385 0.71835958 0.76791428 0.86207939 0.64216763 0.2361694 0.18631155 0.078730343 0.22121224 3.5527137e-15 0.018461631 0.076000271 0.00023392199 0.039876584 0.01862231 0.037389885 0 0.019546566 0.030660473 0.069197337 0.063276242 0 0.078560009 0.12670895 0.082706907 0.054528142 0.17852105 0.14780552 0.25699462 0.33938308 0.33764531 0.57675733 0.39811789 0.3009071 0.28140015 0 0.4689225 0.23167063 1.9283033 0.89260781 6.316025 1.1181067 3.5527137e-15 0.017058473 0.021806312 0.018506958 0.013184117 0.015034061 0.036454182 0 
0.18065636 0.55157325 0.10850124 0.92418691 0.24036427 0.24947007 0.19593313 0.090131333 0.12341852 0.16107137 0 0 0 0.21129451 0.045476595 -3.5527137e-15 7.1054274e-15 0.022106966 0.07288463 3.5527137e-15 0 0 0.042399425 0.040886987 0 0 444.33763 635.08774 0.80337103 0.53215274 0.71946425 0.44886639 0.69209665 0.80401034 0.52712661 0.18469829 0.41463942 0.48431894 0.78444044 0.30942448 0.8000295 0.34769221 0.22993223 0.52233802 0.74289076 0.61962495 0.5866471 0.62207936 0.072976892 0.039991941 0 0.055246638 0.030123521 3.5527137e-15 0.038953244 0.050288049 0 0 0.023811369 0.059716532 0.10511171 0.069790625 0.029000422 0.040141029 0 0.10885758 0.037586027 0.15457632 0.20705725 0.57484697 0.16083176 0.2495911 0.23499926 0.389509 0.6999631 0.72180009 0.21505681 0.50472757 0 0.44950187 1.2791594 7.706295 4.0618008 0.011805227 0 0.010181545 0.017033195 0.014406903 0.007989358 0.0026705511 0.0001400275 0 
0.028246652 0.64767951 0.96676975 0.73789718 0.23264234 0.20038728 0.10020429 0.032065333 0.11605525 0.016107269 0.18057776 0.30568961 0.24597463 0.31241851 0.090506168 0 0.16846085 0.077298883 0.034244558 0.042730329 0 -7.1054274e-15 0.047792498 0.023587847 0.12642353 434.53534 107.76374 0.74218893 0.83449741 0.68296848 0.97291799 0.80427715 0.60269762 0.46765518 0.3736601 0.43640457 0.62801353 0.60405331 0.27522986 0.34589802 1.0756493 0.62910235 0.98810296 0.43607451 0.71705948 0.76684375 0.63662262 0.074222856 0.050898607 3.5527137e-15 0.1232867 0.15399219 -3.5527137e-15 0.10793624 0.10175615 0.23029135 0.1021453 0.032517043 0.046491091 0 0 0.13801242 0.013484571 0.11372878 0.084517821 0 0.096553784 0.17083546 0.27448622 0.011497739 0.2659098 0.19272934 0.21885815 0.50876999 0.66857902 0.41387678 0.6961545 0.7964918 0.00013838987 0.020663369 4.2102864 3.7020678 -3.5527137e-15 0.035142436 7.1054274e-15 -7.1054274e-15 3.5527137e-15 0 0 0 0 0 
0.038296724 0.86231365 0.76934241 0.34055588 0.18229418 0.19494175 0.24387376 0.07126059 0.23191462 0.11814585 0.43931315 0.1971497 0.55332925 0.17472776 0.076169451 0 0.08834873 0.086405256 0.099941194 0.021396282 0.063694294 -3.5527137e-15 0 0.023124712 0.11787004 5.8116116 -1.4210855e-14 0.66754685 0.68846698 0.94595451 0.66231496 0.81729403 0.84306832 0.65292298 0.86001077 0.61661253 0.52915134 0.78640921 0.93372206 0.67093127 0.95586412 0.64230221 0.42977278 0.39644779 0.49603177 0.83359504 0.30431096 0.31038061 0 0.34428651 0.013441678 0.023648698 0.23178845 0.2688044 0.12147237 0 0.082897772 0.23266267 0.26619271 0.22753067 0 0.17821791 0.031436254 0.35341351 0.07502878 0.12365961 0.16647415 0.084666738 0.10861425 0.24684253 0 0.28573797 0.19564856 0.21087635 0.47260977 1.0042381 0.58903599 0.63831328 0.85937407 0.80402957 6.3069903 1.7367663 1.0658141e-14 -7.1054274e-15 3.5527137e-15 3.5527137e-15 3.5527137e-15 -3.5527137e-15 -3.5527137e-15 0 0 0 
-3.5527137e-15 1.29225 0.66687984 4.2464263 1.1749069 1.5892422 1.1109776 0.12055461 0.092599848 2.6599632 0.70455534 0.45860297 0.41444821 0.27641384 0.10040775 0.23658489 259.32791 0.080292598 0.039890812 0.11379028 0.030374231 3.5527137e-15 0.067508651 0 6.1662037 0.85475049 68.455883 1.1193832 0.45835979 0.5682321 0.48949385 0.46605902 0.60250818 0.52462187 0.6942693 0.79677675 0.7341614 0.66124226 0.56578403 0.64392878 0.85095999 0.63067502 0.56618298 1.0753734 0.25620421 0.10830978 0.081744754 0 0.35178899 0.065129565 0.09892353 0.20911976 0.3308885 0.05032396 0.1111121 0.16130455 0.06946896 0.29080552 0.31979241 0.24543045 0.11141449 0.14877873 0 0.38017752 0.031719517 0 0.21004474 0.17187511 0.039942258 0.22453496 0.3368246 0.25535618 0.31236845 0.25842305 0.24181832 1.0157568 1.4146185 1.1507417 0.63093725 0.39376742 0.59182459 9.0032745 0 3.5527137e-15 3.5527137e-15 0 0.031628162 -1.0658141e-14 -3.5527137e-15 0 -3.5527137e-15 0 
0 339.24581 1.0767881 3.6710675 1.6201372 1.5313177 0.36710019 1.6151956 780.91146 257.11442 0.272478 14.039447 0.63648511 0.41242911 38.380938 7.6113345 0 191.84045 0.15604702 0.044848474 0.037692118 0.10243456 0.041036131 0.62750499 1.6406213 86.448868 0.87973392 1.1000105 0.9697169 1.0458934 0.79664122 0.77700763 0.69731083 0.71167157 0.44805553 0.46903153 0.70028408 0.71343553 0.45799521 0.1840886 0.28825132 0.10331578 0.39740111 0.76808031 0.31571425 0.096323794 -3.5527137e-15 0 0.058811691 0 0.21092113 0.19715636 0.094497736 0.06599073 0.32881938 0.23993239 0.17779489 0.2190255 0.33397112 0.11599408 0 0.073424568 0.030860548 0.48441265 0.69035562 0.17318729 0.28422868 0.26457392 0.22990701 0.16142153 0.27388862 7.1054274e-15 0.30033501 0.26646945 0.21726007 0.31470993 0.27996711 0.73975098 0.98179 1.0243341 23.923916 0 0 0.039813234 0.041230078 -7.1054274e-15 0.041966942 0.019249516 -7.1054274e-15 0 0 0 
4439.1607 1.2636648 15.911632 1.6273651 0.18642918 0.089352771 0.056233814 0.87086144 0.98156377 155.3487 0 1214.8581 0.91679187 0.58757293 283.58772 64.611728 0 81.275187 0.053479265 0.0060333209 103.77535 424.74867 404.69042 1756.3809 0.48754307 0.1869081 0.32527948 0.71533585 0.80263173 0.5726743 0.77373335 0.95652505 1.0300333 1.0143949 0.513381 0.35050003 0.42989742 0.33756261 0.29636277 0.30004247 0.27652597 0.20278158 0.35541893 0.21958686 0.30402111 0.057437388 0 0.077031144 -7.1054274e-15 0.26475079 0.23315818 0.23916027 0.11378085 0.17700428 0 0.24245443 0.27119216 0.25804038 0.3651476 0.35274463 0.15640653 0.059960468 0.02511106 0 0 0 0 0.35266775 0.19523132 0.15289363 0.36483292 0.36230486 0.059932984 0.42946061 0.39477357 0.33760311 0.36907427 0.63346579 184.81046 8240.2599 5.8759824 0.054978858 0.09264239 0.043645135 0.048444107 0.021786622 0 7.1054274e-15 0 0 -3.5527137e-15 0 
2.1902113 0.33753742 0.26284141 0.39997854 0.092521216 0.10241058 0.11666642 0.27230802 0.29152672 0.28817923 0.26198911 578.43433 0 199.48509 101.77137 0 0 609.836 1.2581832 42.474387 1694.9766 2826.665 1078.1082 0.61963679 0.18567849 0.52097824 0.4896388 0.67983247 0.60564111 0.42280918 0.40918833 0.55875703 0.6408003 0.96363389 0.6976979 0.59336177 0.65943945 0.57939298 0.29005334 0.33038638 0.26790754 0.15600503 0.32870176 0.28444271 0.12509712 0.094438477 0 0.14053625 1.7763568e-15 0.14923046 0.14031835 0.19870082 0.11256098 0 0 0.24419248 0.1730627 0.21803794 0.16921883 0.40886408 0.50672291 0 0.0045798316 1.110223e-16 0 0 0 0.35975994 0.19575673 0.23428034 0.37490792 0.11173311 0.8308625 0.16471732 0.32883107 0.3876388 0.36113443 0.2579866 13.212312 10.398147 1.3996432 0.029488402 0.046199021 0.023877676 0.021420838 0.018550859 0.025950451 0.019164793 0 3.5527137e-15 0 0 
0.13758054 0.22169139 0.03611303 0.28623377 0.043131143 0.095328392 0.10366691 0.19377128 0.16405952 0 0.26676933 0.04565624 0.25585348 48.942812 192.61114 280.95641 452.64129 1867.693 0.7846112 1.0308552 804.49486 21.7506 2.0050788 1.3028103 0.75690665 0.66329737 0.21968876 0.4693933 0.064495472 0.14813545 0.1227666 0.074282386 0.10299632 0.086586483 0.14623382 0.31097688 0.142321 0.18543804 0.25660321 0.25739028 0.25118205 0.31163522 0.073144077 0.11053366 0.069029599 0 0.22534532 -8.8817842e-16 0.088662046 0.007225575 0.090295529 0.1275611 0.22104424 0.1686247 0.19165701 0.16336914 0.16888612 0.27153275 0.28034986 0.54221618 0.0073259383 0.5069024 0.067834476 0.32497956 0.73841826 232.95013 102.16817 0.33985161 0.34390531 0.13127942 0.42856016 0 0.44287802 0.15769801 0.16731662 0.0052826172 0.34869812 0.35017987 1.0490087 6.7118451 0.040802149 0.10073856 0.073150659 0.032725486 0.062278591 0.046011734 0.035103682 0 0 0 0 0 
0.17597832 0.066187934 0.030836758 0.11877879 -7.1054274e-15 0.053599145 0.054531188 0.13495568 0.13384158 0.18638006 0 0 0.11894275 0.40361653 0.36506778 1.0658141e-14 0.013577918 0.75662816 1.3759224 1.2236178 0.71803155 1.9620601 1.1030617 1.2099609 0.47422399 0.6135357 0.68148448 0.55020618 0.090399989 0.25172498 0.075615976 0.054113029 0.16598364 0.11182751 0.12221051 0.20681119 0.077464799 0.16476131 0.16404956 0.21733717 0.11532808 0.12382126 0.084935069 0 0 0.26197838 0.0075948638 0 0 0.022606433 0 0 0.21158768 0.15579214 0 0.17590022 0.18667262 0.22399246 0.31010376 0.54120211 0.40724954 0.43506811 0.67145753 0.43893452 0.43301611 0 0 0.4115587 0.46654718 0.19869173 0.43768219 0.022903909 0.18360886 0.14178404 0.31952499 0.30919697 0.4166493 0.50916114 6.4541241 2.1630288 0.12998968 0.033182685 0.068733891 0.052891965 0.053159788 0.048233494 0.076298476 0 0 0 0 0 
0.27428124 0.24050916 0.10152579 0.19668163 -1.110223e-16 3.1641356e-15 0.08478159 0.16508816 0.22428294 0.029319944 0.21740347 0 0.078259974 0.21698255 0.3166254 0.17179677 0.35305338 0.084979426 0.84933126 0.96274477 0.79590536 0.87737998 2.1953152 1.3129363 0.89496879 0.49457303 0.40973297 0.49194595 0.53156053 0.70998429 0.23623474 0.18316321 0.015326306 -3.5527137e-15 0 0.040624108 0.0070603978 0 0 0 0.0020579166 3.5527137e-15 0 0 0 3.5527137e-15 0 0.087330269 0.16090789 0.14981379 0.14094614 0.033869131 0.13889889 0.15065137 0.13622014 0.1704144 0.27710978 0.21520068 0.25119836 0.23611773 0.47457084 1.2466571 0.57003528 0.73201531 0.38025702 0 0 0.31409624 0.24903076 0.17839304 0.26180935 0.38145031 0.40258588 0.39167048 0.39043005 0.38642143 0.30407287 6.5487172 5.7210011 0.11442766 0.17812354 0.12142102 0.10017896 0.056489623 0.032026203 0.049418469 0.034951035 -3.5527137e-15 0 0 0 0 
88.359634 0.20696879 0 0.094340366 0.1712634 3.5527137e-15 0.047673596 0.10717432 0.14396734 7.1054274e-15 0.11391707 0.06641593 0.099667707 0.15437808 0.12348981 0.073324811 0.15586013 0.4676974 0.65384918 0.91263988 0.74290279 0.70980141 0.034038102 1.6942322 1.1784462 0.58946329 0.28850824 0.44867248 0.36315299 0.32551974 0.42714017 0.30630082 0.19099434 3.5527137e-15 0.35041787 0.19193336 0.040505464 0.0061409541 0.0059932485 0.066307055 0.014650806 0.0081414114 0.049489692 0 0.11546292 0 0 0.11986321 0.34418188 0.26063018 0.020461851 0.42139858 0.12259403 0.13461996 0.20223376 0.1718073 0.17571579 0.24153614 0.40802847 0.041916039 1.6549633 0.88772081 0.66341004 0.43777492 0.47343488 0 3.5527137e-15 0.31958722 0.13082929 0.11732801 0.25360351 0.41304443 0.60185898 0.38608667 0.50035353 0.39587169 -3.5527137e-15 7.5869192 12.961885 0.15733149 0.11594314 0.13197864 0.090008346 0.10117263 0.091715815 0.069490831 0.028261648 -3.5527137e-15 3.5527137e-15 0 0 0 
0.42438188 0.073746627 0.046574712 -3.5527137e-15 0.12484812 0.27110463 -3.5527137e-15 0.0035503575 0.10346206 0.043462604 0.076224468 0.01113438 0.063363616 0.043406378 0.24402479 0.073863573 0.16906107 0.11096352 0.30037523 0.60755627 0.77238402 0.55849387 0.35944829 0.2775218 1.272567 1.4344159 1.4243132 0.28132605 0.32471562 0.34858356 0.51580354 0.37692993 0.11338635 0.28640623 0.0075069862 0.14628242 0.14170007 0.0016897032 0.013262269 0.046173358 0.069267384 0.040925822 0 0.27792354 0 0 3.5527137e-15 0.25208171 0.22422675 0.44418731 0.50197298 0.51788804 0.26164223 0.076843627 0.18190127 0.26575655 0.23411323 0.42838333 0.65532732 0.68459567 1.2537099 0.82825316 0.63124411 0.39399268 0.43392044 -3.5527137e-15 -3.5527137e-15 0.49771501 0.20719727 0.15514413 0.34511194 0.38382792 0.28700458 0.3930907 0.47230932 0.4758222 0.0034302583 5.8982424 8.4214134 0.25068804 0.17714216 0.16457095 0.078306252 0.12442532 0.058502876 0.072744395 0.051651878 0 0 0 0 0 
0.26610668 0.37446205 0.23692102 0.22972003 0 0.073918814 0.1182233 0.24953749 -7.1054274e-15 0.029792586 3.5527137e-15 0 -3.5527137e-15 0.064909093 0.14949887 0.1038935 0.20483467 0.0018016181 0.20818913 0.42900401 0.44006873 0.84399185 0.59209657 0.15896199 0.50490648 0.77378124 1.8683581 1.0169207 0.49724716 0.53458472 0.30297383 0.33645273 0.4019178 0.31807673 0.14307222 0.1620655 0.099828703 0.047177926 0 0.090898225 0.067627736 3.5527137e-15 0.027688364 0.15031059 0 0.13888757 -3.5527137e-15 0.22248858 0.45958915 0.38689606 0.075882704 0.42318975 0.21926848 0.202585 0.22286736 0.28879318 0.45766603 0.48128417 0.34283748 1.1433491 0.73133426 0.98939593 0.63861754 0.57021376 0.66530326 0 0 0.37549541 0.20889883 0.13933332 0.30278579 0.43115828 0.39056354 0.46122074 0.36464427 0.46196696 0.54428181 14.040407 18.297751 0.16232953 0.1614851 0.18313061 0.09814546 0.051886644 0.090364097 0.05925965 0.03558182 0 -3.5527137e-15 0 0 0 
0.2829963 0.2099176 0.23521988 0.34599024 0.19502151 3.5527137e-15 0.42609785 3.5527137e-15 0.060715179 0.064815328 -1.4210855e-14 0.017463767 0.019840938 0 0.030289235 0.22139784 0.057306482 0.2147969 0.005944235 0.068787384 0.37014712 0.63430221 0.64854406 0.22435257 0.058967705 0.43914414 0.16956139 0.92712704 0.76938481 0.059792546 0.27876248 0.29509159 0.28026195 0.26254979 0.22937385 0.064277267 0.057914377 0 0.035586703 0.010707501 0 0.00070580341 0.1451921 0 0.27243664 0.25536218 0.19236244 0.18185949 0.14317131 0.37009793 0.63523345 0.38911523 0.18627365 0.11987736 0.11340606 0.21742891 0.49841183 0.4063627 0.76294515 1.2852525 0.94153425 1.3299018 0.51742645 0.59024366 0.64053741 0 -3.5527137e-15 0.46625766 0.13397849 0.10638677 0.34997601 0.22506482 0.17672766 0.39027258 0.48107622 0.3558174 1.5032247 29.998937 0.15554467 0.11577298 0.14455178 0.093029672 0.077812285 0.067202667 0.067794551 0.030536501 0.057456305 0.026204516 0 3.5527137e-15 0 0 
0.27269428 0.16808688 0.17980546 0.34171941 0.41850526 0.19938407 3.5527137e-15 -3.5527137e-15 0 3.5527137e-15 -1.4210855e-14 0.12970876 0.097044718 0.066419069 0.024396976 0.066362934 0.17181201 0.15684058 0.090434877 0 0.0082204944 0.50179951 0.62940761 0.304178 0.13502736 0.18644636 0.2930492 0.1058334 0.69410128 0.52658415 0.17361762 0.17638339 0.089260723 0.19612867 0.10222358 0.044621948 0 0.09292043 0.079235283 0 0.13810378 0.30747666 0.39364973 0.041644048 0.019191515 0 0.027440214 0.10970296 0.349277 0.54553586 0.6349746 0.6689833 0.080008865 0.19883031 0.078782264 0.26529467 0.45835719 0.54836498 0.70426981 1.7792437 0.69359103 1.7302541 0.33728103 0.54911778 0.567596 0.00078486163 0 0.38915392 0.19837247 0.15628674 0.28556815 0.08898503 0.065276287 0.56150278 0.07478246 0.29214385 26.28071 9.3176686 0.36812804 0.40979686 0.45289544 0.40380492 0.30473859 0.11443662 0.078362505 0.03905401 0.0081933278 0.050801057 0 0 0 0 
0.35250522 0.6263414 0.47412925 0.33599944 0.22461652 0.11353818 -3.5527137e-15 -3.5527137e-15 0.058141583 0.028342839 0 0.17533087 0.042205645 0.084192138 0 0.05109754 0.038516668 0.12016887 0.10366118 0.030196651 0.050643108 0.0017481001 0.11255797 0.43560076 0.13298 0.060071381 0.09138215 0.25843819 0.5453074 0.40014514 0.26313401 0.41632499 0.173067 0.19199748 0.080727538 0 0.05504845 0.0036750658 0 0.19392102 0.21239284 0.287417 0.211106 0.015903481 0.33464972 0.17440825 0 0.073923258 0.10744431 0.62917208 0.34244463 0.41643753 0.85263487 0.25388709 0.28333356 0.30517918 0.1833257 0.51069325 0.18080655 2.0839892 1.2533518 0.28719059 0.4582178 0.63013981 0.48811514 0 0 0.53654383 0.21756846 0.13291152 0.17553885 0.24410614 0.16893611 0.31583491 0.09716727 33.586205 11.858633 0.54131341 0.53648927 0.55958793 0.58241232 0.0031145813 0.37780393 0.098835118 0 0.10999124 0.038429415 0.018776146 0.024594201 0 0 0 
0.39247108 0.58845934 0.29307479 0.37918705 0.40741149 0.10548419 0.079229832 0 0.10504558 0.041930621 0.069637005 0.024824166 0 7.1054274e-15 0.039888896 0 0.030248849 0.058247457 0.040358132 0.050305062 0.042120178 0.091029203 3.5527137e-15 0.11123038 0.24282627 0.062823969 1.0658141e-14 -7.1054274e-15 0.61249752 0.14147896 0.2345638 0.31005661 0.36168706 0.1356815 0 0.12187146 0 0.078115372 0 0.024404615 0 0 0.073043412 0.1526841 0.23677268 0.26108818 0.068634332 0.22384612 0.28026088 0.42572349 0.63791873 0.55906096 0.9612418 0.16261525 0.1802119 0 0.26534065 0.13235481 0.6090273 0.64709053 2.5038283 1.1038151 0.025179271 0.37639045 0.58174466 -7.1054274e-15 3.5527137e-15 0.4516391 0.38184882 0.19654468 0.12628984 0.19287606 0.18692442 0.27579906 0.29799387 36.121443 7.1409252 0.84119342 0.62310431 0.621776 0.34070338 0.33145926 0.25336479 0.18091063 0.022060427 0.10317201 0.10786571 0.043527995 0 0 0 0 
0.61272865 0.82533993 0.42778317 0.26113327 0.18192803 0.29713696 0.053654101 0.10984023 0 0.086237797 0.093708477 0.13555131 0 0 3.5527137e-15 0.059038694 0 0.052495986 0.0183653 0.016862529 0.01838992 0.014350838 0.019312447 0.086258464 0.19801868 0.12121874 0.026583005 1.7763568e-14 0.19885953 0.15131669 0.18496612 0.093263455 0.072084141 0.065023764 0 0.046316895 0.040015464 0 0 0 0.050289595 0.11245725 0.16797273 0.26327352 0.147386 0.22445586 0.065864469 0.11412749 0.094153086 0.40286417 0.59943118 0.77496588 0.57356526 0.28334902 0.20866765 0.15584701 0.42664468 0.18875859 3.5527137e-15 0.44159676 4.388133 0.53899396 1.8014392 0.38956122 0.79753654 0 7.1054274e-15 0.39868664 0.33992923 0.33552647 0.19572991 0.11333826 0.077443121 0.37263603 5.0150222 1705.5404 0.15148252 0.15565705 0.2571157 0.085010177 0.25388081 0.26734767 0.18480529 0.17416951 0.1810508 0.069922863 0.018583241 0.0081087242 3.5527137e-15 0 0 0 
0.8593258 0.65777892 0.49044559 0.3916735 0.17755175 0.23000441 0.31435283 0.12296508 0.10868959 0.11857403 0 0.084242088 0.037647002 3.5527137e-15 8.8817842e-16 -3.5527137e-15 0.066686746 0 0.017865452 0 0.057363492 3.5527137e-15 0 0.053658257 0.24000539 0.12350034 1.4210855e-14 0 -3.5527137e-15 0.23860831 0.2441099 0.17142626 0.074666323 0.1392462 0 0 0 0.058390354 0.18114753 0.16292002 0.22224664 0.014113872 0.22356035 0.2318868 0.38804779 0.21829894 0.018344701 0.12527917 0.12182885 0.31584195 0.91331981 0.71123868 1.058996 0.039240008 0.15369097 0.20919187 0 0.27992397 0.41259907 0.25282508 1.37069 1.4065614 0.93134927 5.0568666 1.1345587 0 3.5527137e-15 0.42699953 0.37808386 0.3026659 0.37818074 0.24095354 0.2311083 0.073430072 1320.8495 13126.461 0.13766002 0.23275292 0.098560606 0.079876624 0.13223059 0.11748139 0.07181585 0.020241011 0.035200639 0.014042961 0 0 0 0.027449147 0 0 
1.1824747 1.0482869 0.34362644 0.47316385 0.36506385 0.27705497 0.26337462 0.13771091 0.099955053 0.072677522 0.10311454 0 0.023943432 1.0658141e-14 8.8817842e-16 0 0.03539589 0.060716227 0 0 -7.1054274e-15 3.5527137e-15 -7.1054274e-15 0.016690135 0.012418776 0.082856491 0.012060934 0 -7.1054274e-15 0.023981654 0.023524057 0.0010673425 0 0 0 0 0.11358603 0.031248683 0.11299067 0.25404232 0.71629882 0.3968587 0.39352526 0.3479931 0.28375946 0.16975946 0.036960878 0.043982784 0.039645783 0.14321004 1.0332702 0.39316863 1.485709 0.27608058 0.51479174 0.28655747 0.21240549 112.78431 0.19591405 0.62187994 0.56529789 5.3284879 0.99051236 1.1048225 1.7921556 0 -3.5527137e-15 0.41923287 0.40025646 0.32947275 0.30669533 11.344615 0.54712552 917.56763 0.12247032 0.17361926 0.39023202 0.20129629 -3.5527137e-15 0.15484685 0.17533233 0 0.18250841 0.14235519 0.029805592 0.047683054 3.5527137e-15 0 0 -3.5527137e-15 0 0 
0.53243005 0.61467393 0.75946718 0.78051149 0.0099095262 0.54367627 0.57816371 0.50909646 0.359715 0.38534091 0.16697728 2.1316282e-14 0.069673452 -1.0658141e-14 0 -3.5527137e-15 3.5527137e-15 0.016124032 0 0 0.030539119 -3.5527137e-15 0.020731703 0.005592827 0.082917025 0.10206562 1.0658141e-14 0 -3.5527137e-15 -3.5527137e-15 -3.5527137e-15 3.5527137e-15 0 0 0 0 0.025581559 0.15162543 0.21884066 0.27951718 0.81147296 0.44934309 0.38551528 0 0.18705441 0.086215424 0 0.13824926 0.06000493 0.16387074 0.19974326 0.63206954 0.20131077 0.49348735 0.53996881 1.2279778 0 0 0 0.15439697 0.81399655 0.88717083 3.1611369 0.50670116 8.8495795 3.5527137e-15 7.1054274e-15 0.53480777 0.37257843 0.24355507 1.8665132 1.3666167 2.2196913 337.54947 0.35063054 0.24143713 0.30725281 0.29489851 0.092953555 0.30831089 0.12275939 0.15188705 0 0.099219119 0.054829501 -3.5527137e-15 3.5527137e-15 0 0 0 0 0 
0.47464282 0.2156308 0.42499724 0.69865549 0.59619434 0.61468424 0.55794608 0.032164077 0.0031191586 0.17477406 0.10458209 0.13271569 0.10009934 0.082822791 0.052642071 0 0 0 0.012674506 0 3.5527137e-15 0 -3.5527137e-15 -3.5527137e-15 0.0092437882 0.0013418914 0 -7.1054274e-15 -7.1054274e-15 3.5527137e-15 0 0 0 0 0 0 0 0.070893105 0.32134366 0.18147131 0.82069693 0.77536296 0.43596291 0.35462118 0.21444575 0.13329646 0 0.060947142 0.051602328 -7.1054274e-15 0.22805579 0.66561719 1.5690015 1.0934456 0.82668712 0 0 0 0 0 0.41928968 0.30996751 6.2730663 2.3952291 0.29724409 0 0 0.47367502 0.30457334 0.23905942 3.1996412 1.0658141e-14 0.072040769 0.20335595 0.24221042 1.0424104 0.74311542 0.6724829 0.38986604 0.25805154 0.1436075 0.077419534 0.14970043 0.16259747 0.11040158 0.033067045 0 0 0 0 0 0 
0 -2.4868996e-14 0.059380478 0.02345857 0.19570742 0.2365302 0.23373376 0.21315829 0.14788969 0.098808108 0.13986277 0.061180599 0.045429543 0.013689676 0 0.041141659 0.026151506 -7.1054274e-15 0 0 -3.5527137e-15 0 -3.5527137e-15 0 0 0 0 3.5527137e-15 0 0 0 0 0 0 0 0 3.5527137e-15 -3.5527137e-15 0.011289112 1.1419946 0.66858423 0.050962563 0.39370422 0.41188262 0.25507512 0 0.040631572 0.092000097 0.10536245 0.10677413 0.09738063 1.1013199 0.75187487 3.9000729 3.5527137e-15 0.038025788 0.010256837 0.01507767 0 -3.5527137e-15 0.62296723 0.18082462 5.3896606 5.7816016 0.73706947 0.046291555 -3.5527137e-15 0.33209331 0.39037913 4.5801492 0 0.077871609 0.061832173 0.075555138 0.13480479 0.068659337 0.074133166 0.055450362 0.090845178 0.060847119 0.10276536 0.023226849 0.061318873 0.024710632 0.14566733 0.04029852 0 3.5527137e-15 0 -3.5527137e-15 0 0 
0.24881018 0.0771618 1.0658141e-14 0.06196303 -2.8421709e-14 0.059790328 0.22457796 0.18366029 0.16863453 0.14554108 0.1430717 0.11262078 0.06463758 0.026657451 0.062098089 0 0 0.015366153 0 0 0 0 0 0 0 0 0 0 0 0 0 0 0 0 0 0 0.032189366 0 0 0.055677377 0.86671349 0.87475589 0.00029605297 0.39244858 0.28952082 0.11211773 0.031659313 0 0.09650345 0.073123744 0.11220726 2.0809544 5.5025379 7.1054274e-15 0.010802148 0 0.032607563 0 0.017551447 0 0.25675709 0.44887863 1.5888547 4.85951 1.0419165 4.4171208 0 0.68960877 4.6644959 2.4804107 -3.5527137e-15 0.12013572 0.15390002 0.10889309 0.0372296 0.039767821 0.049427204 0.11993933 3.5527137e-15 0.065907327 3.5527137e-15 0 3.5527137e-15 0 0 0 0 0.030391421 0 0 0 0.016303782 
0.64808128 0.35969423 0.17361399 3.5527137e-15 0.062280355 7.1054274e-15 -3.5527137e-15 0.03030315 0.10811504 0.081186238 0.057805977 0.10240386 0.087318281 0.021663316 0.040979229 0.014735282 7.1054274e-15 0 0 0 0 0 0.060030572 0 0 0 49.436234 0 0 0 0 0 0.0010561268 0 -3.5527137e-15 0 0 0.039506842 3.5527137e-15 0.023573968 1.1109448 0.55680023 1.1500697 7.1639594 0.41969158 0.34157125 0.33869461 3.5527137e-15 0.37628072 0.10500926 0.10252799 1.6301035 3.313861 0 0.030260566 0.0043255418 -3.5527137e-15 0.0035025603 3.5527137e-15 0.021383136 0.05157129 0.33138845 0.39015541 5.9806169 0.96301947 0.75898112 0.79381698 7.3426577 8.8166861 1.1687076 0.0040374068 3.5527137e-15 0.048485105 7.1054274e-15 1.0658141e-14 0.048389756 0.024906056 -7.1054274e-15 0 0 -3.5527137e-15 -3.5527137e-15 -3.5527137e-15 0 0 0 0 0 0 -7.1054274e-15 -3.5527137e-15 0.0095799676 
0.4913825 0.52711741 0.40938823 0.17663638 -1.0658141e-14 0 1.7763568e-14 -1.4210855e-14 -1.4210855e-14 0 7.1054274e-15 0.02368681 0.034291534 0 1.4210855e-14 0 3.5527137e-15 -3.5527137e-15 -3.5527137e-15 0 0 0 0 0 0 0 0 0 0 0 0 3.5527137e-15 0.0091262338 -3.5527137e-15 -3.5527137e-15 0.010679261 0.023747035 0 0.012175367 0.017006115 0.95051165 0.41127986 0.52749479 0.23829513 0.20889648 0.39881503 0.22400226 0.19767994 0.35759799 0.37953245 0.16595491 0.47050179 5.3340355 0.039886059 0.023133076 0.0014088157 0 0.043416922 0 3.5527137e-15 0.039605562 0.14222145 0.71520588 8.8835313 0.92222922 1.5701782 3579.8487 0.7274129 0.75802311 0.13802008 0.064554827 0.070061737 0 0.11484326 0.09339056 0.11709156 0.031256922 0.016673548 0 0.034466718 0 0 0 0.031810447 0.041663645 0.027442181 0 3.5527137e-15 0 0 0 0.045891079 
0.2330787 0.23526271 0.44757143 0.29463032 0.077538655 0.036905505 1.4210855e-14 2.8421709e-14 -1.0658141e-14 -7.1054274e-15 -3.5527137e-15 -3.5527137e-15 -3.5527137e-15 7.1054274e-15 0.071692203 -7.1054274e-15 0 0 0 0 0 0 3.5527137e-15 0 0 -3.5527137e-15 -3.5527137e-15 3.5527137e-15 0 0 -3.5527137e-15 0 0 0.056273385 0.020974883 0.027478597 0.033445731 0.021468985 0.031487297 3.5527137e-15 0.45642366 0 1.2709126 0.11967298 0.40498286 0.36466769 0.40251621 0.22204708 0.18325737 0.20166596 0.37260267 6.7810286 0.035489872 0.011604155 0.0029834178 0.0062641055 0 -7.1054274e-15 0.053469454 0.011028283 0.019396055 0.0070793515 0.30561025 4.5335277 6.5523979 2.9519093 653.29937 0.47996509 0.25924347 0.2756374 0.14241582 0.75780026 0.05031268 0.026709971 0.099822453 0 0.056819108 0 0 3.5527137e-15 -3.5527137e-15 0.25434556 0.097864368 0.033669155 0.007088557 0 0 0.073722462 0.068207696 0 -7.1054274e-15 0.037891162 
0.18288467 0.19903244 0.60887078 0.25417069 0.23428186 0.1923408 0.039765109 -7.1054274e-15 0.052495836 -3.5527137e-15 3.5527137e-15 -3.5527137e-15 0 -1.4210855e-14 -7.1054274e-15 -3.5527137e-15 0 0 0 -3.5527137e-15 0 0 0 0 0.004678158 0.0071437649 0 0.032885804 0 3.5527137e-15 -3.5527137e-15 0.021018919 3.5527137e-15 -3.5527137e-15 0.049443902 0.040950218 0.026381749 3.5527137e-15 0.049520608 0.032669516 0.047190192 1.0559364 0.77607162 0.23526041 0.50923618 0.29018271 0.3703361 1.2096062 0.1219999 0.1456169 4.3301066 1.8215006 0.040994721 0.039905979 0 0 0 3.5527137e-15 3.5527137e-15 0.060064388 0.010248684 0.029897218 0.026531909 120.89966 -3.5527137e-15 0.15894157 0.093919145 0.2720101 0.61400645 0.37607488 0.42593103 0.33932601 0.4153315 0.012468981 0.20359328 0.36682694 0.20468859 0.22587124 0.14750923 0.06231322 1.0658141e-14 0 0.015404786 0 0.078781401 0 0.036211424 0.024477304 0.074680214 0.055326078 0 0.061695365 
0.055921264 0 0.17989149 0.33049272 0.11245666 0.065079826 0.12828453 0.14591458 0.1184231 0.038206498 2.1316282e-14 -7.1054274e-15 7.1054274e-15 0 0 0 0 0 0 0 0 0 3.5527137e-15 -7.1054274e-15 0.066944431 0.019787509 0 0 0.027054915 0 0.027493441 0 0.052908449 0.050251169 3.5527137e-15 0.040032519 0.022842531 0.030520489 0.086652153 0.038001474 0.93088951 1.2401446 0.98614231 0.36071126 0.92445691 0.76203391 0.21767863 0.32417058 0.25404127 0.11530075 5.6770998 4.140383 0.041664539 0.030584503 0.060260232 0 0.014654811 0 0.033708092 0 0.028422872 0.042819777 104.42133 483.18522 697.32159 7.1054274e-15 0.12386822 0.20583145 0.026593725 0.18453365 0.34740147 0.24765276 0.29629417 0.28015446 0.28398101 0.1874463 0.24811107 0.16215638 53.876331 3.5527137e-15 4.7184479e-16 -7.1054274e-15 0.099411484 0.12479202 0.14218526 0.016992415 0.13459497 0.098069888 0.039201724 0.084658296 0.096487506 0 
0.045028595 0.084694206 0.0526314 0.17088879 0.17701802 0.089215247 0.055664368 0.079976203 0.02571343 0.031904951 7.1054274e-15 0 3.5527137e-15 3.5527137e-15 0 0 0 0 0 3.5527137e-15 0.017138764 7.1054274e-15 -7.1054274e-15 0 0.13205435 0.073190425 0.044466058 0.030203173 0.018221184 0 0.029288015 0.039933111 3.5527137e-15 0.050242201 0.11218145 0.099207626 0.062285304 0.1770089 0.15327436 0.05501986 1.7458182 1.4999318 1.4688708 0 0.69085391 0.94870388 0.31506785 0.33690295 1.6710503 0.02766237 8.635228 17.490533 0 0 0.077433657 0 0.0242635 0.052868738 0.056544214 0.024105642 0.036404582 -3.5527137e-15 0.27770388 5.2877939 0.062860979 0.10788541 0.11576632 0.12842602 -1.4210855e-14 0.13050458 0.095370675 0.075969446 0.048792832 0 0 0 3.5527137e-15 0 0 233.66958 3.5527137e-15 0.097265208 3.5527137e-15 0.089668737 0.17111245 0.10369925 0.067786315 0.068150955 0.048864618 0.26653367 0.080997023 0.10611607 
0.086038171 0.00048771082 0.061131749 0.057105245 0.14056493 0.09050255 0.071338142 0.013302662 0.050743454 0.067494994 0.01475558 3.5527137e-15 0 3.5527137e-15 0 0 0 0 0 3.5527137e-15 0 0.08001681 3.5527137e-15 0 0.12081774 0.14948203 -3.5527137e-15 0.054564678 0.013160739 0.037168892 0.066183035 0.044910206 0.028502083 0.031600217 0.026683377 0.037864607 0.075982943 0.097244355 0.13464381 0.18474427 1.0420442 0.6177754 1.7023115 0.46683132 0 1.5692575 0.4817461 0.51597327 0.55636951 5.8787214 4.1068176 0 0.076852078 0.0114108 36.950887 25.993738 0.024575192 0.085541001 0.064210507 0.070166742 0.078143043 0.27921739 879.26854 0 0.13902743 0.063238062 0.045412286 0.043479796 0.03975391 0.057451013 -7.1054274e-15 -3.5527137e-15 3.5527137e-15 0 0 3.5527137e-15 0 0 0 0 0.10957026 0.090509573 -3.5527137e-15 0.078371203 0 0.12701022 0.198972 0.018808334 0.037627143 0.28935744 0.14951883 0.14785238 
0.061321796 0 0.069473536 0.02775818 0.03777094 0.16125691 0.013806438 0.091768972 0.008130958 0.021363882 0.022421438 0 0 0 0 0 0 -3.5527137e-15 0.067414275 0.037935576 0.087518638 0.034885497 -3.5527137e-15 -3.5527137e-15 0.24461879 0.16312987 0 -3.5527137e-15 0.0098564589 0 0.049694378 0.034893985 0.069955081 0.02613607 0.040201431 3.5527137e-15 0.055058909 3.5527137e-15 0 0.13788755 1.9037922 3.5744975 1.8815154 0.49611281 0.40417716 0.94263453 1.7027943 0.32041462 9.8475699 8.2074657 0 0.02579156 0 0 9.8740005 68.724193 78.705548 74.084522 0 0.064167379 0.10398456 2.050939 2.5172116 0.18030883 0.036560187 0.038012841 0 -2.6645353e-15 -1.3322676e-15 0 7.1054274e-15 0 0 0 0 0 0 0 -3.5527137e-15 -3.5527137e-15 0.1135534 0 0.038846895 0.040845132 0.06413211 0.080065869 0.13927408 0.0014054035 0.050015857 0.25209307 0.47896464 0.07212661 
0.025001481 3.5527137e-15 0.058903663 0.14505855 0.012088709 0.051396838 0.06663555 0.066569906 0.055738506 3.5527137e-15 -3.5527137e-15 3.5527137e-15 0 0 0 0 0 -3.5527137e-15 0.052874453 0.083682034 0.015250271 0.044334071 1.0658141e-14 0 0.31218124 0.18947903 0 0 0.044417436 0.018511077 0 0.075524648 0.090419269 0.10328398 0.11478066 0.07408565 0.05076571 0 0.19843 7.1054274e-15 0.067228655 6.1165513 2.6595831 0.62177909 0.46861492 0 0.88532642 6.0764168 7.6921077 0 0 0 0 0 0 0 0.11491277 0.028794546 0.087104287 0.039533523 11.158202 7.1913823 -7.1054274e-15 0.0073253598 0 0 -1.4210855e-14 -2.220446e-16 0 0 7.1054274e-15 3.5527137e-15 -3.5527137e-15 0 0 0 0 0 0.069995244 0.12572654 0.079052593 0.075203712 0.073728584 0 0.055690282 0.047893962 0.12375793 0 0.037889044 0.20334615 0.2638261 0.50021091 
0.0389964 0 0 0.008483126 0.0054474973 0.0073744816 0.015160355 0 0.042951909 -7.1054274e-15 0 0 0 0 0 0 0 0.050480834 0.029208954 0.13347068 0.13837891 0.14633106 0.023189319 0.13048875 0.32140076 0.26739893 0 0.015184197 0.084211671 0.036434534 0.065047815 0.10117205 0.054384377 0.091773774 0.38557642 0.28720859 0.032564382 0.15543732 0.13995166 0.054795605 -3.5527137e-15 0.13596291 4.3881464 3.0119978 0.53983843 0.02042564 3.8854641 5.8177943 66.675347 0 0 0 0 0 0 0 0 0.026302861 0.17891568 0.055516344 14.964987 5.847537 0.013097601 0.025907878 -3.5527137e-15 0 0 3.1086245e-15 0 0.031777137 0 0 3.5527137e-15 0.033389582 0.025624706 0 0 0.10218366 0 0.16865754 0.12953455 0.059766647 0.11526132 0.031560215 0 0.058943065 0.083879284 0 0.028949465 0.33636297 0.27231826 0.42762498 
0.069489254 0.036755301 0.035541933 0.012163948 0.01465248 3.5527137e-15 0 0 0 0 0 0 0 0 0 0 0 0 0.051254167 0.066169395 0.080835277 0.059445806 0.22296622 0.22804166 0.48981357 0.35519974 0.023662527 0 0.031073275 0.071689174 0.12490413 0 0.042706115 0.10560377 0.10782824 0.18376123 0.17411941 0 0 0.16601676 0.0030859808 0.068131128 2.3559062 4.8817949 1.1817183 0.65326184 19.518089 4.3799983 40.258111 0 0 0 0 0 0 0 0 0.023346584 0.089078644 16.353197 8.1328925 0 0.1080022 0 0.1168422 0.14528136 0.030471231 0.010440116 0.023036649 0.0072481711 0 0 0.084333774 0.0064383811 0.022689512 0 -3.5527137e-15 0.13104811 0.20206669 0.071085283 0 0.032118179 0.0417162 0.060710201 0.0090965139 0.1324327 0.16867855 -3.5527137e-15 0.076760045 0.37472995 0.39367919 0.3336424 
0 0 -3.5527137e-15 0 0 0 0 0.038937369 0 0.022098687 0.018383671 0 0 0 0 0 0 0 0 0.12787527 0.17911259 0.0038174725 0.31832704 -3.5527137e-15 0.47762386 0.5787106 0.10349883 0.13205049 0.052622808 -7.1054274e-15 0 0 0.13701635 0.10281119 0.0060443453 0.10946906 0.27469559 0.06651729 0.37136983 0.021845597 0.23823016 0 0.074133366 6.8197431 11339.774 1139.9431 6.0691551 0.10008395 0 0 0 0 0 0 0 0 0 0.095413228 0.034799379 15.168132 1.0138598 0 0.092865843 0.11238727 0.079403551 0.065325317 0.033783225 0.02301055 0.018617448 3.5527137e-15 0 0 0.015895686 3.5527137e-15 0.065459933 0 0.059123932 0.077948748 0.0078521763 0.4321577 0.068647011 0.028233201 0.02012826 -3.5527137e-15 0.044471618 0.13458361 0.08345794 0.047021711 0.08345464 0 0.28671823 0 
0.032422491 -7.1054274e-15 0 0 0 0 3.5527137e-15 0 0 0.030298889 0.010059048 0 0 0 0 0 -3.5527137e-15 3.5527137e-15 0.022818407 0.031233162 0.1789349 0.13520969 0.10370721 0.047854907 0.85122113 0.0035409262 0.002679871 0.098716149 0.07902538 0 0.07612101 0.081262448 0 0.098402014 0.25111106 0.083046823 0.12441735 0.33495489 0.51487046 0.2251313 0 0.34395205 0 0.84695982 311.60684 630.29346 0.0050695122 0 0 0 0 0 0 0 0 0 0 0.093638496 0.040527463 0.81269435 2067.9223 0 0.093144561 0.14980602 0.024690409 0.10255155 0.1110856 0.18762148 0.033013571 0.036049643 0.095579244 0.060304314 3.5527137e-15 0.045490344 0 0.079875978 0.06096442 0.18302914 0.22369813 0.62942437 0.23947431 0.096164732 0.11621683 0.086513415 0 0.090581809 0.10476727 0.17062492 0.1444632 0.16000669 0.10497458 0.37651597 
0.063279432 0.019282736 0 0 3.5527137e-15 -3.5527137e-15 -7.1054274e-15 0 0 0.018159217 0 0.017352135 0.030541077 0 0 -3.5527137e-15 3.5527137e-15 0.032578751 0.0069208008 0 0.0032974056 0.16733566 0.23253131 0.20039148 1.5525764 0.62630009 0.076036127 0.098696285 0.18154423 0.24995359 0.35980423 0.074300711 0.10179133 0 0.10199196 0 0.1428222 0.18156494 0.33472291 0.18494697 0.29200788 0 0.31908762 0.57299773 0 51.335585 0 0 0 0 0 0 0 0 2.1180478 0 0 0.063218639 0.35473802 7.7876505 0.36291534 3.5527137e-15 0.26562277 0.31092415 0.12717499 0.053616648 0.0957164 0.057690563 0.039586549 -3.5527137e-15 3.5527137e-15 0.02567178 0 0 0 0.03223175 0.044206646 0.38379225 0.74809788 0.0085428852 0.13612485 0.15723854 -3.5527137e-15 0.0098063963 0.071714291 0.15481104 0.03880963 0 0.072488718 0.10449067 0.12580865 0.41057893 
0.011967199 0 -3.5527137e-15 0 0 -3.5527137e-15 0 0 0.048841277 0 7.1054274e-15 0.036481469 0.028912957 0 0 0.092382711 0 0 3.5527137e-15 0.042540813 0 0.16044182 0.28272942 0.087300151 2.2967155 0.99133396 0.8852091 0.30084338 0.23004964 0.70323316 0.23093503 0.13890833 0.14676522 0.12467705 0 0 0.28286178 0 1.2340937 0.61127593 0.24161131 0.2025358 0.20050589 0 -1.110223e-16 -2.220446e-15 0 0 0 0 0 0 0 0 0 0 0 0.14944848 19.554166 0.77076377 0 0.47074459 0.30244897 0.092029224 0.15790561 0.044663881 0 3.5527137e-15 0.062432964 0.059833083 0.053398608 0 0.026048658 0 0 0.023883988 0 0.47710866 0.24600132 0.13392796 0.14001803 0.11777136 0.00022789584 0.07272014 0.037284574 0.081826289 0.054008781 0 0.10751448 0.11528719 0.19909497 0.3883116 
0.0070420332 0.011580211 0.042837925 0 0 0 0 0.016039127 0.021330553 0.042050978 0.052688649 0.04637549 0.032527753 3.5527137e-15 0.054436554 0 0.00043599327 0.017257047 -3.5527137e-15 0.091584876 0 0.12481755 0.098472161 0.094436111 0.064371298 3.9627169 1.0385596 2.3596343 0.528236 0.39636013 0.2805061 0.21584577 0.45381073 0.060074155 0.24152411 0 0 0.26692068 0.19222042 0.39014637 0.39791182 178.6292 22.332223 0.30131626 0.31810762 0.16440317 0.020968979 6.6613381e-16 0 0 0 0 0 0 0 37.378867 1.7763568e-15 9.5896384 14.964661 0.26260867 0.26952211 0.15760491 0.1589049 0.067075576 0.12525116 0.024107373 0.21925255 0.085877326 0.13412209 0.073621796 0.025208825 0 0.036623262 0.039665369 0.0099662414 0.0064204328 0.016810951 0.57153291 0.56716024 0.13003332 0.054238735 0.1357518 0.052775572 0 0.026086225 0.061107437 0 0.09581887 0.080238264 0.18209546 0.080576198 3.5527137e-15 
0.015530825 0.066599969 0.06701337 0.058858014 0.068533701 0.19398306 0.06137112 0.10372859 0.026463478 0.016521017 0.069015331 0.022854451 0.025362819 0 0.12357365 0 0.039954176 0 0.036339857 0.013120057 0.10126341 0.04459302 0.052380445 0 0.12391039 0.66043085 1.1602301 2.2024554 1.0760454 0.7349082 0.40801961 0.25641978 0.30164413 0.60683514 0.27986205 0 0 0 0.08949073 0.088164146 0.39003588 1098.7028 1409.3631 23.006173 0 0 0.029294883 0.53378621 52.427984 80.846276 69.3419 1.6092186 0 0 0 0 20.795986 1194.574 6.9221939 0.21435854 0.13945817 0.091725179 0.054882952 0.15066986 0.16876735 0.16137319 0.27996265 0.12934477 0.02284722 0.074373638 0.014396938 0 0 0.025744648 0.016113913 0.08791078 0.053692027 0.62388369 0.69232913 0.063275493 0 0.10883074 0.013047442 0 0.050611943 0.12451315 0.0500037 0.057973535 0.10700858 0.30598541 0.12999712 0.096217679 
-3.5527137e-15 0.047428557 0.043224041 0.033914712 0.076632228 0.12237405 0.30371003 0.075501146 0.02976049 0.15375185 0.095883845 0.042695683 0.082912923 0.022834852 7.1054274e-15 0.048059103 0.054843915 0 0.073683463 0 0 0.01568816 0.045112491 0.061325355 0 0 1.7107975 2.3778986 2.9315951 1.8414181 0.49823649 0.51572411 0.70615219 0.16907691 0 0 0 0 0 0.13409417 0.10361633 72.075441 190.25919 0.91592483 0.028969693 0 0 0 0 0 0 0 0 0 0 0 0 8420.6304 0.17211624 0.248261 0.16979047 0.30098153 0.16643186 0.21564349 0.20764639 0.1466696 3.5527137e-15 0.037706803 0.02054531 0.11885062 -3.5527137e-15 0.023133497 0.04870149 0.077691181 0.09321889 0.039225586 0.11023622 0.5803801 0.85357132 0.12750031 0.09794988 0.069491482 0.027443701 0.055426807 0 0 0.15305813 0.020349395 0.068451041 0.19895727 0.27380921 0.17573171 
0.098805203 0.053324363 0.058246211 0.032094048 0.12193522 0.38138997 0.18079266 0.013413279 0.09665434 0.0793526 0.061576172 0.19253136 0.06265922 0.063125137 7.1054274e-15 0.060568829 0 0 0 0.020138815 0.034984274 0.075693716 0.12914306 0.10193544 0.21508876 0.17805459 1.2492231 164.34348 5417.5625 5.0168403 0.67981921 1.2179069 0.078237189 0 0 0 0 -3.5527137e-15 0 0.022410703 3.5527137e-15 0.23557126 0.41371584 0.0059406786 -3.5527137e-15 0 0 0 0 0 0 0 0 0 0 0 53.747298 408.10663 0.84986351 0.61488629 0.56289924 0.72115264 0.26411549 0.16697424 0.14614222 0.04809075 0.016584868 0.064108986 0.085469925 0.024696717 0 0.063689987 0 3.5527137e-15 0.0015009979 0.0051100719 0.066077571 1.0846214 0.52464774 0.16762251 0.13332941 0.065578069 0.035048969 0.029604804 0.12751473 0.11990583 0.056414145 0.10565784 0 0.14359064 0.12548935 0.13453219 
66.182337 0.02642251 0 0.094154722 0.37324996 0.67097807 0.12076413 0.088083543 0.065913918 0.027021474 0.13539103 0.19322047 0.0048877019 0.045274787 0.082365796 0.081534049 0 0 0 0 0 0.021140605 0.090729182 0.11384527 0.11706078 0.13060901 3.4006206 137.09251 2.0947759 6.2365701 0.56541179 0.26998825 0.014072792 0.00089980026 0.001400991 3.5527137e-15 7.1054274e-15 -3.5527137e-15 0 0 0.023123543 1.0311792 0.14872838 0 -1.110223e-15 39.530835 44.740348 0 0 0 0 0 0 0 0 0 13.670109 0.05226725 0.63511181 0.42746281 0.54165112 0.19207336 0.15076345 0 0.082192413 0.17900082 0 3.5527137e-15 0.042496934 0.040743681 0.057996122 0.0068101931 0 0.032135187 0.076861676 0 0.043361928 1.2055011 0.59272325 0.14225258 0.1221267 -3.5527137e-15 0.035894531 0.068387948 0.20928383 0.086053707 0.090919971 0.17906652 0 0.025149275 0.23574401 0.17883853 
0 0 0.067786332 1.0001854 0.11627219 0.3871257 0.14313228 0.092463218 0.10280323 0.21927553 0.24912227 3.5527137e-15 3.5527137e-15 0.088973259 0.02340078 0.02231124 -3.5527137e-15 0 0 0 0.070876263 3.5527137e-15 0.1443228 0.087588054 0.060291647 0.063247125 0.63916281 1.9561265 5.7365039 2.5782586 0.3642144 0.10680713 0.025038678 0 0 0 6.0368377e-16 7.1054274e-15 0 3.5527137e-15 0 57.970563 215.47085 0.0020221778 0 0 0 36.527387 0 0 0 0 0 0 20.922544 0.28715417 0.63347617 2.2919447 0.51145639 0.25107096 0.20205216 0.22854418 0 0.070183128 0.16792121 0.027799058 0.041220568 7.1054274e-15 0.10376313 0.043430217 0.044648849 0.03166749 0.044959728 0.058660177 0.020189313 3.5527137e-15 3.5527137e-15 1.0920324 1.2192184 0.13076862 0.16334969 0.11156513 0.047674278 0.37851769 0.17872329 0.092271364 0.11904733 0.06811927 0.10210961 0.13284794 0.13501103 0.37331884 
0 0.10128294 0.041029873 0.018259469 0.56288112 0.26224982 0.12366013 0.11147819 0.067605627 0.14457426 0.12562953 0.09293526 0 0.043647222 0 0.03618354 3.5527137e-15 3.5527137e-15 0 0 0 -3.5527137e-15 0.11491809 0.14497063 0.17641674 0.17424891 0.14107707 2.3610251 1.5353537 7.0983842 3.251553 0.023747244 0 0 0 70.853488 0.072306958 0.045308123 0.034180321 7.1054274e-15 3.5527137e-15 0.0502936 0.36010611 0.024312053 0.060630572 0 0 0 0 0 0 0 0 36.969944 1165.7294 0.79329612 0.38392345 0.33094794 0.077389616 0.27136177 0 0.23350753 0.2339039 0 0.020987569 0.049597922 0.039441927 0.21156726 0.19830161 7.1054274e-15 0 0 0.02909567 0.0034312857 -3.5527137e-15 0.090796887 0.030999726 1.7094848 1.1041148 0.16375701 0.15600099 0.036677396 0.20050568 0.059277564 0.33101511 0.066049509 0.1053139 0.037728178 0.079207361 0.12996444 0.026432905 3.5527137e-15 
3.5527137e-15 0.10521465 0.20027704 0.31934474 0.64457242 0.064828712 0 0.31266535 0.37935732 0.38528109 0.13507865 0.094595543 0.13190643 0 0.12590581 0.067998823 0.05253015 0 0 0.039165377 -7.1054274e-15 0.032700073 0 0.038339607 0.043422481 0.12695911 0.25332294 0.27341567 4.1098443 3.453493 444.2551 0 7.1054274e-15 0 0.029781779 0 0.03167095 0.011168697 0.011485193 0 0.035171233 37.72276 931.88429 0.088804294 0.033521728 0 0 0 0.010848572 0 -3.5527137e-15 0.06374469 7.1054274e-15 0 0 0 0 0 0 24.494282 0.14483381 0.19570485 0 0.096139262 0.053291639 0.071722248 0.3695988 0.13130539 0.013379333 0 0 0.034740597 0 -3.5527137e-15 0.015103714 0.0038758525 0.064242048 0.086529505 3.4283056 0.48495912 0.23149994 0.17893883 0.33441754 -3.5527137e-15 0.15594137 0.044833488 0.11683768 0.12729155 0.075493667 1.0658141e-14 0.098883658 3.5527137e-15 
0 0.14030546 0.35696252 0.29912513 0.78771559 0.50201265 0.22595316 0.39046819 0.46586821 0.13058343 0.13536914 0 0.050703529 0.090274487 0.041664838 0.084691253 -3.5527137e-15 0.045824676 0.018967341 0.016709285 0 0.034927522 -3.5527137e-15 0.056398529 0.046560874 0.12463566 0.13083764 0.1138885 0.09844196 2.0249572 4.3620014 -3.5527137e-15 0 3.5527137e-15 0 -8.8817842e-16 0 0.018871127 5.3290705e-15 0.084721489 3.5527137e-15 0 2.1892396 234.61259 0.0090870042 0 0 0.1245195 0 0 0.044333728 -3.5527137e-15 -3.5527137e-15 0 -3.5527137e-15 3.5527137e-15 0 0 0 0.3768842 0 0.16545775 0.027471508 0.83144616 0.3247697 0.39783912 0.20217064 -3.5527137e-15 0 0 0 0 0 0.025846816 0.037509515 0 0.049008029 0.12814767 2.5376708 2.5181242 0.35557364 0.24897514 0.11872939 0.28224422 0.20545561 0.073968916 0.19327066 0.13905438 0.10584543 0.051196145 0.096631632 0.20417497 
15.444024 0.4765411 0.30269078 0.38738911 0.79028556 0.3913066 0.19011564 0.43342372 0.21420797 0 0.047384703 0.13839376 0 0.034836836 0.1514623 0.28506837 0.041167789 0.032431578 0.052612618 0 0.012365238 0.063544585 0.082706773 0 0.081532077 0.079200916 0.16835005 0.13545386 0.07649712 51.336214 32.751418 0 0 0 0 -2.220446e-16 0 0 0.011472907 0 0 0 0 48.136307 0 0 0 0 30.73883 0 163.29264 53.942254 0 0 0 0.032054423 0 0 0.43291253 0.18847965 0.15916839 0.19043766 1.4059591 0.35013339 0.2566423 3.5527137e-15 3.5527137e-15 -3.5527137e-15 0 0 0 0.12606756 0 0.12256213 0.028100156 0 0.02762629 0 -3.5527137e-15 1.6756733 4.2661371 0.41424269 0.037131485 0.075144393 0.10679462 0.053410833 0.11893537 0.072753334 0.11880941 0 0.066066179 0.12657215 
0 0.43348991 0.36167066 1.4781329 1.6190333 0.22359972 0.26285369 0.14825498 -3.5527137e-15 0 0 0 0.21962276 0.081375872 0.15362514 0.28047798 0 0 0 0.026302766 0 0.00072519081 0 0.026758413 0.028981728 0.1422617 0.053339409 0.21644185 0.17114688 4.0349423 4.8536549 0 3.5527137e-15 0 0.030550411 0 0 0 0 0 0 0 0.046538604 0.017334164 0.0014036364 0 0 0 0 0.027235116 236.87002 30.482694 -3.5527137e-15 0 0 0.017516383 3.5527137e-15 0.075825371 0.22671924 1279.7303 0.89212273 1.6640703 0.89237976 0.13393899 -7.1054274e-15 0.016565125 -3.5527137e-15 0 3.5527137e-15 0 0 0.041639685 0.033505531 0.12817854 0.12339913 0.069279204 0.031705785 0 0.084603364 2.0339173 1.8579609 0.00018190274 0.051217819 0.16312065 0.093515255 0.14481316 0.14590372 0.15435602 0.090964 0.12953602 0.037270315 0.030144584 
930.21715 0.29382259 0.59280197 32.009993 92.871043 0.15531222 0.033660852 0 0 0 0 0.11051096 0.010831178 0.28047713 0.36963439 0.54076934 -7.1054274e-15 0.023940974 0 0.056571113 0.043528083 0.025546454 0 0.023717166 -3.5527137e-15 1.0658141e-14 0.2092739 0.18582126 0.15515182 5.3827052 2.6800484 0.021634847 0 0 0 0 0 0 0 0 0 3.5527137e-15 110.22316 106.48222 0 0.0031627088 0 0 0.0097281852 6.4481334 0 0 0 0.036280415 0 600.72878 0.3496053 0.13324039 0 1894.8603 1.0528502 0.43845852 0.058210092 3.5527137e-15 0.041485907 0.052419839 3.5527137e-15 0 0 0 0 0 0 0 0.1826823 0.12604744 0.075138108 0.27468009 0.17721642 0.39132452 6.3936565 8.4925094 0.00612694 0.056068184 0.058246878 0.11938244 0.17361622 0.049403588 0.039641584 0.21162512 0.069955911 0 
0 0.43418049 0.02700168 68.087733 105.97002 0.00079912655 0.0019986062 3.5527137e-15 0 0 0 0.032556243 0.019259039 0.40501848 0.41421515 0.07547377 0 0.036620624 0 0 0.057856427 0.041151554 0.019348522 0.037489921 0.037506834 0.059455547 7.1054274e-15 0.067366445 0.23897927 7.578291 5.5945967 0.018010956 0 0.087822193 0 0.024167304 0 0 0 -3.5527137e-15 0 0.017101936 143.73068 102.29877 0.0023420951 0.00095705612 0 0.013906446 0 0 0 256.90669 0.052279151 0.12378336 0.058503225 88.086037 27.062542 0.028236736 0.0054758376 0.10291478 0.10590059 0.04255456 0.02703815 0.018821471 0.034334261 0.012545534 3.5527137e-15 3.5527137e-15 0 0 9.7791241 0 0 3.5527137e-15 0.063402869 0.0760682 0.067135073 0.23739225 0.24147448 0.32888461 0 3.0965219 7.52225 0.15983975 0.12029723 0.042723101 0 0.071956041 0.11556953 0.12247434 0 0 
0 0.82103997 0 51.016755 119.01941 0.020197335 0.036343044 0 0 0 0 0 0.034116204 0.5536412 0.4924702 0.12822584 0 0 0 3.5527137e-15 3.5527137e-15 0 0.041187204 0.04829154 0.044987178 -1.7763568e-15 0 0.057078118 0.12774008 5.7013044 4.9625752 0.014431138 0.042636975 0.038549501 0 0.013045741 0 0 0 0 0 0 58.953298 39.200781 0.06031843 0 100.34018 59.189006 0.0013744161 0 0 432.94976 0.29336289 0.093169544 0.080746413 0.053198317 0.041501678 0.073352091 0.034261963 0.020316526 0.030687897 0.0051497084 0.042727451 0 0.039478218 0 -3.5527137e-15 0 0 1.7108487 0 0 0 0 0 3.5527137e-15 3.5527137e-15 0.046122963 0.097281964 0.31260346 0.16531558 0.23121697 3.2464412 7.2710016 0.12920608 0.047086369 0.020086625 0 0.067207588 0 0.25193696 0.076647791 
115.14754 0 0 737.48063 74.445575 0.020854038 0.021626247 0 0 0 0 0.0021210373 0.034910869 0.45217409 0.42380442 0.082719641 0.011579817 0.15221419 78.942163 45.773996 72.515592 71.455453 0.094402362 0.024914311 28.202832 65.661878 0 0 0.24807397 1582.445 2819.2677 -3.5527137e-15 0 0 0.031104318 0.047920948 0 0 0 0 0 -3.5527137e-15 7.5364116 0 0 102.22926 0.037002895 0 0 0 153.85561 7.1054274e-15 0.11952959 0.045241729 -1.7763568e-14 0.12218855 0.034710219 0.023607433 0.027705604 -3.5527137e-15 0.023006005 0.007081247 -3.5527137e-15 0 0 0 0 0 0 0 0 0 0 0 0 0 0 0 3.5527137e-15 0.24558964 0.65705152 0.18548413 1.3465021 6.8813667 0.13055412 0.093485063 0.041972995 0.10148983 0.088728275 0.78184829 0.17199551 0 
1427.7959 15.574766 48.894822 108.84716 0.069600483 0.024158759 0.0041970513 0 0 0 0 0 0.027581176 0.44768984 0.63113801 0.12832398 0.01726234 0.016492962 0 0 0 0 0.004739099 0.018652508 60.882818 95.41325 0 0 0 0.1531015 23.208911 9.7079709 5.962925 7.9936058e-15 7.1054274e-15 0 7.1054274e-15 0 0 0 0.006695633 0 0 0 3.5527137e-15 7.1054274e-15 -7.1054274e-15 0 0 0 82.289661 -1.4210855e-14 0.063464271 0.024978763 0.090091852 0.089214294 -1.7763568e-15 0.15051751 0.056327602 0.050814526 7.1054274e-15 0 -3.5527137e-15 0 0 0 0 0 0 0 0 0 3.5527137e-15 0 -7.1054274e-15 0 0.049265061 3.5527137e-15 0 0.034735236 0.11025772 0.39462405 0.74819223 2.1247195 3.8547642 0.19899444 0 0.16894816 0.89241854 0.51137985 0.021132355 0.018382369 
44.320926 494.8426 949.08744 124.25919 0.065071084 0.079289541 0 0 0 0 0 0 0.030873008 1.1313629 0.88075498 0.12700711 0 0 0 0 0 0 0 0.068270746 45.782911 23.730655 86.266327 0 0 0 -3.5527137e-15 0.040286391 8.4739721 6.6935555 0.04700853 0 0 31.516157 0 0 0 0.12350358 0.025943971 0 3.5527137e-15 0.26003899 0.11919383 0 0 0 70.309937 0.031880236 0.020041974 0.032746775 0 -4.4408921e-16 0.040447795 0.023828971 3.5527137e-15 0 0.029399712 0 0.018719596 -3.5527137e-15 0 0 0 0 0 0 0 0 7.1054274e-15 0 0 -3.5527137e-15 0 0.10629993 3.5527137e-15 0.051393605 0.049579841 0.058061704 0.10452151 0.15803224 3.4349345 0.97626791 0.053028461 0.97472773 0.80216243 0.014176601 7.1054274e-15 0 
0.032658234 0.069436358 0.045865174 0.033214485 0.030013043 0 0 0 0 0 0 0.021385854 0.63643845 0.70923083 1.3094063 0.039817821 7.1054274e-15 0 0 0 0 0 0 0 0 6.2356722 0 0 0 0 0 -3.5527137e-15 1.1550406 716.00617 0.027281787 -1.7763568e-15 76.955197 0 0 0 0 154.48737 130.04057 17.701676 21.970091 0.17988603 0 0 0 0 52.3781 -3.5527137e-15 0 0 0 21.99581 17.230736 0 0 0 0 15.244983 0 0.021444581 -3.5527137e-15 3.5527137e-15 0 0 0 0 -3.5527137e-15 7.1054274e-15 0 7.1054274e-15 0.033640397 0 -7.1054274e-15 -7.1054274e-15 0.072889867 1.7763568e-15 0.072523996 0.05967432 0.11176368 0.27040847 0.38624265 4.7310461 0.27439206 1.4279601 3.5527137e-15 0 0 0 
27.331104 1.7763568e-15 1.7763568e-15 0 0 0 3.5527137e-15 0 0 0 3.5527137e-15 0.020507673 0.95985867 0.63339287 0.047201058 0.037691995 0.0021605043 4.3493507e-05 0 0 0 0 0 0 0 0 0 0 0 0 0 0 91.062277 0 15.846356 63.508214 0 0 0 0 0 0.067362644 0 394.87777 300.67807 0.04076861 0.0093918044 0 47.774744 17.34669 65.054452 0.0035719986 0 0 0 0 49.572253 0 0 0 0 0 13.913397 -3.5527137e-15 0 0.038998711 0 3.5527137e-15 3.5527137e-15 0 -3.5527137e-15 7.1054274e-15 0.038644208 -1.0658141e-14 0 0.052131141 0.029974298 3.5527137e-15 0.016005854 0.097256078 0.054054114 0.056429144 0.089821308 0.09417737 0.084082432 0.98510982 8.0827853 0.17285214 0.013406253 0 0 0 
0 0 0 0 50.097254 0 0 0 7.1054274e-15 0 0.019103924 3.5527137e-15 1.5742357 0.78314274 0.013668424 0.0093418243 0 0 0 0 0 0 0 0 0 0 0 0 0 0 0 0 0 0.014067507 57.578507 0.14731521 0.047483409 0 0 0.024898922 0.041680952 0.064617572 0.021386743 0 0.02489958 7.1054274e-15 7.1054274e-15 0 14.199901 0 102.21698 0.018829116 0 0 0 0 44.513374 0 0 0 0 0 0.010956637 0 -3.5527137e-15 -7.1054274e-15 0 0 0 0 0.018362854 0.04741391 0.049417105 -7.1054274e-15 0.039950033 0 0.02336491 0 0.039363017 0.060787576 0.10298456 0 0.04371306 0.095884067 0.10236165 0.14800798 2.6088972 3.7652496 7.1054274e-15 -3.5527137e-15 0.013722126 0 
-8.8817842e-16 0 0 0 37.591269 0 0 0 33.883009 0 0 3.5527137e-15 0 3016.2459 0.091541254 -3.5527137e-15 0 0 0 0 0 0 0 -3.5527137e-15 0.019739344 0 0.0010647394 0 0 0.0085485331 0 0.011189121 0.076691469 0.01720791 0.048924836 0 0 0 0 0.10518279 0.27695459 0 0 0.059524458 0.036382458 -7.1054274e-15 0 -7.1054274e-15 0 -1.7763568e-15 -2.6645353e-15 3.5527137e-15 0 0 0 0 0 0 0 0 0 0 0.017598578 0.014438149 0 0 -3.5527137e-15 -7.1054274e-15 0 0 0.033039448 0.096654753 0.018522626 0 0 0.103888 0.042341669 0.031814062 -7.1054274e-15 3.5527137e-15 0.15270201 0.17509078 0.045109889 0.13168333 0.18107767 0.23325595 3.1297874 1.3414341 -3.5527137e-15 0.031993432 -3.5527137e-15 3.5527137e-15 
-5.3290705e-15 0 0.011020679 0 -3.5527137e-15 0.0056490026 0 0 0 3.937013 0 0 3.5527137e-15 217.21834 0.06096266 0 0 0 0 0 0 0 0 3.5527137e-15 0.028309908 0.0022631201 0.037820731 0 -3.5527137e-15 0 0.0091529777 0.0299649 0.067314395 0.051336566 0.13397395 218.27177 0 0 15.125213 1098.5771 0.20551973 7.7323976 0.086696027 0 3.5527137e-15 -7.1054274e-15 0 0.029982018 0.029722639 0 0 0 0 0 0 0 40.146788 0 0.011534023 -3.5527137e-15 0 0 0.10207184 0.032237205 3.5527137e-15 0 0 -4.4408921e-16 3.5527137e-15 0 3.5527137e-15 0 0.068736214 -1.4210855e-14 0.018335944 0.078595896 0.13040389 0.093289997 0.1080089 0.019870209 0.029126206 0.04373938 0.022192253 0.19677438 0.054742405 0.079077822 2.8257941 3.7300936 0.011732888 0 -3.5527137e-15 0 
0.0062076859 0 0 0.035862502 -7.1054274e-15 0.03975771 0 -3.5527137e-15 0 0 0 -3.5527137e-15 0 0 0.30982945 0 0 -3.5527137e-15 0 0 0 0 0.0004155628 0.0016180332 0 0.0059884215 0.041044389 0.083623822 0.021423549 0 0 3.5527137e-15 0.10346567 0.044228599 0.074809638 74.968822 0 0 322.18703 0.29432361 0.074385643 0.13754324 0.039140009 0.059639193 0.052176824 0 0.0329898 0.03539169 0 -1.0658141e-14 -7.1054274e-15 -3.5527137e-15 0 0 0 16.450877 3.5527137e-15 0 0 0 0 7.1054274e-15 0.13614683 0.050665117 0.026299461 0 40.460475 35.452469 76.816055 0 0.0049692408 0.011434407 0 0.34438239 0.064675173 0.11986754 0.059212272 0.14361583 0.12401259 -3.5527137e-15 3.5527137e-15 0.034553763 0.022625376 3.5527137e-15 0.16803298 -3.5527137e-15 6.4852157 3.3977424 0.02547354 0 0.057603077 -3.5527137e-15 
0.0027143849 0.0065136096 0.031836949 -3.5527137e-15 0 0.030496892 0 3.5527137e-15 0 0 0 0 0 0.29070338 0.3621665 0 -7.1054274e-15 0 0 0 0 0 0 7.1054274e-15 0.0073405133 0 -3.5527137e-15 0.017332409 0.071318554 0.37435743 0.052771907 0.059701867 0.013175039 0 0.049650746 35.218666 0 11.941093 102.43564 0.048577029 0.065788434 -7.1054274e-15 0.036901201 0.060387263 0.042077781 0.031221916 0.022883261 0 3.5527137e-15 0 0 0 0 0 2.1742471 0 -1.7763568e-15 0 0 -3.5527137e-15 0 3.5527137e-15 0.10691615 0.28642712 0.084706073 3.5527137e-15 1.7763568e-15 0 0 0 0.021359051 0 0.022293951 0.11724242 0.37785803 0.095253107 0.088774052 0.14546139 0.12006222 0.094035115 0.11969574 0.11471917 0.074524165 0.073902603 0 0.22705029 0.034017382 10.945346 7.2892555 0.033047885 -3.5527137e-15 0.068379895 
0 0.031582518 0 0.10194298 0.12182221 -7.1054274e-15 0 3.5527137e-15 0 0 7.1054274e-15 0 3.5527137e-15 0.19903911 0.17141184 0 0 0 0 0 0 0 0 0 7.1054274e-15 0.04168927 -7.1054274e-15 0 0.079797449 -1.0658141e-14 0.09573967 0.011662804 0.061841251 0.060165703 0.13724052 0.039980761 0 0.36083025 84.515362 0.092213289 0.040316607 0.036247711 0.011575678 0.023622981 -7.1054274e-15 0.049256939 -3.5527137e-15 0 0 0 0 2.5772507 0 0 0 5.3290705e-15 3.5527137e-15 3.5527137e-15 0 0 0 0 0.11051507 0.3968758 0.11203951 0.1154714 0.031662452 0 0 18.976782 2.7755576e-16 0.12147125 0.10027706 0.00024471998 0.58221532 0.37366008 0.083845522 0.07695637 0.052399221 0.3406625 0.23751686 0.015613997 7.1054274e-15 0.055705927 0.02076958 0 0 7.5673591 10.090594 0.13343709 186.75885 0.029635124 
0.041685937 0.15712312 0.2039841 0.25397441 0.0045462183 0 0 -3.5527137e-15 0 0 0 7.1054274e-15 -3.5527137e-15 0.052954398 0.2774798 0.033505431 0 0 0 0 0 0 0 0 0 0 0.049030701 0 -3.5527137e-15 0 0.092782722 0.80357557 0.43711343 0.23686844 0.12148573 294.75419 109.47595 0.17885249 0.10817301 0.034960863 0.023463186 3.5527137e-15 0.0099665429 0.030127401 0 0 0 0 0 0 0 0 0 0 8.8817842e-16 0 -7.1054274e-15 3.5527137e-15 0 0 1.7763568e-15 3.5527137e-15 622.85587 33.454928 0.11071306 0.095774579 0.054408212 0 0 0 5.5907433 32.784754 0 0 0.042902829 0.6164503 0.30398131 0.14369614 0.059602878 0.048600286 0.11642044 0.1514416 0.058847689 147.4329 159.61519 0 0 3.5527137e-15 0 233.5908 12422.952 8.8817842e-16 
547.01306 0.32801283 0.20668012 0.039192872 -3.5527137e-15 0 3.5527137e-15 0 0 0 -3.5527137e-15 0 0 0.18995585 0.70372795 0.076353323 0 -3.5527137e-15 0 0 0 0 0 0 3.5527137e-15 0 0.036122779 0 0.032573806 0 0.14086363 0.1881958 0.25166687 0.67514358 386.93781 1076.1751 189.23889 1.9600364 0.039303119 -7.1054274e-15 0.029605207 0.03296839 0 3.5527137e-15 0 0 0 0 0 0 0 0 0 -1.7763568e-15 1.7763568e-15 0.042070035 0 3.5527137e-15 3.5527137e-15 -7.1054274e-15 0 -2.6645353e-15 1.0703686 0.28282133 0.099086939 33.795377 20.566929 0 0 0 0 0 0 0 0.022048092 7.1054274e-15 0.61634297 0.36497301 1.5869773 0.47775898 0.11394345 0.33516427 0.18033067 0 0 0 0.014653966 0 -3.5527137e-15 3.5527137e-15 3.1368755 125.60084 
953.71749 0.41974865 0.23079481 0.081000439 0.059171975 0.053014788 0 0 -1.110223e-16 0.018042369 3.5527137e-15 3.5527137e-15 0 0 0.42824559 0.78496623 3.5527137e-15 -3.5527137e-15 0 0 0 0 0.033397133 -7.1054274e-15 -3.5527137e-15 0 8.8817842e-16 1.7763568e-15 0.040859882 -3.5527137e-15 0.038810803 0.030662481 0.19144392 104.87037 1071.183 0.080533525 0.12812406 0.10026223 -1.0658141e-14 7.1054274e-15 -3.5527137e-15 3.5527137e-15 3.5527137e-15 3.5527137e-15 7.1054274e-15 0 0 0 0 0 0 0 0.0087760077 0 0 0 0.029623887 -7.1054274e-15 0 0 2.3482789 0.092149359 0.20263371 0.96908916 0.2164238 0 0 0 0 0 0 0 0 0 0 0 0.16057985 0.27099929 0.38285802 1.2255536 2025.5337 1.1011064 1.6848918 0.14244669 0 0 0 0 0 0 0 0 
0.3304012 0.038169407 0.0036862217 0.048946034 0.06111793 0.03774253 0 0 0 0 0 -3.5527137e-15 0.034121578 3.5527137e-15 0.5122397 0.46466953 0 -3.5527137e-15 0 0 0 0 0 0 0 0.012846424 3.5527137e-15 0.031871267 0 0 3.5527137e-15 0.062837211 0.028003471 0.22516745 0 0.054111824 -3.5527137e-15 0 -7.1054274e-15 -3.5527137e-15 -3.5527137e-15 3.5527137e-15 0 0 0 0 0 0 0 0 0 0 0.020344878 0.046858773 0 0.071358754 0.00077983778 -7.1054274e-15 0 0 0 72.541121 517.06497 0.63471482 0.056755302 0 0 0 0 0 0 0 0 0 0 0 0.018250368 0.027338641 0.024012217 70.471196 252.06069 7.1054274e-15 3.247446 2.6045465 0.2246088 0 0 0 0 0 -3.5527137e-15 0 
17.222647 -3.5527137e-15 3.5527137e-15 0 0 -3.5527137e-15 0 0 29.460117 0.0067208521 0 0.0087346826 0 0.0178721 0.86081801 1473.1804 -3.4416914e-15 0 3.5527137e-15 5.5511151e-17 0 0 0 0 0 0 0.015090145 3.5527137e-15 0.027558068 3.5527137e-15 0 0.24733799 0.1223998 0.80743971 0.40055939 0.065969819 -7.1054274e-15 0 0 0 0 0 0 0 0 4.0164591 0 0 0 0 7.1054274e-15 0 0.027114323 0.035814936 0.21767223 0.090054244 0.027320977 0.025416664 0.057233207 -3.5527137e-15 0 287.43085 178.63103 25.7758 0 0 0 0 0 0 0 0 0 0 0 0 0.90067976 0 0 0 0 0 72.56439 266.65718 175.35607 0.0058779512 0 0 0 0.0088791767 0 0.028546713 
