NCOLS 69
NROWS 75
XLLCORNER 276826.32
YLLCORNER 3833038.9
CELLSIZE 10
NODATA_VALUE -9999
0 0 0 0 0 0 0 0 0 0 27.876076 0 0 0 0 0 0 0 0 0 0 0 0 0 0 0 0 0 0 99.518131 141.53756 0 0.03516761 0 0 3.5527137e-15 0 0 0.21081227 0 0 0 -1.7763568e-15 0 0 0 0 0 0 3.5527137e-15 0 0 0 0 0 0 18.99397 0 0 0 0 0 0 0 0 0 0 0 0 
0 0 0 0 0 0 0 0 0 0 0 54.829574 0 0 0 0 0 0 0 0 0 0 0 0 0 0 28.202134 0 0 21.807679 0.040200269 0.026001033 0 0.066178306 0 0 0 0 0 0 0 0 0.028369471 -3.5527137e-15 0.077603057 0.021473847 3.5527137e-15 -3.5527137e-15 0.018624988 0.033775133 0 0 0 0 3.5527137e-15 0 0 0 0 0 0 0 0 0 0 0 0 0 0 
0 0 0 0 0 0 0 0 0 0 0 52.598905 0 0 0 0 0 0 0 0 0 0 0 0 0 146.61955 0 0 153.84594 0 0.013175167 -3.5527137e-15 -3.5527137e-15 0 0 0 0 0 22.121263 6.0622016 42.175265 -1.7763568e-15 0.16042642 0.03231661 0.030537118 0 0.01505563 7.1054274e-15 0.047084872 0.038143856 0 0.0044821389 0 0.0072599916 0 0 35.168093 0 0 0 0 0 0 0 0 0 0 0 0 
0 0 0 0 0 0 0 0 0 0 0 0 0 0 0 0 0 0 0 0 0 0 0 0 47.562085 45.300386 7.1054274e-15 -3.5527137e-15 0.018909631 0.038435826 0 0 0 0 0 0 0 0 0 0.091463243 0.058682057 0.15058906 0.084298351 -3.5527137e-15 0 0.022953046 0.043677725 0 -3.5527137e-15 0 0.039160849 3.5527137e-15 0 0 0 0 0 0 0 0 0 0 0 0 0 0 0 0 0 
0 0 0 0 0 0 0 0 0 0 0 0 0 0 0 0 0 0 0 0 0 0 0 0 20.816472 0.049726514 0.013680766 0.0080841164 -8.8817842e-16 0 0 0 0 0 0 0 0 0 0 0.093515926 0.060414422 0.02101045 0.059010191 -3.5527137e-15 0.027078742 0.017367512 -7.1054274e-15 0.035182826 0.038361896 0 -7.1054274e-15 0.030172315 7.1054274e-15 0 0 0 0 0 0 0 0 0 0 0 0 0 0 0 0 
0 0 0 0 0 0 0 0 0 0 0 0 0 0 0 0 0 0 0 0 0 0 0 0 21.933176 0 0 0 0 0 0 0 0 0 0 0 0 0 162.13604 4.1677609 0.017223491 0.034182633 0.033691109 0.050911879 3.5527137e-15 0.078441315 0.033511663 0 0.022409961 0.045524376 0 0 3.5527137e-15 0.023079703 -7.1054274e-15 -3.5527137e-15 0 0 0.0038866185 0 -4.4408921e-16 0 0 0 0 0 0 0 0 
0 0 0 0 0 0 0 0 0 0 0 0 0 0 0 0 0 0 0 0 0 0 0 0 50.986858 0 0 0 0 0 0 0 0 0 0 0 0 0 0 73.666573 322.61345 11.812389 0.041718885 3.5527137e-15 0.042191146 0.0820289 0.040149141 -7.1054274e-15 0 0.066577005 0.024702757 0.032524814 0.031122457 3.5527137e-15 0 -1.7763568e-15 3.5527137e-15 0.0016818294 0 0.019362208 -1.7763568e-15 0 7.1054274e-15 0 0 0 0 0 0 
0 0 0 0 0 0 0 0 0 0 0 0 0 0 0 0 0 0 0 0 0 0 0 0 27.211169 0 0 0 0 0 0 0 0 0 0 0 0 0 0 0 0 136.16111 7.1054274e-15 3.5527137e-15 0.12988257 0.14550091 0.045955055 7.1054274e-15 0.017436292 0.016463188 0.037729876 3.5527137e-15 0.17727609 -7.1054274e-15 7.1054274e-15 0 0 0.052299046 0 0.035431144 3.5527137e-15 6.342149e-15 0.015626234 0 0 0 0 0 0 
0 0 0 0 0 0 0 0 0 0 0 0 0 0 0 0 0 0 0 0 0 0 0 14.042575 3.5527137e-15 0 0 0 0 0 0 0 0 0 0 0 0 0 0 0 10.15472 34.727504 7.1054274e-15 0.15758194 0.073404796 0.03927002 -3.5527137e-15 -3.5527137e-15 0.068971547 0.079229975 0.10285082 0.077868146 0.046734244 -3.5527137e-15 0.069529546 1.7763568e-15 26.24794 0.0072781868 0.0067640807 0.0029284475 0.038171008 0 0.0024648807 0 0 0 0 0 0 
0 0 0 0 0 0 0 0 0 0 29.342763 0 0 0 0 0 0 0 0 0 0 0 0 0 34.850071 -3.5527137e-15 0 0 0 0 0 0 0 0 0 0 0 0 0 0 103.67894 33.904935 0.15852634 0.071989721 174.75035 26.459045 204.22781 7.1054274e-15 0.20231219 0.065292541 0.086113121 0.1262904 0 0.035872845 0.051343155 -3.5527137e-15 0.022943074 0.24050146 0.037716041 7.1054274e-15 0.058977572 3.5527137e-15 7.1054274e-15 0 0 0 0 0 0 
0 0 0 0 0 0 0 0 0 0 31.165016 0 0 0 0 0 0 0 0 0 0 0 0 0 56.178191 5.1567196 0 0 0 0 0 0 0 0 0 0 0 0 0 0 0.16615001 65.0217 0.20405765 23.162576 0 186.78208 379.69106 56.7597 0.035375549 0.089554728 0.14038571 0.089480141 0.057466473 0.069399115 -7.1054274e-15 0.18044182 7.2429896 239.26733 90.103169 0 0 0 0 0 0 0 0 0 0 
0 0 -3.5527137e-15 0 3.5527137e-15 0 -3.5527137e-15 0 0 8.8817842e-16 0 0 30.724193 0 0 0 0 0 0 0 0 0 0 0 0 0 0 0 0 0 0 0 0 0 0 0 0 0 0 0 0 55.410939 12.273145 0 0 0 0 164.69497 294.27778 0.10289903 0.12146501 0.092339543 0.06385389 0.063847956 12.065996 1.5772448 61.538406 0 3.5527137e-15 0.027627871 0.060868117 0 0 0.032610828 0 0 0 0 0 
59.812963 0 0.033621571 0.070607469 42.288043 0.021669159 0.019272746 0.029470465 0 0 67.18148 0 0 0 -3.5527137e-15 0 0.4652999 0 0 0 0 0 0 0 0 0 0 0 0 0 0 0 0 0 0 0 0 0 0 0 0 0 0 0 0 0 0 0 0 234.00512 405.43773 0.08275052 0.09089374 0.23636475 122.33701 36.033518 0 108.09896 0.052052223 0.032501685 0.020746089 0 0.0033383821 0 -7.1054274e-15 0 0 0 0 
3.5527137e-15 0.025969116 0.045851893 0.12619348 86.523187 840.97714 314.32092 128.15687 45.14224 164.63598 0 100.21485 0 3.5527137e-15 -3.5527137e-15 4.90907 21.746024 25.84902 0 0 0 0 0.18150561 0 0 0 0 0 0 0 0 0 0 0 0 0 0 0 0 0 0 0 0 0 0 0 0 0 0 0 0 370.9297 0.088906601 51.252492 0 62.653823 0 0 -7.1054274e-15 0.03364518 0.037707863 0 -3.5527137e-15 0.042213145 0 0 -3.5527137e-15 0 0 
4.4408921e-16 0.016196492 0.018598703 0.02889386 0 -3.5527137e-15 0.027113026 0.044180386 0.10729895 0.037112873 -1.0658141e-14 0.041890664 0 0.043165985 406.99062 0 0 0 0 0 0 0 5.9604655 0 0 0 0 0 0 0 0 0 0 0 0 0 0 0 0 0 0 0 0 0 0 0 0 0 0 0 0 12.349247 38.243877 0 0 0 47.745897 -3.5527137e-15 0.064200846 0 0.014667868 0.0036668986 0.022101111 0 0 0 -7.1054274e-15 0 0 
0 3.5527137e-15 0.042182543 7.1054274e-15 0 3.5527137e-15 0.028060907 3.5527137e-15 0.021230657 0.047690824 0.024290728 0.017028577 0.052528928 -7.1054274e-15 121.35202 0 0 0 0 0 0 0 30.810463 58.224947 0 0 0 0 0 0 0 0 0 0 0 0 0 0 0 0 0 0 0 0 0 0 0 0 0 0 0 0 0 0 0 0 24.305408 31.58515 0.0020775173 0 0.046535968 0.026391951 0.021124171 0.024314012 0.064849205 3.5527137e-15 3.5527137e-15 0 0 
0 0.038408924 0 0 7.1054274e-15 0.032714366 0.063217509 0 0 0 0 0.060907554 0.027368472 7.1054274e-15 54.712595 0 0 0 0 0 0 0 0 18.939541 0 0 0 0 0 0 0 0 0 0 0 0 0 0 0 0 0 0 0 0 0 0 0 0 0 0 0 0 0 0 0 0 0 258.45681 0.013245379 0.062697096 0.13090895 0.041540697 0.068764562 -1.5543122e-15 74.58935 0.032901452 0 0 0 
0 0.0022328451 0 -3.5527137e-15 4.1633363e-16 0.025715501 0 0 0.021031751 0.012462073 -3.5527137e-15 0.028655551 0 3.5527137e-15 326.74642 0 0 0 0 0 0 0 0 0 0 0 0 0 0 0 0 0 0 0 0 0 0 0 0 0 0 0 0 0 0 0 0 0 0 0 0 0 0 0 0 0 0 136.75424 0.042369159 1.7763568e-15 0.022023905 0 3.4692854 25.886182 18.805251 0 0 0 0 
0 0 0 0.024566798 -4.1633363e-17 0 0.056440885 0.053296845 0.031352133 0.042001916 3.5527137e-15 3.5527137e-15 0 -7.1054274e-15 120.60042 385.43988 25.555816 30.427918 54.008688 0 0 0 0 0 0 0 0 0 0 0 0 0 0 0 0 0 0 0 0 0 0 0 0 0 0 0 0 0 0 0 0 0 0 0 0 0 0 18.613434 0.0069488454 0 0 15.724243 33.855563 0 0 114.34956 194.19682 0.024369984 0 
0 0 0 0 20.532609 0 0 0 0 -7.7715612e-16 -8.8817842e-16 0 0 -7.1054274e-15 0.0022584878 0.067240872 4.4408921e-16 0.010678532 0 119.20283 0 0 0 0 0 0 0 0 0 0 0 0 20.387458 0 -2.6645353e-15 0 0 0 0 0 0 0 0 0 0 0 0 0 0 0 0 0 0 0 0 0 0 16.614136 0 26.377214 0.10497634 113.4618 0 0 0 0 20.916201 141.00408 30.525711 
0 0 0 0 0 0 0 0 0.6928308 2.220446e-15 0.0023092184 0.00031174437 1.0658141e-14 0.071055064 0.12629717 -1.7763568e-15 0.02782271 0.038339045 0 122.96144 36.269227 39.786827 58.843246 0 0 0 0 0 0 0 0 0 0 59.072689 0 0 0 0 0 0 0 0 0 0 0 0 0 0 0 0 0 0 0 0 0 0 0 87.370783 65.935097 0.056352453 44.541812 0 0 0 0 0 0 0 0 
0 0 0 0 0 0 0 -3.5527137e-15 53.321684 2.7755576e-17 -8.8817842e-16 0.013838711 0.03873203 0.085268822 0 0 3.5527137e-15 3.5527137e-15 0.031619652 0 49.830898 0.051504597 22.011816 6.3628358 0 0 0 0 0 0 0 0 0 66.589317 0 0 0 0 0 0 0 0 0 0 0 0 0 0 0 0 0 0 0 3.50565 0 0 0 0 0 5.1108954 0 0 0 0 0 0 0 0 0 
0 0 0 0 0 0 24.509615 5.876254 39.974877 0.011226734 0.040559471 7.1054274e-15 3.5527137e-15 0 0 0 0.030561232 0.0017135051 0 0 7.1054274e-15 39.709391 0.087560632 0 0 0 0 0 0 0 0 0 0 52.427362 0 0 0 0 0 0 0 0 0 0 0 0 0 0 0 0 0 36.915759 19.992686 0 0 0 0 0 0 36.321516 0 0 36.464253 0 0 0 0 0 0 
0 0 0 0 0 0 -1.7763568e-15 41.775206 4.5306983 0 1.7763568e-15 0.020166898 0.03453431 0 0 0.038138362 0.029557564 0 0 115.90954 0 0 30.864869 104.40752 0 0 0 0 0 0 0 0 0 45.484833 0 0 0 0 0 0 0 0 0 0 0 0 0 0 0 0 0 60.44931 0 0 0 0 0 0 0 0 0 0 0 28.121466 14.485301 0 0 0 0 
0 0 0 0 0 -1.7763568e-15 -3.5527137e-15 0 0 -3.5527137e-15 0.037622678 0 0 0 0 0 3.5527137e-15 0.0085058608 -3.5527137e-15 0 146.55566 20.998486 85.286461 0.090421134 215.45838 0 0 0 0 0 0 0 0 14.356933 0 0 0 0 0 0 0 0 0 0 0 0 0 0 0 0 66.412261 7.1054274e-15 -3.5527137e-15 0 0 0 0 0 0 0 0 0 0 0 0 0 0 0 0 
0 0 0 0 0 0 -3.5527137e-15 0 0 0 0.0045358407 0 0 0 3.6516657 0 0.03972082 0 -3.5527137e-15 0 3.5527137e-15 0.010441558 0.11732523 0.090853383 190.16794 0 0 0 0 0 0 0 0 0 0 0 0 0 0 0 0 0 0 0 0 0 0 0 0 0.6107156 23.561765 0 0 0 0 0 0 0 0 0 0 0 0 0 0 0 0 0 0 
0 0 0 0 0 0 0 0 0 0 0 0 0 0 0 0 7.1054274e-15 3.5527137e-15 0 0.055646958 -3.5527137e-15 0.057381686 0.035354219 0.041427765 112.37519 0 0 0 0 0 0 0 0 0 0 0 0 0 0 0 0 0 0 0 0 0 0 0 0 78.430957 7.1054274e-15 0 0 0 0 0 0 0 0 0 0 0 0 0 0 0 0 0 0 
0 0 0 0 0 0 0 0 0 0 0 0 0 0 0 0 0 0 0 0 0 3.5527137e-15 0.085139241 0.077700699 55.268996 0 0 0 0 0 0 0 29.1375 0 0 0 0 0 0 0 0 0 0 0 0 0 0 0 0 0 39.254748 0 0 0 0 0 0 0 0 0 0 0 0 0 0 0 0 0 0 
28.027043 0 0 0 0 0 0 0 0 0 0 0 0 0 0 0 7.1054274e-15 3.5527137e-15 3.5527137e-15 3.5527137e-15 0 0.033902747 0.036281893 0.015456758 24.416522 0 0 0 0 7.0138254 0 0 42.769683 0 0 0 0 0 0 0 0 0 0 0 0 0 0 0 0 0.24136293 0.0376393 0 0 0 0 0 0 0 0 0 0 0 0 0 0 0 0 0 0 
0 62.799268 38.853108 0.024148836 3.5527137e-15 0 0 0 0 0 0 0 0 0 0 0 0 0 0 0 0.048072125 0.028950242 0.034672209 0.046173804 67.723349 0 0 0 0 54.339643 0 0 53.019584 0 0 0 0 0 0 0 0 0 0 0 0 0 0 0 0 0 0 0 0 0 0 0 0 0 0 0 0 0 0 0 0 0 0 0 0 
0 0 0 0.026312443 0 0.03050011 -3.5527137e-15 0 0 0 0 0 0 0 0 0 0 0.13871502 0 0 -2.6229019e-15 0 0 0 109.38475 0 0 0 0 62.292705 0 0 44.330438 0 0 0 0 0 0 0 0 0 0 0 0 0 0 0 0 0 0 0 0 0 0 0 0 0 0 0 0 0 0 0 0 0 0 0 0 
0 0 0 0.18483392 7.5206956 0.11409233 0 0 0 0 0 0 0.0096743716 0 -3.5527137e-15 0 0.022919568 0 0 0.014385124 0 0.033021488 0 46.160228 0 0 0 0 0 47.426611 0 0 11.468941 0 0 0 0 0 0 0 0 0 0 0 0 0 0 0 0 0 0 0 0 0 0 0 0 0 0 0 0 0 0 0 0 0 0 0 0 
0 0 0.11848985 0.2387886 238.60567 222.48645 134.04128 89.881332 129.25398 0.037968359 7.1054274e-15 3.5527137e-15 0 0.097311762 0 0 3.5527137e-15 0.024309222 0 0 0 0 0.003111054 2.8595087 0 0 0 0 0 49.103654 0 0 0 0 0 0 0 0 0 0 0 0 0 0 0 0 0 0 0 0 0 0 0 0 0 0 0 0 0 0 0 0 0 0 0 0 0 0 0 
0 0 0.087133422 0 0.017686228 0.071107762 0.056364379 0.061053407 0.0344796 0.054760404 0.065395091 0.17363486 18.913956 0 0 0 -3.5527137e-15 0.013564048 -3.5527137e-15 3.5527137e-15 3.1086245e-15 0 0.030282168 54.955316 0 0 0 0 0 37.916949 0 0 0 0 0 0 0 0 0 0 0 0 0 0 0 0 0 0 0 0 0 0 0 0 0 0 0 0 0 0 0 0 0 0 0 0 0 0 6.6382888 
0 0.12626482 0 0 0 0.018385692 0 7.1054274e-15 3.5527137e-15 0 0.19779769 46.246013 0.20689149 0.11271064 121.06828 400.57021 99.146581 53.568297 29.629375 3.3355714 35.343932 71.9117 0 27.657389 0 0 0 0 3.5527137e-15 39.697801 0 0 0 0 0 0 0 0 0 0 0 0 0 0 0 0 0 0 0 0 0 0 0 0 0 0 0 0 0 0 0 0 0 0 0 0 0 0 18.904562 
0 0.011850582 413.85283 0.010678906 -8.8817842e-16 0.034591016 0.031981014 -3.5527137e-15 0.017331647 0.042534715 0.025048698 0.13894139 1.7763568e-14 0.12955779 424.75515 1459.7265 0 191.2828 30.901325 50.84498 3.0548208 0 93.633702 8.2368244 0 0 0 -3.5527137e-15 97.147373 11.574557 0 0 0 0 0 0 0 0 0 0 0 0 0 0 0 0 0 0 0 24.278892 0 0 0 0 0 0 0 0 4.536807 0.021522605 0 0 0 0 0 0 0 -3.5527137e-15 92.705307 
0 0 0.1285117 -3.5527137e-15 4.4408921e-15 0 7.1054274e-15 0 0.098999249 0.059389858 0.18507946 0.034617526 7.1054274e-15 7.1054274e-15 0.028508255 3.5527137e-15 0.029880123 0.013368498 0.070573842 63.595609 0 0 0 0 0 0 -6.9388939e-17 0 57.600205 0 0 0 0 0 0 0 0 0 0 0 0 0 0 0 0 0 5.1604571 4.2199378 8.8817842e-16 0 0 0 0 0 0 0 0 0 0 0.0014576338 -3.5527137e-15 0 0 0 0 0 0 0 42.122591 
0 1.4210855e-14 0.055171356 0 0 0 0.014285966 0.011550409 0.017049284 0.079933177 0.048929274 -3.5527137e-15 0.046970086 0.053776791 0.021763397 0.040236418 0.050877211 0.022872689 0.042909283 0.035782453 4.5704448 0 0 0 0 0 0 0.051805736 0 0 0 0 0 0 0 0 0 0 0 0 0 0 0 0 0 0 41.494159 0 -2.6645353e-15 0 0 0 0 0 0 0 0 0 111.59458 31.542573 -7.1054274e-15 0 0 36.104539 0 0 0 0 11.317102 
0 0 -3.5527137e-15 0 0 0 0 3.5527137e-15 3.5527137e-15 0.020727379 0.037606658 0 0.024829546 7.1054274e-15 0 0.011577341 0.033763014 0.014648724 7.9099719 0 20.767314 0 0 0 0 0 0 0 0 0 0 0 2.3319045 0 0 0 0 0 0 0 0 0 0 0 0 0 87.792258 0 0.0033438234 0 0 0 0 0 0 0 0 0 0 85.628361 0 16.025637 0 0 0 4.4678343 -1.7763568e-15 44.645845 23.336053 
61.864644 -7.1054274e-15 -3.5527137e-15 0 0 0.028218393 -3.5527137e-15 3.5527137e-15 0.0031891825 0 0 0.0090272555 0.001010755 0 3.5527137e-15 0.061474758 20.577002 0 0 0 0 131.64436 0 0 0 0 0 0 0 0 0 0.72775588 1.110223e-16 0.50276116 0 0 0 0 0 0 0 0 0 0 0 0 0 68.412859 0 0 0 -3.5527137e-15 0 0 0 0 0 0 0 5.223543 0 0 0 0 37.103116 0.016916973 38.106299 0 0 
3.5527137e-15 34.114547 0 0 0 -2.220446e-16 7.1054274e-15 0 0 0 0.00019007985 0 0.034938086 0 0.064840746 -1.0658141e-14 28.634546 100.55337 0 0 0 -7.1054274e-15 32.921504 19.046362 0 0 0 0 0 0 0 0.036052163 0.0010688267 109.18123 0 0 0 0 0 0 0 0 0 29.499515 0 0.0044205675 0.0016140712 54.701547 23.09151 3.5527137e-15 0.014564311 0 -2.220446e-16 0 0 0 0 0 0 0 0 0 0 0 0 0 0 0 0 
0 0 0 0 0 0 0 0 3.5527137e-15 -3.5527137e-15 0.0015947021 10.516443 0 0 0 0 0 109.8776 0 0 7.1054274e-15 -1.3322676e-15 34.99468 1.7235113 0 28.338366 0 66.317105 19.55882 20.185399 0 0.033500824 0.0073362804 73.109362 147.66751 0 0 0 0 0 0 0 0 0 3.4982569 0.045639358 0.42975652 8.649098 20.894728 0.0052641601 0.029232271 0.0066460441 1.110223e-16 0 0 0 0 0 0 0 0 0 0 0 0 0 0.069636697 0 56.237683 
19.80475 0 0 0 0 0 0 0 0 0 0 0 5.2873995 0 0 0 0.029358613 0.012535797 233.55048 179.69147 3.1086245e-15 3.5527137e-15 79.063638 76.092715 8.1907924 41.792589 -3.5527137e-15 0 87.177686 66.432061 87.998787 0.0026627405 0.059477412 0.0043539015 0.030005326 180.80549 0 0 0 0 0 0 0 0 0 0 2.1888046 4.9209241 3.5527137e-15 0.022547111 0.030246201 0 8.8817842e-16 0 0 0 0 0 -3.5527137e-15 -3.5527137e-15 0 0 0 0 0 0 0 50.783635 0 
0 19.595124 0 0 0 0 0 0 0 0 0 0 0 0 3.5527137e-15 0 3.7747583e-15 0.086787702 0.050016699 0 -3.5527137e-15 0 0 7.1054274e-15 -8.8817842e-16 -3.5527137e-15 0 0 0.043106997 0.010355483 2.6645353e-15 -7.1054274e-15 0.023178111 0.038280514 0.027054793 0 179.48573 69.600329 51.939485 0 0 0 0 0 0 0 97.198966 19.169015 0.051377341 0.054289213 0 0.046971325 0.01180918 0 0 0 0 0 -1.0658141e-14 0.037531955 25.85265 0 0 0 0 0 0.012305037 43.178052 0 
0 0 0 0 0 0 0 0 0 0 21.613042 0 0 0 -3.5527137e-15 0.030400873 0 0.032151471 0 -3.5527137e-15 3.5527137e-15 0 -3.5527137e-15 0 0 0 0 -3.5527137e-15 0.00072772497 1.7763568e-15 3.5527137e-15 0 0 0.016806534 3.5527137e-15 0.052505084 0.0087425221 0.043258568 37.336287 0 0 0 0 0 0 16.428924 0.037507628 0.022619017 53.946547 0.060251318 0.063982394 0.044225725 0.019133655 0 0.0047652793 0 0 0 1.7763568e-15 346.39576 5.7280047 36.032603 0 2.220446e-16 -3.5527137e-15 0 0 101.00865 0 
0 0 0 0 0 0 0 0 0 7.1054274e-15 1.7763568e-15 -8.8817842e-16 15.157174 0 0.048441486 376.34497 228.69337 2.6645353e-15 2.220446e-15 0 0 0 0 0 0 0 5.7091453 0 0 0 0 0 0 0 0.0054378619 -3.5527137e-15 0.0047131604 0.0061788804 67.358324 0 0 0 0 0 2.8324285 0.046711591 0.054673815 0.072325494 0.065431393 0.022631186 0.020507578 0.0053356986 0.044343612 0 0 0 -1.3322676e-15 0 0 0 0 0 0 0 0.034221276 0 52.171111 0 0 
0 0 0 0 0 0 0.035068893 0 0.0014180623 3.5527137e-15 0 1.3322676e-15 4.4408921e-16 0.01492022 0.057243297 0.503178 0.031840102 0.024205171 0 0.72956353 0 0 0 0 0 -3.5527137e-15 43.019453 0 0 0 0 0 0 7.1054274e-15 0.0084099437 0 0.064032141 0.017991454 2.6557512 0 0 0 25.967382 73.725044 56.185098 117.91108 0.083538962 0.12733662 0.017745245 0.054913567 0.013935207 0.020297109 0 0 0 21.427358 2.3480346 36.684667 0 0.12267118 0.074602512 0 -7.1054274e-15 0 0 0.026542184 37.931049 0 0 
0 0 0 0 0 0 0 130.03182 40.547242 -1.8457458e-15 0.054722746 0.0049185756 116.46146 0 0.3350419 0.14500502 0.047540735 3.5527137e-15 0 0 0 0 0 0 0 -7.1054274e-15 48.976577 0 0 0 0 0 0 0 60.239872 0 0 0 12.09635 92.819536 81.822748 86.58876 0.014701429 93.487123 0 227.59688 0.27568395 0.048915182 106.40582 17.304342 0.014079689 7.1054274e-15 -3.5527137e-15 0 0 0 0 0 0 0.02890217 0.033235216 0 7.1054274e-15 -3.5527137e-15 0.040788014 128.26727 0 38.063669 0 
0 0 0 0.00030123595 75.329517 0 1.4210855e-14 113.76341 66.996709 93.342425 0.070754349 0.18199234 83.776565 0.27067196 0.39035212 0.076910871 0 0 0 0 0 0 0 0 0 37.812163 0 0 0 0 0 0 0 0 0 0 0 0 3.5527137e-15 -3.5527137e-15 5.3290705e-15 0.017377509 0.023846307 0 0.019648626 0.013093265 226.20212 82.469184 36.387869 0.026274742 0.012794027 0 0.041178848 0 0.0029236576 0 0 0 0 0.10625057 459.33233 66.359034 62.666128 29.100174 146.52677 90.433543 46.767179 0 12.64435 
0 0 0 0 -4.4408921e-16 3.5527137e-15 0 0 0.010930781 12.930449 0.053152489 0.14575043 0.040989299 0.041948484 -4.4408921e-16 9.8555377 0 0 0 0 0 0 0 0 0 -1.7763568e-15 18.12119 0 0 0 0 0 0 0 0 0 0 0 0 3.5527137e-15 -3.5527137e-15 0.02183816 -3.5527137e-15 0.012581018 0 0.051789268 0.0065824092 199.62993 122.95993 -3.5527137e-15 0.0063619003 0.029671929 0.030287255 0.037465941 -3.5527137e-15 0 0 -3.5527137e-15 0 3.5527137e-15 70.356243 0 165.58238 0 0.0028043777 3.5527137e-15 0 -7.7715612e-16 0 
0 0 0 0 34.649261 -3.5527137e-15 4.4408921e-16 0.021319148 0.028948564 0 0.021104674 0.077876504 0.014477706 0 0 39.132771 0 0 0 0 0 0 0 0 0 -3.5527137e-15 68.429345 28.071944 0 0 0 0 0 0 0 0 0 0 0 0 0 0 0 0 0 0 0.068861633 0.0092568743 120.4282 206.41464 0 0.067307907 0.00081884941 0 0.029650887 0 27.900328 0 0 0 25.30211 61.430277 0.039136271 0 0 0 3.5527137e-15 0 -8.8817842e-16 
0 3.5527137e-15 3.5527137e-15 0 0.038798954 -1.110223e-16 0 0.015891148 0.014298059 26.899069 0 0 0 0 -1.110223e-16 0 0.7827067 0 0 0 0 21.201053 44.514125 0 0 7.1054274e-15 0 43.45433 3.5527137e-15 0.031785736 0.041147591 0.17657271 26.379379 66.23866 0 0 0 0 0 0 0 0 0.024932691 0 7.1054274e-15 0.024455962 0 3.5527137e-15 64.243614 0 236.77584 0.090997158 0.0031825342 0.0053363937 0.019719963 0 0 0 37.237607 50.619393 24.233338 88.086484 7.1054274e-15 0.010656843 0 3.5527137e-15 0 0 -1.7763568e-15 
0 0 0 10.233102 0 0 0 0 30.681176 0 0 0 0 0 0 0 0 0 0 0 0 -7.1054274e-15 -3.5527137e-15 85.761369 0 -3.5527137e-15 0 0.015582929 0.048229513 0.14343855 1.0658141e-14 550.03796 61.103059 0.46890877 0 0 0 0 0 0 0 0 0 3.5527137e-15 0.0029887513 0 0.031286052 -1.0658141e-14 45.407125 0 0 210.24704 0.023574412 0.029294531 0.0089957025 0.47428599 0 0 0 0 54.063451 25.865672 0 0 0 0 0 3.5527137e-15 0 
0 0 0 0 0 0 0 0 0 0 0 0 0 0 0 0 0 0 0.24358929 0 0 0 -1.7763568e-15 3.1444404 0 0 0 0 0 3.5527137e-15 0.043319645 128.33418 0 0 0 0 0 0 0 0 0 0 0 3.5527137e-15 0 -8.8817842e-16 0 3.5527137e-15 44.31262 0 0 0 38.192356 10.787177 4.5665127 0 17.776333 3.5527137e-15 0 0 38.063085 -1.3322676e-15 -1.4210855e-14 -3.5527137e-15 0 0 0 0 0 
0 0 0 0 0 0 0 0 0 0 0 0 0 0 0 0 0 0 0.38046536 0 0 8.8817842e-16 3.2740561 0 0 0 0 0 0 0 7.1054274e-15 95.714641 0 0 0 0 0 0 0 0 0 0 0 0 0 0 0 -3.5527137e-15 47.527977 0 0 0 0 3.2886991 0 63.111364 0 -7.1054274e-15 0 0 47.912405 0 3.5527137e-15 -3.5527137e-15 0 -8.8817842e-16 0 0 0 
0 0 0 0 0 0 0 0 0 0 0 0 0 0 0 0 0 0 62.185865 0 0 0 0 0 0 0 0 0 0 0 -3.5527137e-15 102.51091 0 0 0 0 0.0046525526 0 -3.5527137e-15 -3.5527137e-15 -3.5527137e-15 0 0 0 0 0 0 0 53.750346 0 0 0 0 0 0 0 37.623077 0 0 0 0 31.592097 0 0 0 0 0 0 0 
0 0 0 0 0 0 0 0 0 0 0 0 0.6539662 0 0 0 0 0 0.016000302 0 0.99883909 0 0 0 0 0 0 0 0 0 0 0 61.823081 0 31.75291 55.054834 62.182359 117.12506 0 0 3.5527137e-15 0 0 0 0 0 0 0 0 0 0 0 0 0 0 0 0 0 0 0 0 1.5667278 0 0 0 0 0 0 0 
0 0 0 0 0 0 0 0 0 0 0 0 0.024982853 1.6514567e-15 -3.5527137e-15 0.025427022 0.053752737 0.010116032 0.01976018 0 0 0 0 0 0 0 0 0 0.021357488 0 -3.5527137e-15 47.456164 25.306745 0 0 0 0 0 153.48422 3.5527137e-15 0.0060893703 31.308842 0 0 0 0 0 0 0 0 0 0 0 0 0 0 0 0 0 0 0 1.2255422 7.1054274e-15 0 0 0.014658225 0 0 0 
0 0 0 0 0 0 0 0 0 0 0 0 0 88.839009 0.02297401 0 0.0094811055 0.028752715 0.019015588 0 0 2.3715728 0 0 0 0 0 0 0 0.037313546 -1.7763568e-15 0.026093288 0.035625036 0.033911541 40.473594 0 0 0 0 69.37734 17.351148 0 0 17.755017 27.017665 0 0 105.13124 82.701583 0 0 0 0 0 0 0 0 0 0 0 0 0 0.018034658 0 0 0 0 6.6613381e-16 37.571239 
3.5527137e-15 0 0 0 0 0 0 0 0 0 0 0 -7.1054274e-15 46.684097 0 0 0 0.033802242 0 0.10337396 0.045496244 0 0 0 0 0 0 0 0 0.016932649 0.030151549 0 0 0 -3.5527137e-15 11.906243 0 0 0 0 0 0 0 0 16.657126 0 0 55.306349 0 0 0 0 0 0 0 0 0 0 0 0 1.7763568e-15 3.5527137e-15 0 1.7763568e-15 0 7.1054274e-15 0 1.110223e-15 0 
0 0 0 0 0 0 0 0 0 0 0 0 0 48.163647 0 0 0 0 0.031009315 0.059676631 0.054301525 0 0 0 3.5527137e-15 7.1054274e-15 0 0 -3.5527137e-15 0 0.016631847 -3.5527137e-15 -1.0658141e-14 0 0.10940181 103.33737 241.2782 0 0 0 0 0 0 0 0 0.03483671 0 61.818802 0 0 0 0 0 0 0 0 0 0 36.170288 -1.7763568e-15 0 0 0 -6.6613381e-16 80.421052 113.72993 -6.6613381e-16 0 0 
25.802949 0 0 0 0 0 0 0 0 0 0 0 0 1.7763568e-15 0 0 7.1054274e-15 0 0.010031855 0.0058319512 0.19560532 5.5727382 3.5527137e-15 7.1054274e-15 0 0 0 0 117.80966 0 0.014678072 0.056986062 0.017493746 0.097014922 0.25994969 484.66334 0 0 0 0 0 0 0 0 0 0 27.272777 4.5015586 0 0 0 0 0 0 0 0 0 0 17.480604 55.13764 110.10339 8.8817842e-16 0.052555809 24.067422 0 39.018087 0.92849375 -6.1062266e-16 0 
0 0 0 0 0 0 0 0 0 0 0 0 0.014510238 28.706643 0 0 0.019310603 0.077811063 0.0051273093 0.12619146 5.1155328 85.68003 748.16453 119.95076 7.1054274e-15 0.074169496 0.16381416 0.15866073 464.51312 65.566639 0 0 0.021294133 0.03587143 0.027314058 0.059718645 163.15149 0 0 0 0 0 0 0 0 0 45.42438 0 0 0 0 0 0 0 0 0 0 0 0 0 74.182916 0 0.026481573 0 0 0 8.4955994 5.5805403 0 
2.9613428 0 0 0 -4.4408921e-15 0.015381293 0 3.5527137e-15 0 0 0 0 0 81.091466 0 0.066889033 3.5527137e-15 0.052723757 89.233152 0.075341887 0.33127942 2.4125546 1850.8725 119.71042 89.356124 0.068526871 25.193783 0.35337574 0.13033279 436.3091 9.6151628 0 0 0.046449976 0.054181101 0.072517896 0.0011126185 399.55349 30.833581 36.206134 0 0 0 0 0 0 0 0 0 0 0 52.564344 0.54286788 0 0 0 0 0 0 0 0 0 0 0 0 0 0 0 0 
0 0 0 0 0 0.010124093 -3.5527137e-15 -3.5527137e-15 3.5527137e-15 -3.5527137e-15 0 0 45.348781 0.052570415 0.012758273 0.049415219 -3.5527137e-15 3.5527137e-15 0.030474769 0.043500728 0.06537212 0.15232673 0.072541495 149.27833 87.473582 0.069808723 -5.5511151e-16 0.053470518 3.5527137e-15 0 0 0 0 0 0.005862859 0.09939579 0.050686556 220.8769 384.75629 0.011355044 65.910231 39.285768 0 0 0 0 13.644943 0 0 0 -2.4424907e-15 0.012408246 8.3245418 0 0 0 0 0 0 0 0 0 4.2413856 0 0 0 0 3.5527137e-15 0 
0 0 0 0 0.031956485 0.041580102 0 0 0 0 0 0 0 0 0 0 3.5527137e-15 0 0.026611033 0 0.039951976 0.052502794 0 0.048298299 1.0658141e-14 3.5527137e-15 0.016404757 0.087860409 0 114.02512 181.61467 0 18.909225 0.0027408051 3.5527137e-15 0.053488742 0 0.62026505 0.33615293 0 0 0 0.10877466 0 0 0 0 0 0 1.110223e-16 0.019876054 0 0 0 0 0 0 0 0 0 0 74.253072 0 0 0 0.38742724 0 0 3.5527137e-15 
0 0 0 0 0 0.044391327 -7.1054274e-15 0 0 0 0 0 20.210314 0 0 0 0 0 0.0060671161 0.019644327 0.04077733 7.1054274e-15 3.5527137e-15 0.032273318 7.1054274e-15 7.1054274e-15 0.069137839 0.033180064 0.043434264 100.27249 0 39.124589 0.009431738 0.0052907715 0.0018363081 0 0.1499959 0.260935 0.094702576 0.018407447 0 0 0 0 0 -3.5527137e-15 74.754374 0 0 0 0 0 0 0 0 0 0 0 0 0 0 0 0 0 0 0 0 3.5527137e-15 7.1054274e-15 
0 0 0 0 -3.5527137e-15 0.11891846 0.0073316558 0.044723099 0.028487983 0.0051784623 0 0 0 0 0 0 0 0.0076047992 0 0.026954573 -3.5527137e-15 0 -3.5527137e-15 -3.5527137e-15 3.5527137e-15 0.010997222 0.038294638 0.00262109 -7.1054274e-15 3.5527137e-15 0 8.8817842e-16 0.024716184 0 0 3.5527137e-15 0.15196489 0.13661245 0.05036732 0 0 0 0 0 0 0 20.216023 0 0 0 0 10.979388 2.6838936 10.313908 0 0 0 0 0 0 0 0 0 0 0 0 8.8817842e-16 0 67.165579 
0 0 0 0 0 201.25764 460.39159 0.063023098 0.17460245 0.044313088 0.036305476 0.016175984 0 0 0 0 0 3.5527137e-15 0.01659249 -7.1054274e-15 -3.5527137e-15 -3.5527137e-15 0 0 0 0 -1.0658141e-14 0.11357463 0.044886425 0 0 0 0 0 0.033082943 0.042641724 0.28611112 0.13102727 0.022337842 0.033624885 0 0 0 0 0 0 0 0 0 0 0 9.1899013 0.025303846 0.025927753 84.835744 0 0 0 0 0 0 61.770636 0 0 0 0 5.5511151e-17 95.137968 0 
0 0 7.1054274e-15 0 3.5527137e-15 0.10202429 0.41355208 0.11878752 0.10096996 0.041196986 0 0 0 0 0 0 0 0 0 0 0 0 0 0 0.021080378 -3.5527137e-15 0.0074481359 0.039129209 3.5527137e-15 0 0 0 0 0 3.5527137e-15 0.022782105 0.16431631 348.10469 174.23194 3.5527137e-15 0 0 0 0 0 0 39.838272 36.419078 0 0 0 -1.110223e-15 0.013646624 0 0.017045204 38.750455 0 0 0 0 0 0.75766408 0 0 0 0 11.100011 0.46629577 0 
0 33.702644 0.014217784 0 -7.1054274e-15 7.1054274e-15 0.26288283 0.52253321 0.050604804 0 0 0 0 0 0 0 0 0 0 0 0 0 -3.5527137e-15 -7.1054274e-15 0 0 0.033525396 0 0 0 0 0 0 -3.5527137e-15 0.042644863 -3.5527137e-15 0.19343212 -1.0658141e-14 3.5527137e-15 0 0 0 0 0 0 7.1054274e-15 -3.5527137e-15 143.48822 91.251231 130.59656 51.375048 0.026298734 0 1.7763568e-15 1.7763568e-15 149.5096 0 40.259638 25.065719 0 49.173569 2.7755576e-17 139.92567 88.909112 59.124987 55.215573 0 0 0 
0 0 0 0 0.020991074 0.045511803 547.71336 88.022981 7.1054274e-15 0 3.5527137e-15 0 0 0 0 0 0 0 0 0 0 0 8.8817842e-16 7.3085441 0 0 0 0 0 0 0 0 0.029999518 0 51.607793 1.0658141e-14 0.040645959 7.1054274e-15 0.034446392 0 0 0 0 3.5527137e-15 3.5527137e-15 0 0.0083315981 0.0078205058 6.6613381e-16 -7.1054274e-15 0.021984123 0 0 -1.7763568e-15 0.038199599 0.063876683 139.14849 93.540316 -3.7747583e-15 0 -1.7763568e-15 7.1054274e-15 -7.1054274e-15 -4.4408921e-16 24.522847 0.26771511 27.09367 109.96049 4.5032208 
0 0 0 0 7.1054274e-15 0 341.44475 416.89159 0 -7.1054274e-15 0 0 0 0 0 0 0 0 0 0 0 0 17.151192 0 0 0 0 0 0 0 0 0 0 3.5527137e-15 0 102.64729 0.019718287 0 0.034343727 0 0 0 0 0 0 2.220446e-16 0 40.114006 0 0 0 0.037901332 1.7763568e-15 3.5527137e-15 0.034575335 0.019475033 0 3.5527137e-15 3.5527137e-15 0 0 0 -3.5527137e-15 -3.5527137e-15 3.5527137e-15 0.022530936 3.5527137e-15 -7.1054274e-15 63.706842 
0 0 6.9388939e-18 0.0098016783 0.0080139769 28.134085 57.710703 138.33046 0 3.5527137e-15 0 0 0 0 0 0 0 0 0 0 0 0 0 0 0 0 0 0 0 0 0 0 3.5527137e-15 0 0 0 0 0 0 0 0 0 0 0 3.5527137e-15 43.411311 0 0 0 0 0 0 0 35.803032 0 0 0 0 0 0 0 0 0.034205326 -3.5527137e-15 3.5527137e-15 0 0 0 31.036188 
0 0 0 0.042048175 0 77.107569 0 0 34.967098 78.55404 0 0 0 0 36.929656 0 0 0 0 0 0 0 0 0 0 0 0 0 0 0 0 0 0 0 0 0 21.425135 -5.2735594e-16 0 0 0 0 0 0 0 22.143922 0 0 0 0 0 0 0 0 0 0 0 0 0 0 0 0 0 0 0 0 0 0 0 
