NCOLS 40
NROWS 283
XLLCORNER 276896.32
YLLCORNER 3833168.9
CELLSIZE 10
NODATA_VALUE -9999
-29.292419 -28.357129 -26.772002 -26.932815 -30.766541 0 0 0 0 -30.42107 -37.200866 -28.784642 -39.474368 0 0 -28.383212 0 0 -30.783462 -28.642619 -28.175184 -27.939713 0 0 0 0 0 0 0 0 0 0 -35.463186 -28.913698 -27.0738 -27.282479 -27.326428 -27.727477 -26.348648 -26.332907 
0 -39.527882 -28.357129 -26.772002 -26.932815 -30.766541 -27.915104 -28.233499 0 -27.071421 -27.16789 -27.496154 -28.784642 -39.474368 -39.48438 -26.632641 -26.79456 -27.814997 -27.636063 -27.24384 -26.992719 -26.607277 -27.12258 -27.125379 -28.454542 0 0 0 0 0 0 0 0 -26.778929 -26.608751 -26.455167 -26.467035 -26.401342 -26.332907 -26.332907 
0 0 0 0 0 0 -30.573367 -27.915104 -28.233499 -26.453156 -26.593231 -27.16789 -27.496154 -29.602481 -28.349767 -26.79456 -27.023327 -27.801956 -27.24384 -26.992719 -26.905859 -26.480764 -27.125379 -28.454542 -28.340022 -33.199247 0 0 0 0 0 0 0 -27.34703 -26.455167 -26.467035 -26.401342 -26.236639 -26.236639 -27.020235 
0 0 0 0 0 0 0 -27.335867 -26.997987 -26.512535 -26.453156 -26.593231 -27.69377 -28.349767 -27.602378 -27.023327 -29.602481 -30.361268 -29.631463 -29.739775 -26.480764 -26.377195 -26.687151 -27.025652 -33.199247 0 0 0 0 0 0 0 0 0 -26.501376 -26.416526 -26.34967 -26.236639 -26.185337 0 
0 0 0 0 0 0 -27.315621 -26.751689 -27.335867 -26.997987 -26.512535 -39.455504 0 0 -28.457214 -28.41773 -32.384616 -29.631463 -30.262429 -29.06443 -26.377195 -26.339876 -26.52335 -26.455075 -26.649201 -27.807729 -30.491456 -37.785776 0 0 0 0 0 0 -27.338244 -26.50082 -26.34967 -26.185337 -26.184806 0 
0 0 0 0 0 -29.292419 -27.19891 -27.315621 -26.751689 -28.048979 -27.864477 0 0 0 -28.41773 0 0 0 -30.005244 -27.381664 -26.339876 -26.349778 -26.455075 -26.515579 -26.482821 -26.605485 -26.888387 -33.535775 0 -34.938489 -28.678874 0 -32.010548 0 0 -26.50082 -26.365705 -26.184806 -26.276163 -26.835655 
0 0 0 0 -39.513787 -32.608967 -29.292419 -27.19891 -27.28711 -27.734114 -29.401588 0 0 0 0 0 0 0 -27.978913 -26.948496 -26.349778 -26.360736 -26.515579 -26.482821 -26.669022 -26.326597 -26.326597 -30.879908 0 -26.431827 -32.457688 -28.678874 -26.969271 0 0 -26.809086 -26.504627 -26.276163 -26.341367 -31.630782 
0 0 0 -28.635086 0 -39.513787 -32.608967 -31.885164 -27.064347 -27.28711 -27.734114 0 0 0 0 0 0 0 -39.48438 -26.829302 -26.360736 -27.031276 -27.185683 -26.960607 -26.679292 -26.319567 -26.327402 0 -26.597946 -26.67221 -26.431827 -26.969271 -26.969271 0 0 0 -26.43191 -26.341367 -26.891193 0 
0 0 -27.24384 -27.667491 -28.635086 -30.629655 -28.737358 -28.548787 -31.885164 -27.064347 0 0 0 0 0 0 0 0 0 -26.77121 -27.56896 -27.450947 -26.770157 -27.118131 -26.960607 -26.44794 -26.319567 -27.605798 -26.375688 -26.597946 -26.67221 -26.969271 -28.607685 0 0 0 -27.40576 -27.281265 -31.607353 0 
0 0 -27.289316 -27.24384 -27.540054 -28.855094 -30.629655 -28.737358 -28.548787 -35.749333 0 0 0 0 0 0 0 0 0 -26.498497 -26.77121 -26.630872 -26.629816 -26.770157 -27.118131 -26.420876 -26.40127 -26.628063 -27.369923 -26.375688 0 -28.607685 0 0 0 0 0 -33.064048 0 0 
0 0 -27.199547 -27.289316 -28.983414 -27.540054 -28.855094 -39.454915 0 0 0 0 0 0 0 0 0 0 -39.468476 -26.347516 -26.498497 -26.457381 -26.630872 -26.629816 -27.064849 -26.40127 -26.507692 -29.432629 -26.628063 -27.335077 0 -26.687151 0 0 0 0 0 0 -39.508498 0 
0 0 -27.154154 -27.199547 -29.496443 0 0 0 0 0 0 0 0 0 0 0 0 0 -39.541375 -26.452067 -26.347516 -26.57363 -26.457381 -26.773589 -28.077266 -26.554056 0 0 -26.610068 -26.976399 -26.687151 -26.606951 0 0 0 0 0 0 -39.49615 -39.49615 
0 0 -28.323161 -27.154154 0 0 0 0 0 0 0 0 0 0 0 0 0 0 0 -26.565155 -26.452067 -28.678874 -28.242375 -39.457274 0 -28.325555 0 -26.489735 -26.351796 -26.610068 -26.606951 -26.744744 0 0 0 0 0 0 -39.482025 -39.541145 
0 0 0 -28.323161 0 0 0 0 0 0 0 0 0 0 0 0 0 0 0 -26.549202 -26.791495 -28.242375 -39.457274 -29.485643 -31.649461 0 -26.711634 -26.305757 -26.489735 -26.351796 -26.330325 -26.536283 0 0 0 0 0 0 0 0 
0 0 0 0 0 0 0 0 0 0 0 0 0 0 0 0 0 -28.142335 -26.562619 -26.624069 -26.940983 -39.522011 -29.485643 -27.686178 -31.649461 -26.813168 -26.375751 -26.641999 -26.305757 -26.496851 -26.294275 -26.330325 0 0 0 0 0 0 0 0 
0 0 0 0 0 0 0 0 0 0 0 0 0 0 0 0 -28.586764 -26.739134 -26.577446 -26.562619 -26.624069 -39.482614 -31.367322 -27.608086 -27.686178 -26.388559 -26.813168 -26.375751 -26.641999 -26.314403 -26.642181 -26.294275 0 0 0 0 0 0 0 0 
0 0 0 0 0 0 0 -30.890482 0 0 0 0 0 0 0 0 -27.204669 -26.990976 -26.739134 -26.577446 -28.514709 -29.54032 -26.970939 -31.367322 -26.589974 -26.85539 -26.388559 -26.816108 0 -26.4908 -26.314403 -27.071929 -28.462576 -27.639629 -31.916017 0 -28.798453 0 -34.017641 0 
0 0 0 0 0 0 0 -26.89331 -30.890482 0 0 0 0 0 0 0 -27.241787 -27.204669 -26.990976 -26.986212 -39.480258 0 0 -26.970939 -26.644198 -26.589974 -26.85539 0 0 -26.609738 -27.058854 -28.063969 -28.392105 -28.462576 -27.639629 -28.798453 -28.287836 0 -30.055625 -27.886293 
0 0 -28.540182 0 0 0 -26.483649 -26.740589 -26.89331 0 -39.470244 0 0 0 0 0 -26.916527 -27.241787 -29.491035 -27.76531 0 0 0 0 -30.092394 -26.644198 0 0 0 0 0 -27.67616 -26.800762 -26.926687 -28.987363 -28.287836 -26.831135 -28.917844 0 0 
0 0 0 -28.540182 0 -28.122191 -26.476903 -26.483649 -26.740589 -32.707169 -31.242645 0 -32.243323 0 0 -34.162627 -27.612682 -26.916527 -30.107289 -29.491035 0 0 0 0 0 -30.092394 0 0 0 0 -39.443703 -26.921015 -26.66823 -26.800762 -26.926687 -26.831135 -36.773143 -28.691654 -28.917844 0 
0 0 0 0 -31.194381 -27.285644 -27.207893 -26.476903 0 -27.750251 -29.287623 -31.242645 -29.34116 -32.243323 0 0 -34.162627 -26.961836 -27.123139 -30.107289 0 0 0 0 0 0 0 0 0 -28.80541 -29.240421 -27.963419 -26.921015 -26.66823 -29.828592 -39.451965 0 -36.773143 -28.691654 0 
0 0 0 0 -30.352857 -28.688448 -27.285644 -27.207893 -33.663718 -30.687346 -27.750251 -29.287623 -28.171188 -29.34116 0 0 -39.469065 -26.874616 -26.791772 -27.123139 0 0 -29.75221 -26.466552 -27.631333 0 0 0 0 -26.723264 -28.80541 -27.783445 -27.132721 -32.026597 -39.451965 -29.649077 0 0 0 0 
0 0 -35.624607 -29.861343 -31.994583 -30.352857 -28.688448 0 -34.192256 -33.663718 -30.687346 -27.436175 -27.182577 -28.171188 0 -27.269018 -32.026597 -26.634598 -26.731706 0 -39.493797 -27.639629 -26.986212 -26.877677 -26.466552 0 -37.145553 -39.530229 -26.532613 -26.573338 -26.723264 -26.667439 -26.749443 -27.132721 -29.649077 -30.160287 0 0 0 0 
0 -29.060275 -27.168495 -28.540182 -29.861343 -31.994583 0 0 -39.539616 -34.192256 -34.833535 -27.525481 -27.436175 -27.182577 -27.034585 -27.309514 -27.269018 -27.625458 -26.634598 -28.459892 -30.336131 -29.311744 -27.639629 -26.986212 -26.877677 -37.145553 -39.530229 0 -26.708951 -26.532613 -26.573338 -26.939807 -26.667439 -26.749443 -30.160287 0 0 0 0 0 
-31.750216 -26.791217 -27.171527 -27.168495 -28.540182 0 0 0 -28.628948 -27.982389 0 -38.166993 -27.525481 -27.015499 -26.945318 -27.034585 -27.309514 0 0 -31.735603 -28.459892 -30.336131 -29.311744 -30.129836 0 0 0 0 -26.969271 -26.708951 -28.554557 -27.194468 -26.939807 -39.532576 0 0 0 0 0 0 
-26.508722 -26.744498 -26.791217 -27.171527 0 0 0 -28.628948 -27.961712 -26.666651 -27.372422 -27.195734 -28.196545 -26.975134 -27.015499 -26.945318 0 0 0 0 0 0 0 0 0 0 0 0 -26.662347 -26.969271 -33.98926 -34.133212 0 0 0 -39.008527 -27.317926 -27.652837 0 0 
-26.298321 -26.508722 -26.744498 -39.522598 0 0 0 0 -26.666651 -27.372422 -27.328007 -27.195734 -26.702989 -28.196545 -26.975134 -31.182453 -28.215955 -26.623897 -33.933096 0 0 0 0 0 -27.542158 0 0 -27.173965 -26.648082 -26.662347 -35.045967 0 0 0 -39.008527 0 -35.665826 -27.317926 -27.652837 0 
-26.501154 -26.298321 -27.578838 0 0 0 0 0 -29.991079 -27.328007 -27.328007 -26.702989 -26.407869 -27.923263 -27.26617 -28.873268 -26.319522 -26.624069 -26.623897 -33.933096 0 0 0 -27.542158 -27.18693 -27.028925 -27.292269 -27.338244 -26.810539 -26.648082 -39.474368 0 0 0 0 0 0 0 0 0 
-31.962908 -26.501154 0 0 0 -28.213782 -27.513207 0 0 -27.328007 -30.746493 -26.407869 -26.618935 -27.26617 -27.911859 -27.026585 -26.284555 -26.319522 -26.624069 0 0 0 0 -27.18693 -27.028925 -35.34563 -32.243323 -26.655613 -26.7482 -26.810539 -32.912597 -30.319533 -31.764904 0 0 0 0 0 0 0 
-29.643187 -31.962908 -29.894659 0 0 -26.859953 -26.471523 0 0 0 -27.464125 -27.633694 -27.168495 -27.911859 -27.026585 -26.850875 -26.399071 -26.284555 0 0 0 0 0 0 -35.34563 0 0 -26.856689 -26.655613 -26.7482 -27.820855 -27.096404 -28.598678 -31.764904 0 0 0 0 0 0 
0 -29.643187 0 0 0 -26.471523 -26.471523 0 0 0 -27.803395 -27.464125 0 0 -26.850875 -26.800194 -31.524992 -26.399071 0 0 0 0 0 0 0 0 0 -26.911345 -26.856689 -30.412427 -27.328007 -27.820855 -27.096404 -28.598678 0 0 0 0 0 0 
0 0 0 0 -39.315518 -26.471523 -26.601451 0 0 0 0 -27.803395 0 0 0 0 0 -31.524992 0 0 0 0 0 0 0 0 0 -30.270494 -26.911345 -27.386758 -27.938128 -27.328007 -37.973351 0 0 0 0 0 0 0 
0 0 0 0 -27.450015 -29.727423 -26.862912 0 0 0 0 0 0 0 0 -37.663958 -26.721876 0 0 0 0 0 0 0 0 -30.86938 0 -29.19004 -26.994907 -26.66371 -27.386758 -27.938128 0 0 0 0 0 0 0 0 
0 0 0 0 -26.412265 -26.909143 -28.25357 -30.107289 -35.193357 0 0 0 0 0 0 -26.494132 -28.218133 -26.721876 0 0 0 0 0 0 0 0 -30.86938 -27.388464 -26.942161 -26.994907 -26.66371 0 0 0 0 0 0 0 0 0 
0 0 0 0 -26.366239 -26.412265 -26.909143 -28.25357 -30.107289 -35.193357 0 0 0 0 -28.169102 -26.713659 -26.494132 -28.218133 0 0 0 0 0 0 0 0 -26.867223 -27.154744 -27.388464 -26.942161 -27.820855 0 0 0 0 0 0 0 0 0 
0 0 0 0 -26.573047 -26.366239 -27.570051 0 0 0 0 0 0 0 -28.169102 -30.04835 -26.713659 0 0 0 0 0 0 0 0 -27.221623 -26.68967 -26.867223 -27.154744 0 0 0 0 0 0 0 0 0 0 0 
0 0 0 0 -27.59784 -26.670612 0 0 0 0 -29.302053 0 0 0 0 0 0 0 0 0 0 -26.705186 -27.971996 0 0 -29.496443 -27.163075 -26.68967 0 0 0 0 0 0 0 0 0 0 0 0 
0 0 -28.001729 0 -27.16128 -39.531403 0 0 0 -29.302053 -38.644137 0 0 0 0 0 0 0 0 0 -26.416526 -26.740347 -26.705186 -27.971996 0 0 -27.722205 -27.163075 0 0 0 0 0 -30.482535 0 0 0 0 0 0 
0 -28.001729 0 0 -29.302053 0 0 0 0 -38.644137 -34.532958 0 0 0 0 -35.583738 -26.712532 -29.226523 -29.758459 -27.346226 -26.398789 -26.416526 -26.740347 -31.40589 0 0 -28.865971 -27.722205 0 0 0 0 -30.482535 0 0 0 0 0 0 0 
0 0 0 -29.302053 -30.582653 0 0 0 0 -34.532958 0 0 0 0 0 -26.712532 -27.606941 -28.675698 -29.226523 -29.758459 -26.887688 -26.398789 0 0 0 0 0 -28.865971 0 0 0 0 0 0 0 0 0 0 -28.948338 0 
0 0 0 -30.582653 0 0 0 0 0 0 0 0 0 0 0 -32.278057 -27.919991 -27.606941 -28.929205 -39.507911 -30.270494 -26.887688 0 0 0 0 0 0 0 0 0 0 0 0 0 0 0 -26.536155 -27.118131 -28.948338 
0 0 0 -39.498503 0 0 0 0 0 -29.739775 -27.226269 0 0 0 0 0 0 0 0 0 0 -30.270494 0 0 0 0 0 0 0 0 0 0 0 0 0 0 0 -26.836061 -26.536155 -27.118131 
0 0 -34.133212 -34.133212 0 0 0 0 0 -27.226269 -30.099828 0 0 0 0 0 0 0 0 0 0 0 0 0 0 0 0 0 0 0 0 0 0 0 0 0 -27.661354 -26.415912 -26.453156 -27.00465 
0 0 0 0 0 0 0 0 0 0 0 0 0 0 0 0 0 0 0 0 -29.970018 -32.828934 -39.525534 0 0 0 0 0 0 0 0 0 0 0 0 -35.230958 -26.381016 -26.4764 -26.415912 -26.453156 
0 0 0 0 0 0 0 -28.313635 0 0 0 0 0 0 0 0 0 0 0 -27.09534 -26.835751 -27.064347 -32.828934 -39.525534 0 0 0 0 0 0 0 0 0 0 -31.484713 -27.624288 -26.370507 -26.381016 -26.4764 -26.46511 
0 0 0 0 0 0 -26.524932 -26.809377 -28.313635 -26.665275 0 0 0 0 0 0 0 0 0 -26.765196 -27.09534 -26.835751 -27.064347 0 0 0 0 0 0 0 0 0 0 0 0 -31.484713 -26.388693 -26.370507 -26.599375 -26.687779 
0 0 0 0 0 0 -26.396407 -26.524932 -26.665275 -26.760299 -27.4128 -27.852236 -39.447835 -39.443703 0 0 0 0 0 -27.715659 -26.765196 -28.740682 0 0 0 0 0 0 0 0 0 0 0 0 0 0 -26.631402 -26.388693 -27.222284 0 
0 0 0 -39.494385 0 -26.918391 -26.669221 -26.396407 -26.760299 -27.4128 -27.852236 -32.570487 -39.443703 -30.776629 0 0 0 0 0 -27.432528 -27.715659 0 0 0 0 0 0 0 0 0 0 0 0 0 0 0 0 -26.631402 0 0 
0 0 -39.494385 0 0 -28.311265 -26.918391 -26.669221 0 0 0 0 -30.776629 0 0 0 0 -29.396469 -27.079621 -26.761581 -27.432528 0 0 0 0 0 0 0 0 0 0 0 0 0 0 0 0 0 0 0 
0 0 0 0 0 0 -28.311265 0 0 0 0 0 0 0 0 0 0 -28.071547 -27.149451 -27.079621 -26.761581 0 0 0 0 0 0 0 0 0 0 0 0 0 0 0 0 0 0 0 
0 0 0 0 0 0 0 -27.400526 0 0 0 0 0 -39.539616 0 0 0 0 -28.071547 -27.149451 0 0 0 0 0 0 0 0 0 0 0 0 0 0 0 0 0 0 0 0 
0 0 0 0 0 0 0 -27.197002 -27.400526 0 0 0 0 -28.084942 -39.539616 0 0 0 0 0 0 0 0 0 0 0 0 0 0 0 0 0 0 0 0 0 0 0 0 0 
0 0 0 0 0 0 0 -27.361658 -27.197002 0 0 -30.536596 -26.700371 -29.106611 -28.084942 0 0 0 0 0 0 0 0 0 0 0 0 0 0 0 0 0 0 0 0 0 0 0 0 0 
0 0 -39.507911 -30.21467 0 0 -27.191316 -26.848317 -27.361658 0 0 -28.607685 -27.628978 -26.700371 -29.106611 0 0 0 0 0 0 0 0 0 0 0 0 0 0 0 0 0 0 0 0 0 0 0 0 0 
0 -29.145579 -27.467934 -28.371992 -30.21467 -32.313179 -26.522865 -27.191316 -26.848317 -27.800518 -27.029864 -26.840733 -28.299491 -27.628978 0 0 0 0 0 0 0 0 0 0 0 0 0 0 0 0 0 0 0 0 0 0 0 0 0 0 
-27.620789 -26.804186 -27.215046 -27.190059 -26.990106 -26.765456 -26.347838 -26.522865 -26.513234 -26.487619 -26.609574 -27.000198 -26.840733 -27.250733 -28.242375 0 0 -39.489678 0 0 0 0 0 0 0 0 0 0 0 0 0 0 0 0 0 0 0 0 -30.122293 0 
-26.480355 -26.710066 -26.765716 -26.744007 -26.624933 -26.495324 -26.272561 -26.347838 -26.574213 -26.513234 -26.487619 -26.609574 -27.000198 -27.30046 -39.444293 0 0 0 -35.193357 0 0 0 0 0 0 0 0 0 0 0 0 0 0 0 0 0 0 -30.122293 -27.551701 -28.734042 
-26.3037 -26.480355 -26.591365 -26.531484 -26.507806 -26.54747 -26.443713 -26.272561 -26.472115 -26.669221 -27.18693 -35.749333 -27.30046 -27.515239 -29.208178 0 0 -35.193357 -35.193357 0 0 0 0 0 0 0 0 0 0 0 0 0 0 0 0 0 0 0 0 0 
-26.359243 -26.3037 -26.596208 -26.591365 -26.531484 -26.507806 -26.54747 -26.443713 0 0 0 0 0 -27.880008 -27.496154 -39.48438 0 -35.193357 -39.469065 0 0 0 0 0 0 0 0 0 0 0 0 0 0 0 0 -39.521423 0 0 0 0 
-26.557477 -26.359243 -26.728165 -26.780006 -26.99887 -28.106346 -31.112023 0 0 0 0 0 0 -27.496154 -33.24547 -39.48438 0 -39.469065 0 0 0 0 -29.551462 0 0 0 0 0 0 0 0 0 0 0 -39.521423 0 0 0 0 0 
-26.530859 -26.557477 -28.114239 0 0 0 0 0 0 0 0 0 0 0 -33.24547 0 0 0 0 0 0 0 -27.384206 -29.551462 0 0 0 0 0 0 0 0 0 0 0 0 0 0 0 0 
-27.881575 -26.530859 -28.865971 0 0 0 0 -32.89149 -28.056446 -27.562443 -28.20513 0 0 -36.62105 0 0 0 0 0 0 0 0 -29.881264 -27.384206 0 0 0 0 0 0 0 0 0 0 0 0 0 0 0 0 
0 -27.881575 0 0 0 -26.879045 -27.068377 -27.078074 -26.925927 -27.253512 -27.562443 -28.20513 0 0 -36.62105 0 -29.501868 0 0 0 0 0 -34.697371 -29.881264 0 0 0 0 0 0 0 0 0 0 0 0 0 0 0 0 
0 0 0 0 0 -26.320384 -26.879045 -27.068377 -27.078074 -26.925927 -27.253512 0 0 0 0 0 -26.956131 -29.501868 0 0 0 0 -39.486735 -34.697371 0 0 0 0 0 0 0 0 0 0 0 0 0 0 0 0 
0 -27.645606 -27.548507 -27.7891 -26.72887 -26.369114 -26.320384 -39.513787 0 -36.824813 0 0 0 0 0 -30.687346 -26.996665 -26.956131 0 0 0 0 0 -39.486735 0 0 0 0 0 0 0 0 0 0 0 0 0 0 0 0 
-26.66332 -26.501599 -26.64273 -26.689039 -26.600971 -26.416911 -26.369114 0 -39.513787 0 0 0 0 0 0 0 -30.687346 -26.996665 0 0 0 0 0 0 0 0 0 0 0 0 0 0 0 0 0 0 0 0 0 0 
-26.551079 -26.581762 -26.501599 -26.64273 -26.407207 -26.600971 -26.416911 -35.193357 0 0 0 0 0 0 0 0 0 0 0 0 0 0 0 0 0 0 0 0 0 0 0 0 0 0 0 0 0 0 0 0 
-26.83917 -26.551079 -26.581762 -26.650511 -26.650136 -26.407207 -28.415143 0 -35.193357 0 0 0 0 0 -29.45364 -29.745983 -28.394643 0 0 0 0 0 0 0 0 0 0 0 0 0 0 0 0 0 0 0 0 0 0 0 
-28.737358 -26.83917 -26.650886 -26.675631 -27.204027 -36.376884 0 0 0 0 0 0 -39.474957 -39.503796 0 -28.394643 0 0 0 0 0 -32.010548 -26.844192 -26.953707 0 0 0 0 0 0 0 0 0 0 0 0 0 0 0 0 
0 -28.737358 -28.808901 0 -26.940591 0 0 0 0 0 0 0 0 -39.474957 -39.503796 0 0 0 0 0 -35.583738 -26.469757 -26.832361 -26.844192 -26.953707 0 0 0 0 0 0 0 0 0 0 0 0 0 0 0 
0 0 -39.457864 -29.376146 -30.447205 -26.940591 0 -28.407414 0 0 0 0 0 0 0 0 0 0 0 0 -28.220315 -27.823797 -26.469757 -26.832361 0 0 0 0 0 0 0 0 0 0 0 0 0 0 0 0 
0 0 0 0 -29.376146 -27.480452 0 0 -28.407414 0 0 0 0 0 0 0 0 0 0 0 0 -28.220315 -27.823797 0 0 0 0 0 0 0 0 0 0 0 0 0 0 0 0 0 
0 0 0 -30.447205 -27.480452 -27.507144 -28.014235 -27.064347 -26.925927 0 0 0 0 0 0 0 0 0 0 0 0 0 0 0 0 0 0 0 0 0 0 0 0 0 0 0 0 0 0 0 
0 0 0 -31.994583 -27.341425 -27.639629 -27.064347 -26.925927 -27.246588 -27.377448 0 0 0 0 0 0 0 0 0 0 0 0 0 0 0 0 0 0 0 0 0 0 0 0 0 0 0 0 0 0 
0 0 0 -27.341425 -27.639629 -39.506735 0 -27.246588 -27.377448 -27.796219 -27.061344 0 0 0 0 0 0 0 0 0 0 0 0 0 0 0 0 0 0 0 0 0 0 0 0 0 0 0 0 0 
0 0 0 0 0 0 0 0 -27.796219 -27.061344 -26.802755 0 0 0 0 0 0 0 0 0 -27.157112 -26.72559 -26.954917 -27.266881 -27.13901 -27.817921 -39.49615 0 0 0 0 0 0 0 0 0 0 0 0 0 
0 0 0 0 0 0 0 0 0 -26.802755 -33.850315 0 0 0 -29.485643 0 0 0 0 -31.735603 -26.436758 -27.157112 -26.72559 -26.954917 -27.817921 -27.107161 -26.465974 0 0 0 0 -27.50113 0 0 -39.489678 -27.595581 -27.642014 0 0 0 
0 0 0 -39.444293 0 0 0 0 0 0 0 0 0 0 -28.580848 -28.580848 0 0 -31.677886 -27.056871 -26.432821 -26.436758 -27.829712 -28.484261 -27.107161 -26.465974 -26.507008 -27.478512 -28.921621 -39.496738 -35.009855 -26.928212 -27.50113 -39.496738 -27.595581 -27.642014 -27.335077 0 0 0 
0 -28.25357 -26.956131 -38.573695 -39.444293 0 0 0 -27.206601 -29.822108 0 0 0 0 -33.586437 -29.815646 0 0 0 -26.398085 -26.38876 -26.432821 -39.472601 0 -29.056131 -26.507008 -26.8019 -28.010646 -28.140304 0 0 -27.423493 -26.928212 0 0 -27.335077 -27.335077 -26.58982 0 0 
0 -29.518245 -28.25357 -26.956131 -38.573695 -39.539616 0 0 -27.401396 -27.206601 -29.822108 0 0 0 0 0 0 0 -34.903228 -26.349075 -26.398085 -26.38876 -34.46892 -39.480847 -32.14139 -26.8019 -27.003311 -28.140304 0 0 -37.785776 0 -27.423493 0 0 -27.335077 -26.58982 -26.553376 0 0 
0 0 -29.518245 -30.062926 -27.889451 -39.522011 -39.539616 0 -30.198987 -27.401396 -31.538551 0 0 0 0 -27.762553 -27.800518 -29.94228 -27.313324 -26.345707 -26.349075 -27.939793 0 0 -30.005244 -27.003311 -26.858318 -34.630852 -35.119067 0 0 -37.785776 0 0 0 0 -26.553376 -26.825964 0 0 
0 0 -28.382006 -26.976399 0 -27.889451 -39.522011 0 -36.671268 -30.198987 -31.158762 -31.538551 0 0 -27.296724 -27.656476 -27.762553 -27.800518 -27.763931 -26.339773 -26.345707 -27.772241 -39.497326 -30.005244 -27.846175 -26.858318 -26.725123 -35.119067 0 -32.108149 -28.777787 0 0 0 0 0 -26.825964 -27.146532 0 0 
0 0 -26.931276 -26.931276 -27.876881 0 0 0 0 -36.671268 0 0 0 -26.893663 -29.068596 -27.296724 -27.656476 -31.135286 -28.653676 -26.31835 -26.339773 -26.89331 -28.873268 -27.287845 -26.659829 -26.725123 -28.441267 -29.809206 -32.108149 -28.777787 0 -39.500855 0 0 0 0 -27.490227 -27.944808 0 0 
0 0 -27.033637 -27.876881 0 0 0 0 0 0 0 0 0 -27.561362 -26.893663 -29.068596 0 0 -28.110285 -26.311754 -26.31835 -26.651449 -26.89331 -26.659829 -26.435326 -26.282242 -28.25808 -29.50731 -32.108149 0 0 0 0 0 0 0 -39.53727 -39.482614 0 0 
0 0 -26.68011 -27.082209 0 0 0 0 0 0 0 0 0 -30.438459 -27.561362 0 0 -35.79163 -26.401985 -26.298281 -26.311754 -26.580864 -26.651449 -26.435326 -26.282242 -26.25748 -26.891545 -30.012365 0 0 0 0 0 0 0 0 0 0 0 0 
0 -26.906951 -26.68946 -26.68011 -27.082209 0 0 0 0 0 -31.40589 0 0 -39.451965 -30.438459 0 0 -39.447835 -26.398578 -26.401985 -26.298281 -26.758 -29.391365 -28.116221 -26.25748 -26.294275 -26.484063 -26.844824 0 0 0 -36.008742 0 0 0 0 -32.295569 0 0 0 
-34.764924 -27.015956 -26.906951 -26.68946 -28.330357 0 0 0 0 0 0 -31.40589 -31.839483 -39.453145 -39.451965 0 0 -39.526121 -26.399778 -26.398578 -26.723033 -26.760043 -26.968439 -28.601673 -26.294275 -26.385374 -26.586296 -26.844824 0 0 -36.008742 -26.855714 -27.077559 0 0 -32.295569 -26.964713 0 0 0 
0 -34.764924 -27.015956 -39.534923 0 0 0 -29.226523 0 0 0 0 -27.515239 -31.839483 -39.453145 0 0 0 -26.393162 -26.399778 -26.961016 -27.009594 -27.109338 -29.998149 -26.385374 -26.586296 -26.586296 -26.461213 -26.732894 0 -26.855714 -27.077559 -26.832975 -27.961712 0 -26.964713 -26.721184 -28.995292 0 0 
0 0 0 0 0 0 0 -26.810539 -29.226523 0 0 -39.512612 -27.460335 -27.515239 0 0 0 0 -26.402272 -26.393162 -27.513207 -28.130203 -32.494854 0 -26.586601 -26.586296 -26.461213 -26.732894 -27.109883 -30.336131 -27.153564 -26.683612 -26.928594 -26.920639 -27.39879 -26.721184 -26.857014 -27.39879 -28.557452 0 
0 0 0 0 0 0 -30.697101 0 -26.810539 0 0 0 -37.847645 -27.460335 0 0 0 0 -26.461402 -26.402272 -30.518432 0 0 0 -28.308901 -27.999956 -27.085854 -27.109883 0 -27.357563 -26.683612 -26.811413 -26.774651 -26.857665 -26.782711 -26.857014 -27.125379 -28.557452 0 0 
0 0 0 0 0 0 -30.246389 -30.697101 0 0 0 0 0 -37.847645 0 0 0 -26.5629 -26.576413 -26.461402 0 0 0 0 0 -31.498074 -30.107289 0 0 -27.924904 -26.811413 -26.774651 -26.82536 -26.48179 -26.468003 -27.107704 0 0 0 0 
0 0 0 0 0 0 0 -30.246389 0 0 0 0 -32.870511 0 0 0 0 -26.733608 -26.5629 -26.576413 0 0 0 0 0 0 0 0 0 -27.656476 -26.744744 -26.82536 -26.48179 -26.468003 -26.407722 -26.279827 0 0 0 0 
0 0 0 0 0 0 0 0 0 0 0 0 -28.422921 -32.870511 0 0 0 -27.010498 -26.733608 0 0 0 0 0 0 0 0 0 0 -26.744744 -31.329301 0 -27.226269 -26.407722 -26.279827 -26.230665 0 0 0 0 
0 0 0 0 0 0 0 0 0 0 0 0 0 -28.422921 0 0 0 -28.65056 -27.010498 0 0 0 0 0 0 0 0 0 0 -31.329301 0 0 0 -27.235668 -26.230665 -26.241062 0 0 0 0 
0 0 0 0 0 0 0 0 0 0 0 0 0 0 0 0 0 -31.869858 -28.65056 0 0 0 0 0 0 0 0 0 0 0 0 0 0 -28.290158 -26.241062 -26.257922 -27.825272 0 0 0 
-26.963889 -26.75673 0 0 0 0 0 0 0 0 0 -28.017836 0 0 0 0 0 -28.473371 -31.869858 0 0 0 0 0 0 0 0 0 0 0 0 0 -28.290158 -26.903321 -26.257922 -26.257627 -26.923653 -26.712308 -26.839482 0 
-28.831007 -26.662541 -30.137407 0 0 0 0 0 0 0 0 -26.580416 -27.476577 0 0 0 0 -31.524992 -28.473371 0 0 0 0 0 0 0 0 0 0 0 0 0 -28.220315 -26.723728 -26.257627 -26.507578 -26.712308 -26.618765 -26.48573 0 
0 -30.137407 -34.312953 -35.119067 0 0 0 0 0 0 0 -26.603058 -26.580416 0 0 0 0 0 -31.524992 0 0 0 0 0 0 0 0 0 0 0 0 -30.667957 -27.082209 -26.639996 -26.269695 -26.502269 -26.618765 -26.48573 -26.528868 -26.92345 
0 -34.312953 -35.119067 -27.657693 -28.207286 0 0 0 0 0 0 -26.55789 -26.55789 0 0 0 0 0 0 0 0 0 -39.478491 0 0 0 0 0 0 0 0 0 -27.139585 -26.269695 -26.349129 -26.521295 -26.660022 -27.045125 -26.866224 -28.873391 
0 -28.05084 -27.657693 -28.207286 -27.038393 -29.783662 0 0 0 0 -29.391365 -27.207247 -26.55789 0 0 0 0 0 0 0 0 0 -26.987075 -35.08237 0 0 0 0 0 -28.294815 -28.78121 0 -28.82649 -26.349129 -26.495651 -26.660022 -26.626147 -26.732181 -26.937076 0 
0 -29.854748 -28.394643 -27.038393 -33.71612 -28.963825 -29.783662 0 0 0 0 -29.391365 -27.416347 0 0 0 0 0 0 0 0 -26.820857 -26.586144 -26.987075 0 0 0 0 -32.828934 -29.119493 -28.294815 -28.78121 -28.274006 -26.495651 -26.677863 -26.626147 -26.732181 -26.817586 -27.024256 -38.874936 
0 -31.663638 0 0 -33.46104 0 -28.963825 0 0 0 0 0 0 0 0 0 0 0 0 0 0 -26.646597 -26.807639 -26.586144 0 -29.263851 -39.49615 0 0 -32.828934 -29.119493 0 0 -26.682992 -26.902959 -26.767277 -26.797649 -26.700806 -26.963889 0 
0 -29.764728 -39.460812 0 0 0 0 0 0 -33.586437 0 0 0 0 0 0 0 0 0 0 0 -26.543646 -26.646597 -29.273319 -27.75161 -31.649461 -29.263851 -39.49615 0 0 0 0 0 0 -27.311798 -26.797649 -26.700806 -26.963889 -26.888737 -35.823374 
0 -39.493208 -27.697592 -32.420944 0 0 0 0 -29.167653 -27.314089 -33.586437 0 -29.149969 -28.359593 0 -36.473191 0 0 0 0 0 -26.456456 -26.543646 -26.836991 -27.864477 -27.75161 -31.649461 0 0 0 0 0 0 0 0 0 -27.859868 -27.245213 -27.61499 0 
0 -27.697592 -28.509118 -26.70651 -26.538715 -26.487093 0 0 -28.563261 -29.167653 -27.314089 0 -28.311265 -29.149969 -28.359593 -31.279435 -36.473191 0 0 0 -29.739775 -26.349129 -26.437011 -26.624069 -26.836991 -27.864477 0 0 0 0 0 0 0 0 0 0 0 0 -28.534476 0 
0 0 -26.70651 -26.538715 -26.487093 -26.487093 0 0 0 -28.563261 -39.517312 0 0 -28.311265 -39.53727 0 -31.279435 0 0 -27.56896 -26.976399 -26.237536 -26.349129 -26.437011 -26.624069 0 0 0 0 0 0 0 0 0 0 0 0 0 0 0 
0 -26.95411 0 -26.682579 -26.487093 -26.220265 0 0 0 -28.017836 -27.095872 -39.517312 0 0 0 0 0 0 -27.411034 -26.632464 -26.696481 -26.261296 -26.237536 -26.441111 0 0 0 0 0 0 0 0 0 0 0 0 0 0 0 0 
0 0 -26.95411 -26.682579 -26.220265 -26.306255 -26.32726 -26.719804 0 -27.095872 -27.514222 0 0 0 0 0 0 0 -26.886294 -27.018248 -26.386894 -26.486778 -26.261296 0 0 0 0 0 0 0 0 0 0 0 0 0 0 0 0 0 
0 0 0 -26.473105 -26.306255 -26.32726 -26.311582 -26.293472 -26.633351 -28.531633 -27.454688 0 0 0 0 -33.485786 -27.046094 -39.502032 -27.971996 -26.886294 -26.65258 -26.386894 -26.486778 0 0 0 0 0 0 0 0 0 0 0 0 0 0 0 0 0 
0 0 0 -27.29153 -26.507578 -26.311582 -26.293472 -26.503277 -27.4217 -39.444293 -28.531633 0 0 0 0 -26.776517 -26.867223 0 -39.502032 -27.971996 -26.67766 -26.597313 0 0 0 0 0 0 0 0 0 0 0 0 0 0 0 0 0 0 
0 0 0 0 0 -26.545881 -26.503277 -26.520814 -26.566574 0 0 0 0 0 -27.136143 -35.009855 -26.776517 0 0 0 -26.597313 -26.528992 0 0 0 0 0 0 0 0 0 0 0 0 0 0 0 0 0 0 
0 0 0 0 0 0 -26.520814 -26.566574 -26.432324 -29.381204 0 0 0 0 -27.089523 -27.136143 0 0 0 0 -26.528992 -26.758765 -30.254394 0 0 0 0 0 0 0 0 0 0 0 0 0 0 0 0 0 
0 0 0 0 0 0 -27.6925 -26.432324 -26.79568 -26.473204 0 0 -39.467886 0 -26.816699 -27.089523 -39.53727 -28.619793 -30.648727 0 -26.758765 -30.254394 0 0 0 0 0 0 0 0 0 0 0 0 0 0 0 0 0 0 
0 0 -27.889451 -29.023379 0 0 0 -26.79568 -26.473204 -26.306671 -27.186306 -39.467886 -36.929656 -28.540182 -26.854419 -26.816699 0 -39.488501 -28.619793 -30.648727 0 0 0 0 0 0 0 0 0 0 0 0 0 0 0 0 0 0 0 0 
0 -39.498503 -27.299711 -27.889451 -29.023379 0 0 -27.612682 -26.306671 -26.43432 -26.360851 -26.839794 -28.540182 -28.601673 -26.810248 -26.627191 0 0 -39.488501 0 0 0 0 0 0 0 0 0 0 0 0 0 0 0 0 0 0 0 0 0 
0 0 -39.498503 -27.299711 0 0 -39.525534 -37.724551 -26.43432 -26.360851 -26.519017 -26.514052 -27.759804 -31.194381 -26.627191 -26.847043 -38.299605 -28.830034 -29.984034 0 0 0 0 0 0 0 0 0 0 0 0 0 0 0 0 0 0 0 0 0 
0 0 0 0 0 0 0 0 -27.0869 -26.519017 -26.514052 -26.772795 0 -30.012365 -29.287623 -29.529248 -28.830034 -28.017836 -27.504131 0 0 0 0 0 0 0 0 0 0 0 0 0 0 0 0 0 0 0 0 0 
0 0 0 0 0 0 0 0 -29.815646 -26.802755 -26.772795 -26.545222 -26.646412 -29.287623 -29.529248 -29.949178 -28.017836 -27.504131 -29.534775 -39.480258 -27.84316 0 0 0 0 0 0 0 0 0 0 0 0 0 0 0 0 0 0 0 
0 0 0 0 0 0 0 0 0 -28.534476 -26.545222 -26.646412 -27.076018 -27.973721 -29.949178 -30.092394 -33.268805 -29.534775 -39.480258 -27.84316 -26.933973 0 0 0 0 0 0 0 0 0 0 0 0 0 0 0 0 0 0 0 
0 0 0 0 0 0 0 0 -30.78676 0 0 -27.076018 -27.973721 -28.00707 -26.461119 -33.268805 0 0 -33.176355 -26.933973 -27.95661 0 0 0 0 0 0 0 0 0 0 0 0 0 0 -32.091662 -32.243323 0 0 0 
0 0 0 0 0 0 0 -30.78676 -37.427723 0 -27.559205 -27.627803 -28.00707 -26.461119 -26.752441 0 0 0 -26.78928 -26.467131 -28.332766 0 0 0 0 0 0 0 0 0 0 0 0 0 0 -28.604676 -32.091662 -32.243323 0 0 
0 0 0 0 0 -36.522018 -39.510849 -37.427723 -27.726156 -27.559205 -27.627803 -28.169102 -29.154372 -26.752441 0 0 0 0 -26.460272 -26.38341 0 0 0 0 0 0 0 0 0 0 0 0 0 0 0 -27.298963 -28.604676 0 0 0 
0 0 0 0 -36.522018 -39.510849 0 -27.726156 -26.913559 0 -28.169102 -29.154372 -27.018708 -26.403134 -27.527546 -39.482025 -29.221917 -27.474648 -26.38341 -26.464918 -37.724551 0 0 0 0 0 0 0 0 0 0 0 0 0 0 -27.669959 -27.298963 0 0 0 
0 0 0 0 0 0 0 -26.913559 -30.86938 0 0 0 -26.403134 -26.954917 -32.647901 -29.221917 -27.474648 -26.977668 -26.644566 -26.562059 0 0 0 0 0 0 0 0 0 0 0 0 0 0 0 0 -27.669959 0 0 0 
0 0 0 0 0 0 0 -30.86938 0 0 0 0 -26.954917 -38.367001 0 -29.568307 -26.977668 -26.644566 -26.895081 -27.341425 0 0 0 0 0 0 0 0 0 0 0 0 0 0 0 -33.292291 -36.329392 0 0 0 
0 0 0 0 0 0 0 0 0 0 0 0 -38.367001 0 0 0 0 0 0 0 -34.597972 0 0 0 0 0 0 0 0 0 0 0 0 0 0 -36.329392 0 0 0 0 
0 0 0 0 0 0 0 0 0 0 0 0 0 0 0 0 0 0 -39.527295 -27.894209 0 -34.597972 0 0 0 0 0 0 0 0 0 0 0 0 0 0 0 0 0 0 
0 0 0 0 0 0 0 0 0 0 0 0 0 0 0 0 0 -39.527295 -27.894209 0 0 0 0 0 0 0 0 0 0 0 0 0 0 0 0 0 0 0 0 0 
0 0 0 0 0 0 0 0 0 0 0 0 0 0 0 0 0 0 0 0 0 0 0 0 0 0 0 0 0 0 0 0 0 0 0 0 0 0 0 0 
0 0 0 0 0 0 0 0 0 0 0 0 0 0 0 0 0 0 -39.469065 -38.299605 0 0 0 -31.354588 0 0 0 0 0 0 0 0 0 0 0 0 0 0 0 0 
0 0 0 0 0 0 0 0 0 0 0 0 0 0 0 0 0 -39.469065 -38.299605 -38.299605 0 0 0 0 -31.354588 0 0 0 0 0 0 0 0 0 0 0 0 0 0 0 
0 0 0 0 0 0 0 0 0 0 0 0 0 0 0 0 0 0 -38.299605 0 0 0 0 0 0 0 0 0 0 0 0 0 0 0 0 0 0 0 0 0 
0 0 0 0 0 0 0 0 0 0 0 0 0 0 0 0 0 0 0 0 0 0 0 0 0 0 0 0 0 0 0 0 0 0 0 0 0 0 0 0 
0 0 0 0 0 0 0 0 0 0 0 0 0 0 0 0 0 0 0 0 0 0 0 0 0 0 0 0 0 0 0 0 0 0 0 0 0 0 0 0 
0 0 0 0 0 0 0 0 0 0 0 0 0 0 0 0 0 0 0 0 0 0 0 0 0 0 0 0 0 0 0 0 0 0 0 0 0 0 0 0 
0 0 0 0 0 0 0 0 0 0 0 0 0 0 0 0 0 0 0 0 0 0 0 0 0 0 0 0 0 0 0 0 0 0 0 0 0 0 0 0 
0 0 0 0 0 0 0 0 0 0 0 0 0 0 0 0 0 0 0 0 0 0 0 0 0 0 0 0 0 0 0 0 0 0 0 0 0 0 0 0 
0 0 0 0 0 0 0 0 0 0 0 0 0 0 0 0 0 0 0 0 0 0 0 0 0 0 0 0 0 0 0 0 0 0 0 0 0 0 0 0 
0 0 0 0 0 0 0 0 0 0 0 0 0 0 0 0 0 0 0 0 0 0 0 0 0 0 0 0 0 0 0 0 0 0 0 0 0 0 0 0 
0 0 0 0 0 0 0 0 0 0 0 0 0 0 0 0 0 0 0 0 0 0 0 0 0 0 0 0 0 0 0 0 0 0 0 0 0 0 0 0 
0 0 0 0 0 0 0 0 0 0 0 0 0 0 0 0 0 0 0 0 0 0 0 -31.380117 -28.563261 -27.76531 -27.261217 -27.212435 -32.384616 -31.135286 -39.487323 0 0 0 -35.624607 0 0 0 0 0 
0 0 0 0 0 0 0 0 0 0 0 0 0 0 0 0 0 0 0 0 0 -29.984034 -31.885164 -27.933147 -28.332766 -27.261217 -27.212435 -26.876654 -28.399735 -30.509404 -31.135286 -39.487323 0 -35.624607 0 0 0 0 0 0 
0 0 0 0 0 0 0 0 0 0 0 0 0 0 0 0 0 0 0 0 0 0 -29.984034 -31.885164 -27.933147 -28.25808 -26.876654 -28.34245 -29.212745 -28.711053 -30.509404 0 0 0 0 0 0 0 0 0 
0 0 0 0 0 0 0 0 0 0 0 0 0 0 0 0 0 0 0 0 0 0 0 0 0 0 0 0 0 0 0 0 0 0 -28.318388 -36.189489 0 0 0 0 
0 0 0 0 0 0 0 0 0 0 0 0 0 0 0 0 0 0 0 0 0 0 0 0 0 0 0 -39.458453 0 0 0 -28.023263 0 -28.318388 -27.551701 -26.511373 -26.475397 -27.571144 0 0 
-28.229087 -27.320239 0 0 0 0 0 0 0 0 0 0 0 0 0 0 0 0 0 0 0 0 0 0 0 0 -39.458453 0 -39.502032 0 0 -28.287836 -27.206601 -27.551701 -26.511373 -26.475397 -26.646227 -26.443975 -26.574798 0 
-27.320239 -27.320239 0 0 0 0 0 0 0 0 0 0 0 0 0 0 0 0 0 0 0 0 0 0 0 0 0 -39.502032 0 0 0 -27.206601 -27.314089 0 0 -26.646227 -26.443975 -26.433403 -26.467615 -26.867556 
0 0 0 0 0 0 0 0 0 0 0 0 0 0 0 0 0 0 0 0 0 0 0 0 0 0 0 0 0 0 0 -27.314089 -27.819387 -30.591977 -28.037878 -27.200823 -26.433403 -26.467615 -26.566147 -26.640541 
0 0 0 0 0 0 0 0 0 0 0 0 0 0 0 0 0 0 0 0 0 0 0 0 0 0 0 0 0 0 0 -27.819387 -30.591977 -27.173355 -26.775183 -27.755698 -27.200823 -26.566147 -26.761325 -26.621834 
0 0 0 0 0 0 0 0 0 0 0 0 0 0 0 0 0 0 0 0 0 0 0 0 0 0 0 0 0 0 0 0 -26.493052 -26.428629 -26.67161 -26.680726 -26.516996 -28.389572 -28.84072 -27.56896 
0 0 0 0 0 0 0 0 0 0 0 0 0 0 0 0 0 0 0 0 0 0 0 0 0 0 0 0 0 0 -31.066124 -26.466649 -26.396338 -26.493052 -26.428629 -26.649014 -26.680726 -26.516996 0 0 
0 0 0 0 0 0 0 0 0 0 0 0 0 0 0 0 0 0 0 0 0 0 0 0 0 0 0 0 0 0 -26.499159 -26.530859 -26.466649 -26.396338 -26.771474 -27.174576 -26.649014 -27.355117 0 0 
0 0 0 0 0 0 0 0 0 0 0 0 0 0 0 0 0 0 0 0 0 0 0 0 0 -27.275472 -27.444447 -29.047877 -33.663718 0 -26.402774 -26.499159 -26.530859 -26.944132 -33.485786 -27.106618 -27.106618 -27.015956 0 0 
0 0 0 0 0 0 0 0 0 0 0 0 0 0 0 0 0 0 0 0 0 0 0 0 -26.753194 -26.990106 -27.275472 -27.444447 -28.963825 -31.043482 -26.509756 -26.402774 -27.136143 -29.625629 0 -27.106618 -27.015956 -26.604998 0 0 
0 0 0 0 0 0 0 0 0 0 0 0 0 0 0 0 0 0 0 0 0 0 0 0 -26.532236 -26.753194 -26.990106 -27.65042 -28.628948 -28.873268 -26.576119 -26.509756 -28.644349 -28.862336 0 -26.707174 -26.604998 -30.114778 0 0 
0 0 0 0 0 0 0 0 0 0 0 0 0 0 0 0 0 0 0 0 0 0 0 0 -26.833283 -26.532236 0 -36.824813 -31.242645 -29.551462 -28.873268 -26.576119 -27.213739 0 0 -26.851517 -26.707174 -26.828998 0 0 
0 0 0 0 0 0 0 0 0 0 0 0 0 0 0 0 0 0 0 -27.948165 0 0 0 0 -27.63725 -26.833283 0 0 -36.824813 -31.242645 0 0 0 0 0 -27.269732 -26.460085 0 0 0 
0 0 0 0 0 0 0 0 0 0 0 0 0 0 0 0 0 0 -27.948165 -29.469568 0 0 0 -26.505532 -27.416347 -32.955202 0 0 0 0 0 0 -28.084942 0 0 -26.460085 -26.720724 0 0 0 
0 0 0 0 0 0 0 0 0 0 0 0 0 0 0 0 0 0 -29.469568 0 0 0 -30.270494 -26.538843 -26.505532 -37.200866 0 0 0 0 0 -28.084942 0 0 0 -26.720724 -29.790016 0 0 0 
0 0 0 0 0 0 0 0 0 0 0 0 0 0 0 0 0 0 -39.473779 -39.540202 0 0 0 -27.241787 -26.538843 0 0 0 0 0 0 0 0 0 0 0 0 0 0 0 
-29.563025 -27.030805 -27.178255 0 0 0 0 0 0 0 0 0 0 0 0 0 0 0 0 -39.473779 0 0 0 -27.838655 -28.075356 0 0 0 0 0 0 0 0 0 0 0 0 0 0 0 
-28.724142 -26.78407 -26.854742 -27.090576 -27.548507 -28.685249 -39.457864 0 0 0 0 0 0 0 0 0 0 -27.361658 -33.315929 0 0 0 0 -28.462576 0 0 0 0 0 0 0 0 0 0 0 -28.563261 0 0 0 0 
-29.098065 -26.734086 -27.090576 -27.548507 -28.090737 -27.903796 -27.822325 -27.151798 -30.500412 0 0 0 0 0 0 0 0 -30.78676 -27.361658 -33.315929 0 0 0 0 0 0 0 0 0 0 0 0 0 0 -28.563261 -27.621954 0 0 0 0 
-35.36279 -26.835442 -28.435997 -28.090737 -27.903796 -27.822325 -27.151798 -27.69887 -30.776629 -33.877716 -39.527882 0 -39.489089 0 0 0 0 0 -30.78676 0 0 0 0 0 0 0 0 0 0 0 0 0 0 0 -27.621954 -26.787902 0 0 0 0 
-35.431874 -26.901517 0 0 0 0 -27.69887 -30.077607 -27.548507 -39.527882 0 -39.489089 -29.31661 0 0 0 0 0 0 0 0 0 0 0 0 0 0 0 0 0 0 0 0 0 -26.787902 -27.270446 0 0 0 0 
-27.136681 -26.461874 0 0 0 0 -30.077607 -27.548507 -28.548787 0 0 -29.31661 0 0 0 0 0 0 0 0 0 0 0 0 0 0 0 0 0 0 0 0 0 0 -27.270446 0 0 0 0 0 
-27.218873 -26.527016 -31.885164 0 0 0 0 -28.548787 0 0 0 0 -27.820855 0 0 0 0 0 0 0 0 0 0 0 0 0 0 0 0 0 0 0 0 0 0 0 0 0 0 0 
-29.660915 -29.660915 0 0 0 0 0 0 -29.24508 -30.922481 0 -27.820855 -26.951696 0 0 0 0 0 0 0 0 0 0 0 0 0 0 0 0 0 0 0 0 0 0 0 0 0 0 0 
0 0 0 0 0 0 0 -29.24508 -30.922481 -30.145006 -27.704001 -26.951696 -26.613217 0 0 0 0 0 0 0 -29.003264 0 0 0 0 -39.537856 -38.23294 -29.496443 -29.027435 -35.193357 0 0 0 0 0 0 0 0 0 0 
0 -35.964553 0 0 0 0 0 -31.916017 -30.303062 -27.704001 -27.137861 -26.613217 -26.718658 0 0 0 0 0 0 -29.003264 -28.371992 -27.965128 -39.489678 -26.92783 0 0 -29.496443 -29.027435 -35.193357 -31.565868 -29.047877 0 0 0 0 0 0 0 0 0 
0 0 0 0 0 0 -39.463171 -27.884718 0 0 -26.517707 -26.517707 -27.409271 -28.132216 -29.991079 0 0 0 0 -28.371992 -27.965128 -27.876881 -26.92783 -26.612385 -27.342223 -27.479481 -36.773143 -28.138276 -27.84316 -28.077266 -26.830218 -26.833899 -27.218325 -31.885164 0 0 0 0 -28.169102 0 
0 0 0 0 0 0 -27.884718 -31.445016 0 0 -26.544564 -27.150623 -27.617305 -27.070404 -26.67442 0 0 0 0 0 -27.876881 -30.403817 -26.612385 -27.342223 -27.479481 -27.378289 -27.276193 -26.720034 -26.408386 -26.830218 -26.833899 -27.218325 -27.715659 -28.619793 0 0 0 0 -27.269732 -28.169102 
-29.069923 -28.412561 -27.678653 0 0 -27.4217 -26.435914 -26.768846 -31.445016 0 -26.542731 -27.617305 -27.070404 -26.67442 -26.67442 -27.846175 0 0 0 0 0 -28.294815 -27.6925 -38.644137 -27.378289 -27.276193 -28.088802 -26.408386 -26.36606 -26.443975 -27.766692 -27.715659 -28.619793 0 -29.625629 0 0 0 -28.967722 -27.269732 
0 -27.678653 0 0 0 -27.934805 -27.4217 -26.435914 -26.768846 -26.97894 -29.984034 -26.542731 0 -26.67442 -27.312561 -26.731469 0 0 0 0 0 -27.6925 0 0 0 -28.088802 -28.616755 -26.36606 -26.443975 -27.559205 -27.125379 0 0 -29.625629 -27.128192 0 0 0 0 -28.967722 
0 -26.687989 -27.331926 0 -26.72489 -27.985878 -27.934805 -28.369502 0 -39.489089 -26.97894 -27.419911 -26.621834 -26.462821 -26.731469 -28.292484 0 0 0 0 0 -28.092675 0 0 0 0 0 -27.314855 -27.559205 -27.125379 0 0 -26.565438 -27.128192 -27.667491 0 0 0 0 0 
-26.442495 -26.692209 -26.687989 -27.331926 -26.541559 -26.72489 -27.985878 0 0 -27.748895 -27.017789 -27.671195 -27.064347 -26.621834 -26.462821 -27.612682 0 0 0 0 0 -26.942161 -28.092675 0 0 0 -27.025186 -27.429806 -27.984132 0 0 0 -26.417065 -26.446169 0 0 0 0 -27.404011 0 
-26.511953 -26.442495 -26.692209 -28.698089 -26.698421 -26.541559 -27.75297 -30.198987 0 -27.420805 -27.748895 -27.017789 -27.671195 -27.064347 0 0 0 0 0 0 0 -27.59784 -26.942161 0 0 0 -27.4426 -27.025186 -27.429806 0 0 0 -26.519136 -26.417065 0 0 0 0 0 -27.404011 
-27.057861 -26.511953 -29.226523 -26.654093 -26.78653 -26.698421 -34.799096 -39.513787 0 -27.044641 -27.420805 0 0 0 0 0 0 0 0 0 -29.427416 -28.179575 -27.59784 0 -32.998336 0 -29.568307 -27.4426 -31.5115 0 0 0 -26.653714 -27.033164 0 0 0 0 0 0 
0 -27.057861 -39.524359 -26.60581 -26.654093 -26.78653 -39.490855 0 0 -32.366605 -27.044641 0 0 0 0 0 0 0 0 0 -27.259809 -27.259809 -39.452555 0 0 -32.998336 0 -29.568307 -39.526121 -31.5115 0 0 -27.057861 -28.274006 0 0 0 0 0 0 
0 0 0 -27.325667 -26.60581 0 0 0 0 0 -32.366605 0 0 0 0 0 0 0 0 0 -27.380819 -27.864477 0 0 0 0 0 0 0 0 0 -26.863573 -26.79205 -27.072949 0 0 -27.649214 -28.682058 0 0 
0 0 -39.534337 -26.759787 -27.325667 0 0 0 0 0 0 0 0 0 0 0 0 0 0 0 -28.271717 -27.380819 0 0 0 0 0 0 0 0 0 -27.95661 -26.863573 -26.79205 0 -29.221917 -27.806282 -27.649214 -28.682058 0 
0 -32.513599 -29.331297 -26.759787 -26.645672 0 0 0 0 0 0 0 0 0 0 0 0 0 0 0 0 -28.271717 0 0 0 0 0 0 0 0 0 0 -27.95661 0 0 -29.119493 -29.221917 -27.806282 -33.796081 0 
-36.246229 -27.954915 -29.331297 -26.645672 -26.507464 0 0 0 0 0 0 0 0 0 0 0 0 0 0 0 0 0 0 0 0 0 -30.084987 0 0 0 0 -30.687346 0 0 0 0 -29.119493 -30.976754 0 0 
-27.954915 -27.954915 -27.450947 -26.507464 -26.423085 -30.160287 -39.445474 -39.464939 -34.192256 -28.467962 0 0 0 0 0 0 0 0 0 0 0 0 0 0 0 -30.084987 -39.444884 0 0 0 0 0 0 0 0 0 -28.207286 -30.796934 0 0 
-31.731542 -26.772266 -26.67201 -26.423085 -26.907315 -27.144207 -27.379974 -27.393608 -27.432528 -26.750939 0 0 0 0 0 -29.67283 0 0 0 0 0 0 0 0 0 -39.444884 0 0 0 0 0 0 0 0 0 0 -27.424391 -28.207286 -30.796934 0 
-27.650647 -26.52677 -26.492514 -26.261236 -26.653903 -26.784343 -26.746468 -26.646968 -26.743028 -26.470148 -39.469065 -27.24384 -27.150037 -28.734042 -27.450015 -26.502941 0 0 0 0 0 0 0 0 0 0 -39.48438 0 0 0 0 0 0 0 0 0 -26.860937 -27.424391 -29.60824 0 
-27.211952 -26.455351 -26.261236 -26.257422 -26.625279 -26.719804 -26.606298 -26.474797 -26.470148 -26.404145 -26.927068 -26.718201 -27.24384 -27.150037 -26.502941 -26.783798 0 0 0 0 0 0 -39.520249 -39.526708 0 -39.48438 -37.313157 0 0 0 -39.469065 -28.25357 0 0 0 -39.447835 -26.601612 -26.860937 -30.591977 -29.60824 
-26.74557 -26.349021 -26.257422 -26.246405 -26.463581 -26.585383 -26.474797 -26.68967 -26.404145 -26.536283 -26.491549 -26.569864 -26.718201 -26.689249 -26.346556 -26.944132 0 0 0 0 0 -39.520249 -39.526708 0 0 -37.313157 0 0 0 0 -28.25357 -26.913559 0 -39.450785 -28.884284 -29.822108 -26.63909 -26.601612 -28.489742 0 
-27.070818 -26.391389 -26.246405 -26.236763 -26.492085 -26.698205 -26.836371 -26.970521 -26.536283 -26.961016 -26.983205 -26.491549 -26.569864 -26.346556 -26.282878 -27.07397 -28.730734 0 -32.191937 0 0 0 0 0 -31.032236 -27.82823 0 0 0 0 -26.913559 -28.43075 -33.131007 -35.119067 -32.532452 -28.884284 -29.822108 -26.63909 0 0 
0 -26.347142 -26.236763 -26.292825 -26.419702 -26.509411 -26.795961 -27.106618 -26.500931 -26.763901 -26.961016 -26.983205 -28.04712 -26.282878 -26.363759 -26.660215 -26.670015 -27.09747 -27.16128 -28.704556 0 0 0 -31.032236 -27.35838 -26.73337 0 0 0 0 -28.43075 0 0 -33.131007 -35.119067 -32.532452 -31.498074 -32.439263 0 0 
0 -27.042229 -26.292825 -26.419702 -26.43499 -26.32272 -26.38577 -26.500931 -26.587364 -26.827478 -26.763901 -28.694868 -27.557053 -26.363759 -26.477408 -26.670015 -26.636566 -26.703208 -27.257002 -27.293009 0 0 0 -27.35838 -26.73337 -26.578778 0 0 0 0 0 0 0 0 0 -26.79991 -37.036548 -39.473779 -32.439263 0 
0 0 -26.954513 -26.43499 -26.32272 -26.38577 -26.343497 -26.548135 -26.64273 -26.803613 -26.843246 -27.078589 -26.767799 -26.477408 -26.466842 -26.636566 -26.703208 -27.257002 -26.510217 -26.510217 0 0 0 -32.075265 -26.578778 -27.062843 0 0 0 0 0 0 0 0 0 -27.058357 -26.79991 -37.036548 -39.473779 -39.530816 
0 0 0 -26.842301 -26.388091 -26.343497 -26.548135 -26.78407 -26.677863 -26.843246 -26.730995 -26.767799 -26.667045 -26.466842 -26.660409 -33.363668 -29.854748 0 -26.550945 -26.574067 0 0 0 0 -27.062843 -28.560353 0 0 0 0 0 0 0 0 0 -27.335867 -27.058357 0 0 0 
0 0 0 0 -27.241787 -26.670612 -26.78407 -26.677863 -26.462441 -26.730995 -27.030334 -27.948165 -26.338347 -26.403206 -26.518778 -27.091103 -33.363668 -29.854748 -26.580117 -26.695408 -27.192575 -39.443703 0 0 0 0 -39.529055 -39.514962 0 0 0 0 0 0 0 -27.310275 -27.335867 0 0 0 
0 -26.66371 -31.524992 -28.11226 -26.67221 -27.053418 -29.039667 -26.462441 -26.975977 -29.311744 -31.316746 -30.286716 -26.364053 -26.338347 -26.891193 -27.178255 -27.091103 0 -26.695408 -26.75902 -26.63567 -27.192575 -27.082728 -26.942555 0 -39.529055 -39.514962 -39.160232 0 0 0 0 0 0 0 -27.102294 -27.012765 0 0 0 
0 -26.712083 -26.516286 -26.67221 -27.053418 -28.862336 -28.152551 -26.495869 -27.154744 -39.518487 -30.286716 -27.575531 -26.344703 -26.231351 -27.00465 -26.745236 -27.3335 0 0 -28.438629 -26.75902 -26.63567 -26.942555 -27.20854 -26.519136 0 -39.160232 0 0 0 0 0 0 0 0 -26.641087 -26.641087 0 0 0 
0 -26.516286 -26.627017 -27.859868 -28.862336 -28.371992 -26.472214 -26.408312 -39.518487 -29.94228 -27.575531 -26.749194 -26.231351 -26.193124 -26.566716 -26.505418 -26.59152 -31.90055 -27.140737 -26.595736 -28.8443 0 -27.125379 -26.519136 -26.557202 -27.290791 0 0 0 0 0 0 0 0 0 -39.447244 -26.783798 0 0 0 
0 -27.224273 -27.859868 0 0 0 -26.408312 -26.35229 -29.94228 -28.090737 -27.341425 -26.746962 -26.193124 -26.221063 -26.505418 -26.515461 -26.533494 -26.52335 -26.447851 -26.881792 -26.595736 -27.125379 -26.962246 -26.557202 -26.722107 -28.694868 -34.312953 0 0 0 0 0 0 0 -39.447244 -39.491443 -31.158762 0 0 0 
0 0 0 0 0 0 -26.35229 -26.41302 -27.155335 -27.566781 -27.475612 -26.584323 -26.221063 -26.301469 -26.515461 -26.533494 -26.52335 -26.811413 -26.72489 -26.447851 -26.881792 -26.962246 -26.918391 -26.722107 -26.612884 -26.943737 0 0 0 0 0 0 0 0 -39.491443 -31.158762 0 0 0 0 
0 0 0 0 0 0 -26.41302 -27.155335 -27.280538 -27.475612 -27.424391 -26.508035 -26.432821 -26.498607 -26.493483 -26.478217 -26.604027 -26.743272 -27.000198 -26.72489 -27.999956 -27.077559 -26.890139 -26.612884 -26.713885 -26.943737 -29.745983 0 0 0 -39.497915 -28.540182 -39.456094 0 -35.583738 -31.621319 0 0 -39.518487 0 
0 0 0 0 0 0 -27.318696 -27.280538 -28.43075 -27.424391 -27.677405 -26.432821 -26.602897 -26.493483 -26.478217 -26.604027 -26.576266 -26.630696 -26.636208 -27.000198 -27.046094 -26.744253 -27.076018 -26.713885 -26.713885 -28.349767 -39.476724 0 0 -39.465529 -31.839483 -39.497915 -28.540182 -35.583738 -31.621319 -39.499091 0 -29.684823 -28.956061 0 
0 0 0 0 0 0 0 -29.733589 -28.465266 -27.677405 -27.255604 -26.602897 -26.732894 -26.92783 -26.641451 -26.576266 -26.630696 -26.636208 -26.829302 -26.789004 -26.744253 -26.885251 -26.649201 -26.649201 -27.399658 -27.470804 -31.538551 0 -28.084942 -27.205313 -28.619793 -31.839483 0 0 -39.499091 0 -29.684823 -28.088802 -27.316388 0 
0 0 0 0 0 0 0 0 -28.222502 -27.255604 -27.072949 -26.732894 -26.591365 -28.037878 -27.257703 -26.990106 -27.317926 -28.045265 -32.042733 -28.094617 -26.885251 -27.12594 -26.649201 -26.659829 -27.470804 -27.87221 -30.062926 0 -27.085854 -27.096937 -27.205313 -28.619793 -34.833535 -29.221917 -27.113168 -29.047877 -28.088802 -27.316388 -28.895385 0 
0 0 0 0 0 0 0 0 -29.727423 -27.908625 -27.099609 -26.591365 -26.675227 0 -30.42107 -27.958308 -30.019511 0 -36.721963 -28.489742 -27.931493 -27.12594 -26.659829 -26.523471 -27.87221 -30.062926 0 0 -27.855281 -27.085854 -27.096937 -34.833535 -29.221917 -27.113168 -29.047877 -28.084942 -31.721064 -39.49615 -39.518487 0 
0 0 0 0 0 0 0 0 -28.142335 -28.069647 -28.402289 -26.675227 0 0 0 0 0 0 0 0 -27.907013 -27.232968 -26.523471 -26.554192 -39.443113 0 0 0 -39.475546 -27.855281 0 0 0 -30.687346 -28.084942 -31.721064 -30.677631 -27.381664 -27.12594 0 
-29.254439 0 0 0 0 0 0 0 -39.457274 -30.697101 0 -27.293751 0 0 0 0 0 -28.327953 0 -27.907013 -27.232968 -29.60824 -26.554192 -27.26546 -32.727161 -31.329301 0 0 0 -39.475546 0 0 0 0 -31.471416 -30.677631 -27.381664 -27.12594 -26.655042 0 
0 -29.254439 0 0 0 0 0 0 0 0 -27.293751 -31.869858 0 0 0 0 -28.327953 -28.327953 0 0 0 -26.948098 -27.26546 -32.727161 -31.329301 0 -39.47319 0 0 0 0 0 0 -31.471416 -30.319533 0 -27.16608 -26.655042 -26.797649 -33.187801 
0 0 0 0 -27.073459 -27.220962 -28.548787 -28.523143 -27.175188 -39.511437 -31.869858 0 0 0 0 0 -28.327953 -29.881264 0 0 0 -27.280538 -26.935134 0 0 -39.47319 0 0 0 0 0 0 0 -30.319533 0 0 0 -26.825058 -26.442322 -26.442322 
0 0 0 0 -27.977179 -27.073459 -27.220962 -27.175188 -28.506331 -27.69377 -39.529055 0 0 0 -39.453145 0 -29.881264 0 0 0 0 -26.935134 -26.900438 0 0 0 0 0 0 0 0 0 0 0 0 0 0 0 -26.31862 -26.48934 
0 0 0 0 0 -27.977179 0 -28.506331 -27.69377 -39.529055 0 0 0 -39.453145 -39.453145 0 -35.877335 0 0 0 0 -26.900438 0 0 0 0 0 0 -39.533163 0 0 0 0 0 0 0 0 0 -26.4763 -27.128652 
0 0 0 0 -30.848459 0 0 0 0 0 0 0 0 -39.453145 0 -31.009896 -39.454915 0 0 0 0 0 0 0 0 0 0 0 0 -39.533163 0 0 0 -39.534337 0 0 0 0 -27.160086 0 
0 0 0 0 -35.384489 -30.848459 0 0 0 0 0 0 0 0 -29.998149 0 -31.009896 0 0 0 -39.519074 0 0 0 0 0 0 0 0 0 0 0 -39.534337 -31.032236 0 0 0 0 -37.973351 0 
0 0 0 0 -36.929656 0 0 0 0 0 0 0 0 0 0 -29.998149 0 0 0 -39.519074 0 0 -39.485557 0 0 0 0 0 0 0 0 0 -31.032236 0 0 0 -39.446654 0 -27.457506 0 
0 0 0 0 0 0 0 0 0 0 0 0 0 0 0 -31.677886 -27.557053 0 0 0 0 -39.485557 0 0 0 0 0 0 0 0 0 0 0 0 0 -39.446654 0 0 0 0 
0 0 0 0 0 0 0 0 0 0 0 0 0 0 -31.677886 -27.557053 0 -28.948338 -29.802788 -38.166993 0 0 0 0 0 0 0 0 0 0 0 0 0 0 0 0 0 0 0 0 
0 0 0 0 0 0 0 0 0 0 0 0 0 0 0 0 0 0 -28.948338 -29.802788 0 0 0 0 0 0 0 0 0 0 0 0 0 0 -27.218325 -26.769632 0 -28.077266 -30.019511 0 
0 0 0 0 0 0 0 0 0 0 0 0 0 0 0 0 0 0 0 0 0 0 0 0 0 0 0 0 0 0 0 -32.2261 -32.026597 -27.078589 -26.854419 -27.218325 -26.769632 -28.644349 -28.077266 -30.019511 
0 0 0 0 0 0 0 0 0 0 0 0 0 0 0 0 0 0 0 0 0 0 0 0 0 0 0 0 0 0 0 -27.604656 -31.706599 -27.239741 -27.078589 -26.854419 -28.318388 0 -28.644349 0 
0 0 0 0 0 0 0 0 0 0 0 0 0 0 0 0 0 0 0 0 0 0 0 0 0 0 0 0 0 0 0 -26.961426 -27.537955 -31.706599 -27.239741 -39.522011 0 0 0 0 
0 0 0 0 0 0 0 0 0 0 0 0 0 0 0 0 0 0 0 0 0 0 0 0 0 -33.612023 -27.056871 0 0 -27.601241 -27.619626 -27.220302 -26.961426 -27.537955 0 0 0 0 0 0 
0 0 0 0 0 0 0 0 0 0 0 0 0 0 0 0 0 0 0 0 0 0 0 0 -33.612023 -27.056871 -37.663958 -30.766541 -26.590128 -26.598104 -27.204669 -27.619626 -27.220302 0 0 0 0 -28.884284 -39.490855 0 
0 0 -30.369712 0 0 0 0 0 0 0 0 0 0 0 0 0 0 0 0 0 0 0 0 0 -28.402289 -26.472115 -27.062343 -26.634776 -26.976822 -26.590128 -26.598104 -27.204669 0 0 -39.480847 -29.649077 -28.666216 -26.871576 -36.824813 0 
0 0 -35.119067 -30.369712 0 0 0 0 0 0 0 0 0 0 0 0 0 0 0 0 -35.543214 0 0 -27.364127 -26.679292 -26.681754 -26.472115 -27.062343 -26.634776 -26.976822 0 0 0 -39.480847 -29.649077 -28.666216 -26.871576 -26.502381 -29.733589 0 
0 0 0 -39.446064 0 0 0 0 0 0 0 0 0 0 0 0 0 0 0 -27.18818 0 0 -29.06443 -26.600971 -27.364127 -26.679292 -26.681754 0 0 0 0 0 0 0 0 -28.222502 -26.502381 -26.466649 -27.537955 0 
0 0 0 0 0 0 0 0 0 0 0 0 0 0 0 0 0 0 0 -26.549336 -27.18818 -27.853757 -26.641451 -26.937076 -26.600971 -27.887871 0 0 0 0 0 0 0 0 0 0 -26.466649 -27.434349 -26.992719 -33.436456 
0 0 0 0 0 0 0 0 0 0 0 0 0 0 0 0 0 0 -26.566431 -26.764937 -26.549336 0 -27.853757 -26.641451 -26.937076 0 0 0 0 0 0 0 0 0 0 0 -26.862912 -26.992719 -26.992719 0 
0 0 0 0 0 0 0 0 0 0 0 0 0 0 0 0 0 0 -26.832975 -26.566431 -26.764937 0 0 0 0 0 0 0 0 0 0 0 0 0 0 -26.862912 -27.282721 -26.992719 -27.410152 0 
0 0 0 0 0 0 0 0 0 0 0 0 0 0 0 0 0 0 -27.379131 -26.832975 0 0 0 0 0 0 0 0 0 0 0 0 0 0 0 -27.282721 -27.282721 -27.65042 -27.506138 0 
0 0 0 0 0 0 0 0 0 0 0 0 0 0 0 0 0 0 -26.870232 -26.599693 0 0 0 0 0 0 0 0 0 0 0 0 0 0 0 -27.282721 -28.557452 -28.500777 -29.437858 0 
0 0 0 0 0 0 0 0 0 0 0 0 0 0 0 0 0 0 -26.599693 -27.071929 0 0 0 0 0 0 0 0 0 0 0 0 0 0 0 -39.470244 0 -34.868245 -31.947195 0 
-39.494973 -28.025078 0 0 0 0 0 0 0 0 0 0 0 0 0 0 0 0 -27.071929 0 0 0 0 0 0 0 0 0 0 0 0 0 0 0 0 0 0 0 0 0 
-26.930124 -39.494973 -28.025078 0 0 0 0 0 0 0 0 0 0 0 0 0 0 0 0 0 0 0 0 0 0 0 0 0 0 0 0 0 0 0 0 0 0 0 0 0 
0 -26.930124 0 0 0 0 -28.251322 0 0 0 0 0 0 0 0 0 0 0 0 0 0 0 0 0 0 0 0 0 0 0 0 0 0 0 0 0 0 0 0 0 
0 0 0 0 0 -28.473371 -27.490227 -28.251322 0 0 0 0 0 0 0 0 0 0 0 0 0 0 0 0 0 0 0 0 0 0 0 0 0 0 0 0 0 0 0 0 
0 0 0 0 0 0 -28.473371 -27.490227 0 0 0 0 0 0 0 0 0 0 -29.136835 0 0 0 0 0 0 0 0 0 0 0 0 0 0 0 0 0 0 0 0 0 
-29.212745 -26.778123 -31.750216 -31.750216 -30.858897 0 0 0 0 0 0 0 0 0 0 0 0 -29.136835 -27.921626 0 0 0 0 0 0 0 0 0 0 0 0 0 0 0 0 0 0 0 0 0 
-27.093631 -26.476903 -26.683405 -27.063344 -27.43162 -27.344622 -26.741076 0 0 0 0 0 0 0 0 0 0 -27.921626 0 0 0 0 0 0 0 0 0 0 0 0 0 0 0 0 0 0 0 0 0 0 
-32.61603 -26.683405 -27.063344 -26.901157 -27.26617 -26.741076 -26.524201 0 0 0 0 0 0 0 0 0 0 0 0 0 0 0 0 0 0 0 0 0 0 0 0 0 0 0 0 0 0 0 0 0 
0 -27.202743 -26.901157 -27.26617 -28.16494 -26.524201 -26.75673 0 0 0 0 0 0 0 0 0 0 0 0 0 0 0 0 0 0 0 0 0 0 0 0 0 0 0 0 0 0 0 0 0 
0 0 -37.145553 -29.311744 0 -26.75673 -26.848955 0 0 0 0 0 0 0 0 0 0 0 0 0 0 0 0 0 0 0 0 0 0 0 0 0 0 0 0 0 0 0 0 0 
0 0 0 0 -31.677886 -27.153564 -27.523421 -30.976754 -35.834296 0 -27.606941 -39.468476 0 0 0 0 0 0 0 0 0 0 0 0 0 0 0 0 -29.771019 0 0 0 0 0 0 0 0 0 0 0 
0 0 0 0 0 -28.138276 -30.976754 -35.834296 0 -27.606941 -26.766496 -26.491442 0 0 0 0 0 0 0 0 0 0 0 0 0 0 0 -29.771019 -39.489678 0 0 0 0 0 0 0 0 0 0 0 
0 0 0 0 -29.557059 -27.770851 0 0 -32.828934 -26.766496 -26.491442 -26.500598 0 0 -37.427723 0 0 0 0 0 0 0 0 0 0 0 0 -39.489678 -29.371103 0 0 0 0 0 0 0 0 0 0 0 
0 0 0 -29.557059 -27.770851 -27.662577 0 0 0 -39.445474 -26.500598 -26.809086 0 -37.427723 0 0 0 0 0 0 0 0 0 0 0 0 0 -29.371103 -30.527496 0 0 0 0 0 0 0 0 0 0 0 
0 0 0 0 -27.662577 0 0 0 -39.445474 -27.447226 -26.809086 -26.790663 0 0 0 0 0 0 0 0 0 0 0 0 0 0 0 -30.527496 0 0 0 0 0 0 0 0 0 0 0 0 
0 0 -30.827716 -33.535775 0 0 0 0 -27.447226 -27.040787 -26.790663 -26.508035 0 0 0 0 -39.530229 0 0 0 0 0 0 0 0 0 0 0 0 0 0 0 0 0 0 0 0 0 0 0 
0 -30.827716 -33.535775 0 0 0 0 0 0 -27.074993 -26.508035 -27.124818 -39.51555 0 0 -39.530229 -30.262429 0 0 0 0 0 0 0 0 0 0 0 0 0 0 0 0 0 0 0 0 0 0 0 
0 0 0 0 0 0 0 0 -30.591977 -27.62663 -27.067367 -27.531692 -27.819387 0 0 -30.262429 -28.207286 0 0 0 0 0 0 0 0 0 0 0 0 0 0 0 0 0 0 0 0 0 0 0 
0 0 0 0 0 0 0 -30.591977 0 -27.067367 -26.843876 -27.819387 -27.819387 -30.911769 0 -28.207286 -27.095872 0 0 0 0 0 0 0 0 0 0 -32.66754 0 0 0 0 0 0 0 0 0 0 0 0 
0 0 0 0 0 0 0 0 -27.543213 -26.843876 -26.843876 -27.819387 -27.193836 -27.374093 -34.075013 -27.095872 -26.961426 0 0 0 0 0 0 0 0 0 -32.66754 -28.231291 0 0 0 0 0 0 0 0 0 0 0 0 
0 0 0 -38.367001 -30.145006 -27.688701 -27.090576 -30.107289 0 -26.843876 -28.641254 -27.193836 -27.374093 -29.34116 -39.480258 -26.961426 -28.292484 0 0 0 0 -39.509674 0 0 0 0 -28.231291 -29.464242 0 0 0 0 0 0 0 0 0 0 0 0 
0 -39.540202 -35.7074 -27.30121 -27.178871 -26.918391 -27.634878 -27.090576 -27.770851 0 0 0 -28.451875 0 -28.34245 -28.34245 -38.504034 0 0 0 -39.509674 -28.551669 0 0 0 0 -29.464242 0 0 0 0 0 0 0 0 0 0 0 0 0 
0 -39.506147 -31.194381 -26.614553 -26.670812 -26.926687 -26.918391 -26.635312 -26.753949 -27.195101 -26.783798 -26.575385 -26.753446 -28.451875 0 -36.62105 0 0 0 0 -28.551669 -27.780631 0 0 0 0 0 0 0 0 0 0 0 0 0 0 0 0 0 0 
0 0 -27.23028 -26.54234 -26.614553 -26.670812 -26.442148 -26.466649 -26.635312 -26.753949 -27.05391 -26.783798 -26.575385 -26.753446 -39.451375 0 0 0 0 0 -27.780631 -28.492492 0 0 0 0 0 0 0 0 0 0 0 0 0 0 0 0 0 0 
0 0 -27.487281 -26.654472 -26.54234 -28.028719 -26.791217 -26.442148 -26.466649 -26.883864 -27.295979 -27.05391 -27.4217 0 0 0 0 0 0 -26.950093 -26.942555 -27.938128 0 0 0 0 0 0 0 0 0 0 0 0 0 0 0 0 0 0 
0 -30.23047 -26.339722 -26.339722 0 -39.504971 -29.935405 0 0 0 0 0 0 0 0 0 0 0 0 -26.574506 -26.950093 -26.942555 0 0 0 0 0 0 0 0 0 0 0 0 0 0 0 0 0 0 
0 -27.40576 -26.339722 -26.34816 -26.659829 -27.853757 0 0 0 0 0 0 0 0 0 0 0 0 0 -27.558128 -26.574506 0 0 0 0 0 0 0 0 0 0 0 0 0 0 0 0 0 0 0 
-27.40576 -27.40576 -26.34816 -26.484895 -26.769108 -26.933201 -28.249079 -30.796934 0 -27.819387 -27.803395 -28.116221 0 0 0 0 0 0 0 0 -27.558128 0 0 0 0 0 0 0 0 0 0 0 0 0 0 0 0 0 0 0 
0 -28.638167 -26.484895 -26.510795 -26.891545 -27.110429 -27.392748 -26.939025 -27.195734 -27.803395 -28.116221 0 0 0 0 0 0 0 0 0 0 0 0 0 0 0 0 0 0 0 0 0 0 0 0 0 0 0 0 0 
0 -28.12619 -26.510795 -26.60516 -26.80247 -26.751439 -26.939025 -27.195734 -26.41745 0 0 0 0 0 0 0 0 0 0 0 0 0 0 0 0 0 0 0 0 0 0 0 0 0 0 0 0 0 0 0 
0 -28.308901 -26.60516 -26.80247 -26.751439 -27.295979 -27.295236 -26.41745 -26.519256 0 0 0 0 0 0 0 0 0 0 0 0 0 0 0 0 0 0 0 0 0 0 0 0 0 0 0 0 0 0 0 
0 -30.42107 -27.090576 -39.459043 -27.62312 -27.295236 -28.858711 -26.519256 -26.607768 0 0 0 0 0 -39.497915 0 0 0 0 0 0 0 0 0 0 0 0 0 0 0 0 0 0 0 0 0 0 0 0 0 
0 -27.090576 -30.286716 0 0 0 0 -26.607768 -26.618765 0 0 0 0 -39.497915 0 0 0 0 0 0 0 0 0 0 0 -28.830034 0 0 0 0 0 0 0 0 0 0 0 0 0 0 
0 -30.286716 0 0 0 0 0 -26.618765 -26.647524 -29.366075 0 0 0 0 0 0 0 0 0 -31.824413 0 0 0 0 -28.830034 -28.698089 -29.443103 0 0 0 0 0 0 0 0 0 0 0 0 0 
0 0 0 0 0 0 -27.085332 -26.647524 -27.465075 0 -39.456094 -29.815646 -31.593456 -27.586607 -28.335179 -29.963047 -39.523185 0 -31.824413 0 -39.514375 -29.579626 -32.707169 0 -28.698089 -29.443103 -27.514222 -27.229609 -30.327816 0 0 0 0 0 0 0 0 0 0 0 
0 -29.790016 0 0 0 0 -27.035534 -27.085332 -28.669369 -39.456094 -39.500855 -34.799096 -27.586607 -28.269432 -29.894659 -27.965128 -27.602378 -28.041565 0 -39.514375 -29.579626 -32.707169 0 -30.412427 -28.198685 -27.514222 -27.229609 -27.234992 -26.939416 -28.185908 0 0 0 0 0 0 0 0 0 0 
0 -27.577734 -29.790016 0 0 0 -27.505134 -27.035534 0 0 0 0 -28.269432 -29.894659 -27.965128 -27.602378 -28.041565 0 0 0 0 0 -30.412427 -28.198685 -28.344884 -26.918391 -26.822952 -26.939416 -28.185908 -28.628948 -28.264878 0 0 0 0 0 0 0 0 0 
-32.058955 0 -27.577734 0 0 0 -27.145368 -26.759787 0 -31.341914 -32.14139 0 0 0 0 0 0 0 -28.287836 0 0 0 0 -34.312953 -26.918391 -26.822952 -28.154606 -31.607353 -28.628948 -28.264878 -28.698089 0 0 0 0 0 0 0 0 0 
0 -32.058955 0 0 0 0 -26.759787 -26.881448 -39.526708 -26.927068 -28.454542 -32.14139 0 0 0 0 0 -28.287836 -39.470833 0 0 0 0 0 0 -35.79163 -36.473191 0 0 -28.698089 0 0 0 0 0 -39.520836 0 0 0 0 
0 0 0 0 -29.790016 0 -26.881448 -39.526708 0 0 -26.927068 -28.454542 0 0 0 0 0 -39.470833 0 0 0 0 0 -39.505559 0 0 0 0 0 0 0 -31.794506 -28.925408 0 -39.520836 -31.854631 0 0 0 0 
0 0 0 -29.790016 -35.7074 -39.503796 0 0 0 0 0 0 0 0 0 0 0 -30.026682 0 0 0 0 -27.464125 -26.828085 -29.282841 0 0 0 0 0 -31.794506 -28.925408 -28.489742 -28.045265 -31.367322 -27.939793 0 -33.315929 -29.721277 0 
0 -39.489678 0 -35.7074 -39.503796 0 -31.552176 0 0 0 0 0 0 0 0 0 0 -39.450195 -30.026682 0 0 -32.384616 -26.508722 -27.464125 -26.828085 -29.282841 0 0 0 0 0 -28.489742 -28.045265 -31.367322 -27.939793 -26.908411 -33.315929 -29.721277 -30.687346 0 
0 -39.501443 0 0 0 -31.552176 0 0 0 0 0 0 0 0 0 0 0 0 -29.557059 -29.411872 0 0 -27.486301 -26.508722 -29.437858 0 0 0 0 0 0 0 0 -30.23047 -26.908411 -30.206814 -28.294815 -29.678817 -29.562674 0 
0 0 0 0 0 0 0 0 0 0 0 0 0 0 -39.450195 0 0 -29.557059 -29.411872 -28.628948 -33.71612 -28.420323 -26.678883 -27.486301 0 0 0 0 0 0 0 0 0 0 -30.206814 -28.294815 -29.678817 -27.71958 -29.132481 0 
0 0 0 0 0 0 0 0 0 0 0 0 0 -39.450195 -39.497326 0 0 0 -28.628948 -33.71612 -29.102341 -26.678883 -26.797367 -26.568858 0 0 0 -35.156061 0 -28.80541 -30.005244 0 0 0 0 -31.471416 -27.71958 -29.132481 0 0 
0 0 0 0 0 0 0 0 0 0 0 0 0 -39.497326 0 0 0 0 -34.133212 -29.102341 -39.530229 -26.797367 -26.568858 -26.568858 0 0 0 0 -28.80541 -30.005244 0 -34.938489 -30.092394 -29.172105 -28.569097 0 0 0 0 0 
0 0 0 0 0 0 0 0 0 -27.154744 -39.509086 0 0 0 0 0 0 0 0 0 0 -39.484969 -26.568858 -26.414689 0 0 0 0 0 0 -34.938489 -30.092394 -29.172105 -28.569097 -27.107161 0 0 0 -29.894659 0 
0 0 0 0 0 0 0 -39.528469 -26.763901 -26.725823 -27.154744 -39.509086 0 0 0 0 0 0 0 0 0 -27.73812 -26.414689 -26.67442 0 0 0 0 0 0 0 0 -28.902832 -27.107161 -28.104382 0 -39.536683 0 -28.747355 -29.894659 
0 0 0 0 -28.675698 -36.098307 0 -27.000198 -26.822053 -26.763901 -26.53186 -27.285644 -28.551669 -34.252163 0 0 0 0 0 0 0 -27.332712 -27.042711 -30.944048 0 0 0 0 0 0 0 0 0 -28.104382 0 0 0 -39.536683 -39.493208 -28.747355 
0 0 0 0 -27.910241 -26.991847 0 0 -27.000198 -26.822053 -26.529365 -26.53186 -27.506138 0 0 -27.681154 0 0 0 -29.381204 0 -26.622864 -27.695042 0 0 -27.858336 -28.156665 0 0 0 0 0 0 0 0 0 0 0 0 -39.493208 
0 0 0 0 -26.991847 -27.028925 0 0 0 0 -26.682785 -26.529365 0 -28.492492 -27.453751 -27.518297 -27.681154 -27.522394 -27.028456 -27.061843 -26.883172 -26.384324 -26.622864 -28.032373 -26.830218 -26.740833 -27.858336 -28.156665 0 0 0 0 0 0 0 0 0 0 -39.510262 0 
0 0 0 0 -27.028925 -27.488261 0 0 0 -26.942948 -26.558857 -26.777855 -30.879908 -27.540054 -27.453751 -27.965128 -27.928193 -27.18818 -26.71843 -26.571017 -26.563743 -26.652957 -26.384324 -27.619626 -28.032373 -26.830218 -26.740833 -39.489678 0 0 0 0 0 0 0 0 0 0 0 -39.510262 
0 0 0 0 0 -27.309514 0 0 0 0 -26.922898 -27.40576 0 -29.217324 -31.692206 -29.163214 0 -27.928193 -27.18818 -26.71843 -26.571017 -26.563743 -26.652957 -39.160232 -27.735447 -30.198987 0 0 0 0 0 0 0 0 0 0 0 0 0 0 
