NCOLS 40
NROWS 283
XLLCORNER 276896.32
YLLCORNER 3833168.9
CELLSIZE 10
NODATA_VALUE -9999
-3.5527137e-15 0.08050311 0.058558108 0 0.083835676 189.65496 -3.5527137e-15 2.6645353e-15 0 0.023536292 0.04410327 -1.0658141e-14 -7.1054274e-15 -1.7763568e-15 60.112411 0.030848464 0.056062154 -1.7763568e-15 -7.1054274e-15 0.079911785 0.018667397 0.061832328 0.0051498676 160.54222 133.38233 0 0 0 0 0 0 81.122569 -7.1054274e-15 -3.5527137e-15 7.1054274e-15 0 -3.5527137e-15 0 0 0 
0 0 0.038303248 0.0238135 0.025079152 0.022077852 7.1054274e-15 0.046778106 0.026009561 0.024049008 0.020816179 0 0 7.1054274e-15 1.4210855e-14 0 0 7.1054274e-15 0.032776571 0.036130103 -3.5527137e-15 0.044588236 0.011392309 0.051743749 0.14826215 29.136766 388.63072 0 0 0 0 159.58805 0 3.5527137e-15 1.0658141e-14 3.5527137e-15 0 3.5527137e-15 3.5527137e-15 0 
0 0.98584974 0.008016129 0.0055147658 0.0012745477 0.0027147996 0.0061989254 0.088455354 3.5527137e-15 0.04569629 0 0 0 7.1054274e-15 -3.5527137e-15 0 -3.5527137e-15 -7.1054274e-15 0.0082132298 0.04076854 0.022592321 0 0.035401658 0.10759312 0.15928068 0.065408829 158.56907 0 0 0 0 0 121.37581 7.1054274e-15 0 -7.1054274e-15 0.037140713 0.0096960393 0 0 
0 7.6168151 0.10072104 0.070607902 0.049136247 0.034771307 0.021029754 7.8945063e-05 0.022659326 0 0.010994703 0 0 0 0 3.5527137e-15 3.5527137e-15 3.5527137e-15 0 -7.1054274e-15 0.01927876 0.0099673867 0.059480831 0.16053742 0.07929029 0 -3.1086245e-15 50.740077 13.764006 0 0 0 113.56911 3.7747583e-15 0 0 0.03339837 0 0 0 
0 2.593056 28.338461 48.132692 211.47675 24.392646 0.036329304 0.00037011231 -3.5527137e-15 0 0 0 0 0 0 0 0 0 0 3.5527137e-15 0.0024225678 0.071764456 0.10968789 0.020980788 0.0043683299 0 0.022398717 0.091762188 63.530678 42.585418 19.423948 0 25.47544 259.67252 0.096722478 -7.1054274e-15 0.040950739 0.025850662 0 0 
0 0 12.889688 68.982178 125.90656 0.049495812 0.093347272 7.1054274e-15 0.0037728079 7.1054274e-15 0 0 0 0 0 0 0 0 0 0 0.041256204 0 0.011654968 -3.5527137e-15 0.015926253 -7.1054274e-15 0 7.1054274e-15 203.18163 0 0 0 0 18.165785 53.787913 0.037910307 0.034392632 0 0.030274028 0 
38.507148 31.070295 71.269206 0.052249876 -2.1316282e-14 0.11455317 0.073592665 7.1054274e-15 0.034786326 0 0.016439824 0 0 0 0 0 0 0 3.5527137e-15 0 0 0 0.02455272 0.039551938 0.049895893 3.5527137e-15 0 45.208229 79.586491 0 0.05617923 0 0 82.03143 147.38097 0.059060715 0 3.5527137e-15 0 0 
0.52014395 0.042243267 -1.7763568e-15 -3.5527137e-15 2.3592239e-15 -7.1054274e-15 0.071955609 0 0.038702883 0 0 0 0 0 0 0 0 0 0 0 0 0 0 3.5527137e-15 0 0.020226931 0.043650088 482.63978 0 0 0 0 0 -2.220446e-16 188.20291 2.8033131e-15 0 -3.5527137e-15 -3.5527137e-15 0 
34.900044 8.8817842e-16 0.016059924 0.0045322058 7.1054274e-15 3.5527137e-15 3.5527137e-15 0 0 0 0 0 0 0 0 0 0 0 0 0 3.5527137e-15 -3.5527137e-15 3.5527137e-15 0 0 0 351.94732 245.44607 0 0 0 3.5527137e-15 -3.5527137e-15 -1.7763568e-15 0 228.75328 3.5527137e-15 -3.5527137e-15 0 19.807036 
11.47146 0 -3.5527137e-15 0 0 3.5527137e-15 0 -3.5527137e-15 0 0 0 0 0 0 0 0 0 0 0 0 0 0 0 0 0 0.026142348 0.32075113 2.00702 0 0 13.868986 0 0 23.51431 14.517337 71.829315 0 0.027119428 0.018225923 0 
0 86.601505 3.5527137e-15 0 0 0 0 0 0 0 0 0 0 0 0 0 0 0 0 0 -3.5527137e-15 0 0.030823295 0 0.11137769 0.015101837 -3.5527137e-15 0.20668633 0 0 0 0 0.028017006 28.67914 0 0 0 57.107642 7.1054274e-15 0 
0 79.820363 -7.1054274e-15 0 0 0 0 0 0 0 0 0 0 0 0 0 0 0 0 0 3.5527137e-15 0.02116613 0.059549543 0.044247238 0.080460756 0.099535512 0 0 0 0 0 0.019964373 1.6653345e-15 13.742735 0 0 0 73.54233 -7.1054274e-15 0 
0 0 0 0 0 0 0 0 0 0 0 0 0 0 0 0 0 0 0 0 0 3.5527137e-15 0.031430012 0.012577451 0.10527691 762.63623 661.28983 0 0 0 0 0 0 17.679474 0 0 0 75.219776 0 0 
0 4.6558336 0 0 56.148084 1.0747205 0 0 0 0 0 0 0 0 0 0 0 0 0 0 0 0 -7.1054274e-15 3.5527137e-15 0.076516118 251.0992 94.028482 0.0098900701 -3.5527137e-15 0 0 0 -1.7763568e-15 40.09562 0 0 0 0.39328249 0.008039605 0 
0 0 0 0 45.543737 14.786606 14.48138 3.1060224 0 0 0 0 0 0 0 0 0 0 0 0 0 0 0 0.0013033483 0.35178595 0.21303909 0 0.0026947232 0 0 0 -3.5527137e-15 91.036608 143.30065 0 31.040774 0 0 90.288259 0 
0 0 0 0 0 9.8040685 0.0022701107 0.20857712 8.0809508 0 0 0 0 0 0 0 0 0 3.5527137e-15 0.024117399 0.035799466 0 0.05324203 0.032185265 0.18169872 0.1637066 0.015319914 0 0 0 0 237.18846 68.735562 1.110223e-16 9.9920072e-16 0 112.1726 158.2594 3.5828985 29.356275 
0 16.078907 0 0 18.968056 29.348615 -3.5527137e-15 3.5527137e-15 1.7763568e-15 0 0 6.8172833 0 0 0 0 0 -3.5527137e-15 0 0 0 0.049484426 0.067566569 22.214672 0.04191425 0.020262761 -3.5527137e-15 0 0 0 76.026297 332.70749 0.086525849 0.078560603 3.5527137e-15 0.17810849 0.035871089 0 0 0 
0 69.406193 131.65361 27.362601 56.687717 1.3322676e-15 3.5527137e-15 0.038931064 3.5527137e-15 0 0 2.220446e-16 16.061751 7.2402554 0 0 0 0 0 -7.1054274e-15 0 -3.5527137e-15 -5.3290705e-15 0 18.470332 0 0 0 0 0 0 9.3468842 0.060663644 -7.1054274e-15 3.5527137e-15 0.18411053 0.028356162 209.83709 0 0 
0 0 0.067000587 61.585622 24.761515 0 0.027275104 -3.5527137e-15 0 0 0 -1.110223e-16 -1.7763568e-15 0 12.268378 0 0 0 -3.5527137e-15 -3.5527137e-15 260.28389 129.84655 0 9.5613329 75.877387 0 0 0 0 0 0 -7.1054274e-15 3.5527137e-15 0.067066951 -3.5527137e-15 0.060650927 0.16274992 0.10125649 -3.5527137e-15 0 
0 75.23852 6.1750535 0.065372973 0.040530162 -7.1054274e-15 0.010181558 0 0 0 0 0 0 0 80.423982 0 0 -3.5527137e-15 0 0 149.768 0 28.071239 14.303112 7.8090473 0 0 0 0 217.14157 0.0049935559 0.083984755 0.0026237163 0.039869379 0 0.082952143 0 7.1054274e-15 0 0 
0 56.140227 0.026564968 0.054251713 0.039952917 0 3.5527137e-15 0 0 0 0 0.037442285 0.032813638 0 33.107986 38.861904 0 3.5527137e-15 3.5527137e-15 -3.5527137e-15 110.92162 121.36824 18.760231 0.01238888 8.8817842e-16 0 0.073938985 344.8499 184.8667 0.076939713 0.021293445 0.043900068 3.5527137e-15 3.5527137e-15 3.5527137e-15 0.11008381 7.5220666 0 0 0 
0 134.74783 0.01428409 0.068181758 -3.5527137e-15 0.032561143 0 0 0 0 0 0 0 -3.5527137e-15 90.614092 0 0 0 0 162.64725 320.27427 149.33668 -7.1054274e-15 3.5527137e-15 0 0 0 288.17511 80.529897 0.16602048 0.1204619 0.057640611 0.0040547943 0 -7.1054274e-15 0 0.028475124 0 0 0 
70.26589 -1.7763568e-15 0.0021650698 0.0080123135 -3.5527137e-15 0 0 0 0 7.1054274e-15 0 0 0 0 0 0.035686329 0 0.14148289 0.19753821 143.30235 22.252552 3.5527137e-15 3.5527137e-15 3.5527137e-15 0 0 0.04960913 0.10745729 0.089385947 0.068890658 0.04636803 0.050824237 0.026755911 0 0 -7.1054274e-15 0 0 0 0 
136.1499 0.029695639 0.0069533499 0.0092317527 0 0 0 0 0 0 0 0 -3.5527137e-15 3.5527137e-15 0.039692871 0.039845877 0.1112431 0.18783838 3.5527137e-15 0.47156209 3.5527137e-15 0 0 0 0 0 0.046864513 0 0.027209908 0.013191767 0.031612664 0.060848349 0.026696847 3.5527137e-15 -3.5527137e-15 1.2212453e-15 15.831941 18.661681 0 0 
0 0.014584238 3.5527137e-15 0.026897443 0 0 0 0.0022719957 0 0 0.030678528 0.012159951 0.12523214 0.021970604 0.057395987 0.0968412 0.10826857 1086.6988 -8.8817842e-16 0 0 -3.5527137e-15 0 0 0.53193676 0 91.497805 0.0052369998 0.014694411 0.020583552 -3.5527137e-15 -3.5527137e-15 0.037862861 0 0 6.7894909 116.82182 8.8817842e-16 18.401881 0 
0 0.032109882 0 -3.5527137e-15 0 0 0 0 0 0 0.034961622 0.11662947 0.029376651 0.040227714 0.035128626 0.029549863 211.9949 1012.6629 0 0 0 0 0 0 0 445.63229 283.73901 0.015532624 0.00011286052 0.090043277 0.030180681 0.023773115 -4.9960036e-16 0 -4.4408921e-16 -7.1054274e-15 0 -3.5527137e-15 1.7763568e-15 0 
0.051119081 0.025533566 0.034800043 0 0 0 0 0 0 -3.5527137e-15 0 0 -3.5527137e-15 0.076922508 0.070393019 30.79586 0.41810806 25.828751 0 -1.7763568e-15 0 0 0 0 0 0.10300651 0.17783416 0.019897116 0.0016415406 0.0069290972 7.1054274e-15 -2.553513e-15 -1.4432899e-15 49.034038 0 0 0 0 0 0 
0.056790269 0.024563139 0 0 0 6.5383828 0 0 0 3.5527137e-15 -3.5527137e-15 0 3.5527137e-15 3.5527137e-15 0.15481038 0.33543974 10.422638 0.023628268 0 0 0 0 0 0 0 0.034507679 0.1038757 0.085159319 0.0010638006 0.0012684149 0.015778651 0.025771655 1.6653345e-16 0 0 0 0 0 0 0 
3.5527137e-15 3.5527137e-15 0 0 0 0 0 52.315769 0 0 3.5527137e-15 -3.5527137e-15 0 7.1054274e-15 3.5527137e-15 0.060605478 0.0671247 0 0 0 0 0 0 0 0 0.014223848 0.081103276 0.030446845 0 0 0.0027185657 0 0 -1.9984014e-15 0.12419865 0 0 0 0 0 
0 0 0 0 0 0 3.5527137e-15 60.140071 0 0 0 0 0 3.5527137e-15 0.040778684 0.02625266 0.080140614 0 0 0 0 0 0 0 0 247.48198 28.205175 0.026563821 0.030429578 -3.5527137e-15 3.5527137e-15 0 3.5527137e-15 0 0.0017206122 0 0 0 0 0 
0 0 0 0 0 0 -7.1054274e-15 0.47862327 51.13759 0 0 0 15.903155 0 0 3.5527137e-15 0.03537448 3.5527137e-15 0 0 0 0 0 0 353.74595 1.9494386 0.056668207 0.055812003 0.071930798 0 0 0.02589929 0 0 0 0 0 0 0 0 
0 0 0 0 0 0 0 0 82.622507 0 0 0 39.125441 0 126.65243 167.30036 0.058986599 0 0 0 0 0 0 89.275282 5.7774886 0.054419266 0.018381512 0.057754272 3.5527137e-15 0 -3.5527137e-15 0 0 0 0 0 0 0 0 0 
0 0 0 0 0 -3.5527137e-15 0 -8.8817842e-16 0 37.95673 0 0 3.7553119 0 0 0.11692957 0.0044456392 0 0 0 0 0 51.032775 4.4408921e-16 0 -3.5527137e-15 0.075246366 0.090662055 0.057259569 0 0 0 0 0 0 0 0 0 0 0 
0 0 0 0 0 0 0 0 0 1.7763568e-15 5.5216585 0 0 1.26935 1.0130785e-15 0 0.022357815 0 0 0 0 0 0.78175725 0 0 -4.4408921e-16 0.054794369 0 -3.5527137e-15 0.028985859 0 0 0 0 0 0 0 0 0 0 
0 0 0 0 0 0 0 -3.5527137e-15 0.067421788 0.027801111 135.07524 0 0 0 0 3.5527137e-15 -3.5527137e-15 0 0 0 2.3914559 19.094506 28.521036 58.987299 117.02065 1.3322676e-15 0.080410183 0.025991429 0 0 0 0 0 0 0 0 0 0 0 0 
0 0 0 0 0 0 0.01941896 142.60718 31.519032 0 88.395797 80.141532 0 0 0 0 0 0 0 0 108.58724 0.022176921 9.4579084 28.136886 0 1.4210855e-14 3.5527137e-15 0.043778747 0 0 0 0 0 0 6.1792197 0 0 0 0 0 
0 0 0 7.9520418 0 3.5527137e-15 129.71462 24.291626 0 0 0.0069325107 97.633913 0.64521762 0 0 0 0 0 0 55.137582 0.025615587 0.013392906 -3.5527137e-15 8.8817842e-16 -1.7763568e-15 0 0 3.5527137e-15 0 0 0 0 0 0 3.7989587 0 0 0 0 0 
0 0 0 -1.7763568e-15 0 0.022799094 61.650107 0 0 0.039857602 0 -1.7763568e-15 0 25.738018 0 41.921399 1.7395711 236.78742 268.74959 122.68311 0.16564481 0.0043661591 0 0 0 0.0025812299 0 0 0 0 0 0 0 0 35.809037 0 0 0 0 0 
0 0 -1.7763568e-15 0 0 43.344991 0 0 0 0 0 0 0.74789503 0 0 0 0.029675468 0 -1.0658141e-14 -7.1054274e-15 0.13632892 0 0 0 0 0 0 0 0 0 0 0 0 0 15.177855 0 8.4715672 211.58578 20.833663 0 
0 0 0 0 0 51.636325 0 0 0 0 0 0 0 0 0 0 3.5527137e-15 -3.5527137e-15 0 -1.0658141e-14 1.0658141e-14 0.068883538 0 0 0 0 0 0 0 0 0 0 0 0 0 0 211.58356 0.15310973 0.059721757 23.10551 
0 0 0 0 0 29.67385 0 0 0 46.181182 56.713441 42.430475 0 0 2.0030742 0 0 0 0 0 -3.5527137e-15 0.048067527 0 0 0 0 0 0 0 0 0 0 0 0 0 0 0.028403704 -3.5527137e-15 0.030280448 0.026998983 
0 0 0 0 7.1054274e-15 37.737787 0 0 0 0 -3.5527137e-15 -3.5527137e-15 23.47969 0 0 0 0 0 0 30.89514 0.0038255145 0 0 0 0 0 0 0 0 0 0 0 0 0 0 0 0 0.056214936 0.012918717 0.027922375 
0 0 0 0 -3.5527137e-15 62.815425 0 0 0 0 0 -1.7208457e-15 0 0 0 0 0 0 9.8324295 112.61108 0.026735061 0 57.584844 36.159734 0 0 0 0 0 0 0 0 0 0 32.516701 235.72771 -3.5527137e-15 0 0.015416021 0.014668409 
0 0 0 -1.3877788e-17 0.23490272 0 43.549702 0 35.744319 0 -4.4408921e-16 15.400653 0 0 0 0 0 0 60.157106 0 -3.5527137e-15 0 0 0 0 0 0 0 0 0 0 0 0 0 90.640385 6.7858351e-05 3.5527137e-15 0.02370527 0.026756015 0 
0 0 0 0 0.063352187 47.691895 1.7763568e-15 0.0079174817 0 2.7499993 22.989332 0 0 0 0 0 0 84.992307 29.811324 0.13925361 0.083580164 0 0 0 0 0 0 0 0 0 0 0 0 0 -3.5527137e-15 0 0.024523866 0.00157586 -3.5527137e-15 0 
0 0 0 0 55.243726 101.78598 0 0 0 0 0.012862473 139.22584 123.79069 187.40838 48.335017 12.377687 11.355129 77.110803 0 0.010890254 0.0065086175 0 0 0 0 0 0 0 0 0 0 0 0 0 0 0.015135538 0 0 0 0 
0 0 0 0 67.332705 0.043257273 0 0 0 0.025413189 0 0 0.044384718 0.093702886 0.10479143 0.074305307 52.103199 106.04141 5.3290705e-15 0 -3.5527137e-15 0 0 0 0 0 0 0 0 0 0 0 1.9891107 0 0 0.0063789035 0.033500531 0 0 0 
0 0 0 0 170.79969 0.12663325 0 0 0 0 0 0 0.059413345 0.15905161 -2.942091e-15 0 0.024629976 41.575285 0.034813899 0 0 0 0 0 0 0 0 0 0 0 0 0 0 0 0 12.729424 0 0 0 0 
0 0 0 0 0 0.16788313 0.0233901 0 0 0 0 0 0.086691958 0 3.3306691e-16 0 0 0 3.5527137e-15 3.5527137e-15 0 0 0 0 0 0 0 0 0 0 0 0 0 0 0 0 0 0 0 0 
0 0 0 5.4293615 1.8480538 4.8950911 0.02980532 0 0 0 0 0 0 -2.7755576e-16 1.5543122e-15 0 0 -3.5527137e-15 0 0 0 0 0 0 0 0 0 0 0 0 0 0 0 0 0 0 0 0 0 0 
0 0 0 0 0 274.74983 2.6645353e-15 3.5527137e-15 0 0 0 22.304154 150.7512 0.030246442 0 0 0 0 0 0 0 0 0 0 0 0 0 0 0 0 0 0 0 0 0 0 0 0 0 0 
0 0 0 127.26844 364.7078 0.1374086 0.11121625 0.13625112 0.0069483264 0 0 137.59405 0.014154235 -3.5527137e-15 0 0.27662352 6.5884525 0.37690794 0 0 0 0 0 0 0 0 0 0 0 0 0 0 0 0 0 0 0 0 0 0 
0 0 229.34866 206.12563 0.01042022 0.10832216 0.15523606 0.13976592 0.068710702 48.600392 65.286109 7.1054274e-15 -3.5527137e-15 -3.5527137e-15 0 0 0 0 0 0 0 0 0 0 0 0 0 0 0 0 0 0 0 0 0 0 0 0 0 0 
0 200.4616 7.1054274e-15 1.0658141e-14 -2.6645353e-15 -1.3322676e-15 0.10255238 0.0077368184 3.5527137e-15 -2.220446e-15 0.023517398 1.4210855e-14 -3.5527137e-15 0 0 0 0 0 0 0 0 0 0 0 0 0 0 0 0 0 0 0 0 0 0 0 0 0 0 0 
39.682645 0.099078526 0.042387647 0.055544862 1.4210855e-14 -7.1054274e-15 0 0.05443661 -3.5527137e-15 -3.5527137e-15 3.5527137e-15 0 0 0 1.7763568e-15 72.641461 0 0 0 0 0 0 0 0 0 0 0 0 0 0 0 0 0 0 0 0 0 0 0 0 
0.033961395 0.065705203 0.022995749 0.023290755 -3.5527137e-15 -1.7763568e-14 -7.1054274e-15 -3.5527137e-15 7.1054274e-15 -3.5527137e-15 0 0 0 0 3.5527137e-15 0 0 0 0 32.918985 0 0 0 0 0 0 0 0 0 0 0 0 0 0 0 0 0 0 0 0 
0.071468353 3.5527137e-15 0.034758245 0.033732056 3.5527137e-15 3.5527137e-15 0 0 3.5527137e-15 0 0 0 0 0 -7.1054274e-15 50.955632 0 0 0 44.124596 0 0 0 0 0 0 0 0 0 0 0 0 0 0 0 0 0 0 0 0 
0.029790139 -7.1054274e-15 0.025328804 0 7.1054274e-15 0 -7.1054274e-15 0 -3.5527137e-15 0 0 0 0 0 0 0 80.92728 0 0 91.584591 0 0 0 0 0 0 0 0 0 0 0 0 0 2.3566774 0 -1.7763568e-15 3.0545629 83.832249 0 -3.5527137e-15 
0.033546541 0 0 3.5527137e-15 -3.5527137e-15 7.1054274e-15 0 0 0 0 0 0 0 0 0 0.00041015252 92.379824 0 -1.4210855e-14 57.620371 0 0 0 0 0 0 0 0 0 0 0 0 0 0.61307342 0 0 0 0 0 17.171411 
0 3.5527137e-15 0 0 0 0 0 0 0 0 0 0 0 0 0 0 93.37348 0 0 32.952694 0 0 0 26.647884 0 0 0 0 0 0 0 0 0 48.121342 0 0.021670702 0 0 0 0 
3.5527137e-15 0 0 -4.4408921e-16 2.2297116 0 0 0 0 0 0 0 0 0 0 0 32.862049 0 0 0 0 0 0 0 34.935987 0 0 0 0 0 0 0 0 40.304246 0.004056461 0 0 0 0 0 
0 0 0 0 0 0 0 0 0 0 0 0 0 0 0 0 0 3.9569584 0 0 0 0 0 -3.5527137e-15 64.441028 0 0 0 0 0 0 0 0 0 0.093887858 0 0 0 0 0 
0 0 0 0 0 0 0 0 0 0 3.5527137e-15 0 0 0 -7.1054274e-15 0 0 -1.7763568e-15 0 22.459343 0 0 0 0 67.814293 0 0 0 0 0 0 0 0 0 0 0 0 0 0 0 
0 0 0 0 0 0 0 0 0 0 0 -3.5527137e-15 0 0 0 69.285141 0 0 44.057314 0 0 0 0 0 66.9982 0 0 0 0 0 0 0 0 0 0 0 0 0 0 0 
0 0 0 0 0 0 0 0.0014808768 -3.5527137e-15 0.011008068 10.300635 0 0 0 0 0 0 0 39.412853 0 0 0 0 0 52.990883 0 0 0 0 0 0 0 0 0 0 0 0 0 0 0 
0 0.036273001 0 0.037249911 0.024152589 0 3.5527137e-15 209.38864 0.16667972 1.8792716 108.43653 0 0 0 0 0 0.0046661905 3.5527137e-15 49.816477 0 0 0 0 0 8.1738003 0 0 0 0 0 0 0 0 0 0 0 0 0 0 0 
0 0 -3.5527137e-15 0 0 0 0.003465808 0 127.54496 43.713053 0 37.455016 0 0 0 0 9.635019 -3.5527137e-15 29.532474 0 0 0 0 0 0 0 0 0 0 0 0 0 0 0 0 0 0 0 0 0 
0.054694722 0.0093254705 0.019664907 0.059565069 0.035106841 0.011443081 0.038050306 17.293521 0.035867146 109.94609 13.973926 0 0 0 0 0 0 1.7763568e-15 2.0122792e-16 0 0 0 0 0 0 0 0 0 0 0 0 0 0 0 0 0 0 0 0 0 
0 0.060235932 0.0362584 0.053387044 0.11792587 0.067274356 0.11277101 0.22395093 31.978787 55.147493 38.426237 0 0 0 0.022047166 0.01309813 0 0 0.0033081015 5.8306531 0 0 0 0.028750636 0.015294405 0 0 0 0 0 0 0 0 0 0 0 0 0 0 0 
0 -3.5527137e-15 0.017823505 -3.5527137e-15 0.021358293 3.5527137e-15 0.011049146 0.076040493 0.27315656 4.9725324 0.9692226 0 0 0 0 0 0 9.9472569 2.8901787 0.048757108 0.0075828999 0 3.5527137e-15 0 0 0 0 0.087340578 0 0 0 0 0 0 0 0 0 0 0 0 
0 0 0 0.064635408 -3.5527137e-15 0.16070518 0.030159743 0.10180933 0.19464662 0.19108588 0.63859215 0 5.8364625 45.26685 85.255026 102.5472 35.65572 0 0 0 0.044778686 3.5527137e-15 0 0 4.4408921e-15 57.269137 7.3957044 0 0 0 0 0 0 0 0 0 0 0 0 0 
0 0 0 0 -7.1054274e-15 0.017325692 480.66031 0.064497351 0.38351392 0.8422961 279.69038 0 0 0 0 0 0 0 0 0 50.394774 0.018334552 0.040675423 152.24935 60.490592 0 0 0 0 0 0 0 0 0 0 0 0 0 0 0 
0 0 14.633842 0 3.5527137e-15 -7.1054274e-15 162.38153 2.1650606 0.068358464 0.32733734 592.14771 59.048046 0 0 0 0 0 0 0 0 0 -8.8817842e-16 73.176347 0 0 0 0 0 0 0 0 1.6397395 0 0 0 0 0 0 0 0 
0 0 0 0 0 0 0.035801541 0.0025882459 0.012575789 0.014318607 0.042204264 55.944541 0 0 0 0 0 0 0 0 0 6.659617 0 0 0 0 0 0 0 0 0.33738709 0 3.5650439 0 0 0 0 0 0 0 
0 0 0 0 0 0 0 0 3.5527137e-15 0.028118698 0.053376 63.784855 0 0 0 0 0 0 0 0 62.486687 65.523335 123.78289 90.096634 77.062386 60.259463 82.286599 0 0 0 0.56581118 -3.3306691e-16 0 0 0 13.624075 19.960082 0 0 0 
0 0 0 0 0 0 0 0 0 0 0.033644686 18.480945 0 0 0 0 0 0 0 147.03495 0.16939133 -7.1054274e-15 -3.5527137e-15 0.032541574 0.026233957 0.068933656 0.055423785 277.79418 0 0 94.715415 0.02434651 -4.4408921e-16 31.991203 51.830728 0 3.0109055 74.822241 0.10947136 0 
0 0 0 0 0 0 0 0 0 0 0 38.425045 0 0 0 0 0 54.769963 195.29732 0.11034314 0.10134798 0.1131601 3.5527137e-15 -3.5527137e-15 -7.1054274e-15 0.021585031 0.043308972 0.10358922 356.01692 811.7868 416.84491 3.5527137e-15 0.0014073552 8.8817842e-16 0 0.010177399 -3.5527137e-15 0.0013125603 33.471945 0 
0 0 0 0 0 0 0 0 0 0 0 0 0 0 0 -7.1054274e-15 101.73565 220.35812 0.017370101 0.044837761 0.033890542 -3.5527137e-15 0 3.5527137e-15 0 0.01400695 0.061988731 0.1494114 0.12040636 0.0079526569 0.16258942 3.5527137e-15 0 0 0 0 -3.5527137e-15 3.5527137e-15 42.147707 0 
0 0 0 0 7.1054274e-15 18.025753 0 0 0 0 0.0076204845 3.2159944 0 0 0 79.399045 531.86465 0.14411065 0.020342553 0.065767361 0.098280896 0.02811745 0 -4.4408921e-16 3.5527137e-15 0.019343944 0.014072311 0.09626016 0.12271236 0.5144342 0.096751753 0 0 0 0 0 3.5527137e-15 0 74.061796 0 
0 0 0 0.013372515 0 0 0 0 0 3.5527137e-15 -3.5527137e-15 0.0038924746 0 0 0.020099483 0 0.10134913 0.12146106 0.063208311 0.067999363 0.010224557 0.025495812 0 7.1054274e-15 0.017290979 0.048219677 0.040272267 0.092566406 0.015120109 0.13921021 0.062132307 0 0 0 0 0 0 0 42.260597 0 
0 0 0 0 7.1054274e-15 0 0 0 0 -3.5527137e-15 3.5527137e-15 -7.1054274e-15 0.0012612702 2.220446e-16 320.63929 0.61346683 0.14826634 0.070564389 0.030769483 0.0077967559 -7.1054274e-15 0.020250962 36.614475 -2.6645353e-15 0.013012599 0.042817983 0.013627377 0.0082084527 -1.4210855e-14 0.13916589 0.099018366 0 0 0 0 0 0 3.5527137e-15 42.563531 0 
0 0 0 0.015838406 -4.4408921e-16 0.029792626 7.1054274e-15 0 0.014957543 0.3609815 0.028928483 0 294.35559 23.950825 0.42137387 0.11308946 0.067990602 0.19127894 0.013857401 0.033650852 7.1054274e-15 -7.1054274e-15 7.1054274e-15 3.5527137e-15 0 0.0025756545 0.025490939 0.11357631 0.062608148 0.025336775 0 0 0 0 0 0 0 0 50.058317 0 
0 0 0 0 0.054156435 0.061837996 672.89462 7.4570765 38.529542 0.39542749 0.2406517 359.36237 97.177034 1.7954622 0.046836799 0.068932956 0.099941513 0.075871691 0.08151229 0.020875635 0 0.01130914 0 0 0.005700439 0 0.045800053 0.027494315 0.14501336 0.054435919 0 0 5.5046852 0 11.575208 0 0 0 69.418327 0 
0 0 0 0 0 43.684143 0 0 10.032345 119.56681 84.550191 131.27638 0.081511046 0.081694354 0.023697498 0.052263226 0.13524548 0.044870994 0.099444411 0.058630533 0.0022239503 0.0021957416 -3.5527137e-15 -7.1054274e-15 0 3.5527137e-15 0.063973799 0 0.009773618 0.119464 147.29056 0 0 1.1300469 0 222.94975 3.5930263 0.17593436 124.00757 0 
0 0 0 0 0 3.9697034 0 0 0 220.401 0.10995605 0.023176715 0.088316956 0.036820983 0.014850457 0.010437184 0.047245594 0.019080787 0.020199342 -7.1054274e-15 0.047120539 -3.5527137e-15 0.012793791 3.5527137e-15 0.034447676 0.030271511 0.033781303 0.022268675 0.008419254 0.037452916 136.13467 163.52937 64.153881 16.910759 40.627011 0 0.028986371 261.58472 0 0 
0 0 0 3.5527137e-15 0 0.03409007 0 0 88.205786 0 0.076990839 0.13191273 0.052726108 0.040100372 3.5527137e-15 0.048643921 0.0082356777 0.068248814 0.078920869 7.1054274e-15 3.5527137e-15 0 0.016927926 0 0.033384466 0.012043094 0.018511274 0.0027043877 0.070080413 0.078675939 0.024707837 0 1.7763568e-15 0.012449156 0.15282188 0.10305761 0 242.55631 0 0 
0 0 0 0.003901081 0.037491228 58.186921 29.15078 13.80925 0 59.772823 22.272422 0.15451175 0.11655231 0.012717186 0.033955534 0.066649425 0.048941127 1.4210855e-14 7.1054274e-15 0.025676186 3.5527137e-15 0 0 0 0 0 -7.1054274e-15 0.091296702 0.1406917 0.14216407 0 0.0049381847 0.025252855 0.043115867 0.17554468 0.052257776 0.26856636 73.170812 275.85081 0 
34.322059 0 0.054858914 0 115.04437 0 109.70361 0.036269468 0 53.476479 0.0063369447 1.7763568e-15 0.18528433 0.054513428 0.055125802 0.0062223845 -8.8817842e-16 1.7763568e-15 3.5527137e-15 0 0 -3.5527137e-15 0 0 0 0 0 3.5527137e-15 0 0 0.027423251 0 0.024424439 0.12440743 0.21564347 0.086885882 0.084334135 0.02748189 0.1339015 69.87411 
0 52.48241 1.3322676e-15 84.725243 0 31.011924 0.069812189 0.045032689 0.024127719 0 0.0099953359 0 0 0 48.052349 17.198604 0 -3.5527137e-15 -3.5527137e-15 0 3.5527137e-15 0 0 0 0 3.5527137e-15 0.036175192 0.016622343 0 0.037973076 0.038606973 0.037066055 0.075919795 0.013636163 3.5527137e-15 0.094286552 0.039597057 0.12196564 0.04911962 40.64641 
0 0 29.975915 0 0 71.595398 1.0658141e-14 0 0 0 12.968891 0 1.4210855e-14 0 0 53.997875 1.7763568e-15 3.5527137e-15 0 0 0 0 0 0 0 0 0 0.028088523 0 0.034653158 0 0.029049017 0.016617346 0.027821076 0.023621901 0.041131668 0 0.024781288 0.015174449 0 
0 0 0 0 0 44.906694 7.1054274e-15 -3.5527137e-15 0 0 0 39.162013 0 0 0 34.676113 3.4279263 -7.1054274e-15 0 -3.5527137e-15 0 0 0 0 0 0 0 0 0 0.016324308 0 0.0020937101 0.054732481 0.040204646 0.0011103236 0.002032368 0.071743766 0.074541791 0.075528197 0.41075487 
0 0 0 0 0 39.282909 0 -3.5527137e-15 -1.7763568e-15 0 0 0 0 0 0 11.676284 1.7763568e-15 0 0 0 0 0 0 0 0 0 0 0 0 0 0 0 0.059045109 0.034033619 0 0.057383241 4.294806 76.263932 267.71008 0 
0 0 0 0 0 0 0 0 0 0 30.878065 0 0 0 0 0 49.926669 -7.1054274e-15 0 0 0 0 0 0 0 0 0 0 0 0 0 0 0.10484567 0.058833193 0.043645376 0.03878977 0.30906645 206.92819 136.9618 172.09028 
19.502002 0 0 0 0 0 0 0 0 0 0 0.78680951 -7.7715612e-16 0 0 0 52.57598 0 0 0 0 0 0 0 0 0 0 0 0 0 0 0 0.056751998 0.057792291 0.095080483 0 0.07985011 1.110223e-15 0.033605498 320.5764 
0 44.874164 34.646281 0 0 0 0 0 0 0 5.2677247 0 0 0 0 0 60.055835 -3.5527137e-15 0 0 0 0 0 0 0 0 0 0 0 0 0 23.528875 0.027291132 0.067443063 0 -3.5527137e-15 0.067922016 0.22399684 0.058173085 22.96762 
0 0 0.028073625 16.752925 76.421418 0 0 0 0 0 38.374529 3.5527137e-15 0 0 0 0 80.197681 3.5527137e-15 0 0 0 0 0 0 0 0 0 0 0 0 0 0 -7.1054274e-15 0.0030409357 0 0.023992038 0.24844215 -1.0658141e-14 0.064854451 279.04719 
0 0 0 0.024992988 325.83634 216.55188 0 0 0 0 62.720069 0 0 0 0 44.064388 -1.7763568e-15 3.5527137e-15 0 0 0 0 0 0 0 0 0 0 0 0 0 -2.8865799e-15 0 0.012389803 0.020680424 0.14664076 0.076291363 -3.5527137e-15 0.039433594 -6.2727601e-15 
0 8.7368936e-05 0.013563273 0.038628543 0 11.644812 0 0 0 0 65.691054 0 0 0 0 18.980217 0 0 0 0 0 0 0.014284836 0 0 0 0 0 0 0 0 0 -3.5527137e-15 3.5527137e-15 0.082647453 0.091562891 0 0.048878481 1.0658141e-14 3.5527137e-15 
0 0 0 -3.5527137e-15 0.036867449 -1.9984014e-15 0 0 0 118.65044 0.35081978 3.5527137e-15 0 0 0 0 0 0 0 0 0 62.650982 0.002134798 0 0 0 0 0 126.26197 22.907806 10.790062 0 3.5527137e-15 0.030373329 0.013225891 -7.1054274e-15 0.053154505 -3.5527137e-15 0.065625411 0.057771297 
0 0 0 0 0.041952347 3.5527137e-15 0 0 0 46.349348 0.29066833 0 0 0 0 0 0 0 0 0 0 153.99459 3.5527137e-15 0 0 0 10.976734 94.71556 0 0 0 0 0 7.1054274e-15 0.049802296 0 7.1054274e-15 -3.5527137e-15 3.5527137e-15 0.037529586 
0 0 0 0 0 0 0 0 0 27.868584 30.791602 0.32003709 0 0 3.6860576 0 2.770297 0 0 0 120.17187 0 0 0.026666533 43.343555 33.230756 35.111834 1.7763568e-15 -7.1054274e-15 0 0 0 0 0 0 -3.5527137e-15 0.034193459 0.056449955 3.5527137e-15 0.0047865408 
0 0 -3.5527137e-15 0 0 30.381779 0 0 61.485444 31.450125 0.041742086 0 221.76059 32.864955 0.2711165 0.12075823 0 3.4134379 0 0 100.9067 -3.5527137e-15 -3.5527137e-15 -3.5527137e-15 0 0.0069557706 0 2.6645353e-15 0 0 0 0 0 0 0 0 0 -3.5527137e-15 0.02358144 0.0062737985 
0 0 -7.1054274e-15 0 273.63722 0 0 0 21.798524 0.0087360826 0.0087550329 0.12660411 39.905037 0.024426928 69.51588 1.3092448 0 0 0 35.307071 232.35992 0 0 0 0 0 3.5527137e-15 0 0 0 0 0 0 0 0 0 0 0 0 7.1054274e-15 
0 0 3.5527137e-15 0.10789804 2.890303 70.725602 42.885278 96.916658 -7.1054274e-15 0 0.0014909638 0.035641102 0.24111747 0.033142253 -1.3322676e-15 0.039421222 0.048536142 -4.4408921e-16 165.66477 115.31648 0.0029932005 3.5527137e-15 0.050846037 0 0 0 0 0 0 0 0 0 0 0 0 0 0 0 0.0071469993 0.018500758 
0 0 0 3.5527137e-15 0 -7.1054274e-15 98.894871 -8.8817842e-16 3.5527137e-15 0 0 0 0.0056744557 0.070593962 0.065204411 0.056552128 0.033300084 0.018818167 0.001001847 0.022995969 0.037647034 0.02322742 0.011452284 0 0 0 0 0 0 0 0 0 0 0 0 0 0 0 0 -3.5527137e-15 
21.141088 0.017218487 0 0 -3.5527137e-15 0.078828879 509.1452 53.928992 4.4408921e-15 -3.5527137e-15 0 0 0.043449014 0.097224583 0.060945619 0.052616832 0 121.56896 0.055271996 0.011688393 0.048207911 0.021860624 -3.5527137e-15 0.029424874 0 0 0 0 0 0 0 0 0 0 0 0 0 0 0 0 
0 0 0 0.031916067 0.011359144 0 0.17413907 398.49561 81.441871 0 0 0 0 0 0 47.103449 0.013437961 0.057401569 -3.5527137e-15 0.044689946 0.045042287 0 3.5527137e-15 0 0 0 0 0 0 0 0 0 0 0 0 0 0 0 0 0 
0 0 0 0 0 0.10256965 3.5527137e-15 0.014942719 13.223789 0.0085155511 0 0 0 0 0 36.770739 2.4980018e-16 0.026089891 0.050629201 0.0083675893 3.5527137e-15 0 0 0 0 0 0 0 0 0 0 0 0 0 0 0 0 0 0 0 
0 0 0 0 0 0 0.022423051 0.31850276 0.081858985 7.1054274e-15 0 0 0 0 115.61936 0 -3.5527137e-15 1.4210855e-14 3.5527137e-15 -3.5527137e-15 0 0 0 0 0 0 0 0 0 0 0 0 0 0 0 0 0 0 0 0 
0 0 0 0 0 0 0.01271038 0 0.057878769 0.0093302723 0 0 0 385.25402 0 -3.5527137e-15 0 67.03283 0 0 0 0 0 0 0 0 0 0 0 0 0 0 0 0 0 0 0 0 0 0 
0 0 0.82882593 2.0381006 20.942285 0 0 0.021741749 7.1054274e-15 55.284561 0 0 0 0.21756945 0.087564822 0 3.5527137e-15 0 -1.3322676e-15 4.4408921e-16 0 0 0 0 0 0 0 0 0 0 0 0 0 0 0 0 0 0 0 0 
0 0 4.5471678 -1.110223e-16 0 0 0 3.5527137e-15 0 0.01908634 82.695001 0 18.591973 74.481523 7.1054274e-15 0.070160385 55.123223 11.979026 3.5527137e-15 17.670395 -3.5527137e-15 0 0 0 0 0 0 0 0 0 0 0 0 0 0 0 0 0 0 0 
0 56.821785 96.209614 -4.4408921e-16 0 0 0 0 0 0 532.25162 0 0 0.16378837 0.082276997 0.078764829 7.1054274e-15 0.080806129 0 131.63844 7.1054274e-15 -3.5527137e-15 0 0 0 0 0 0 0 0 0 0 0 0 0 0 0 0 0 0 
0 66.03431 -7.1054274e-15 0 0 0 0 0 0.017926612 0.035459412 2116.4063 78.247998 0.031953793 0 0 0.10637305 0.064120006 0 0.032196204 0.027729972 0 0 0 0 0 0 0 0 0 0 0 0 0 0 0 0 0 0 0 0 
0 7.1054274e-15 3.5527137e-15 0 0 0 3.5527137e-15 0 0.0099455021 0.074363974 7.0407115 0.64454403 0.76500099 0 -3.5527137e-15 0 0 0 0 0 0 0 0 0 0 0 0 0 0 0 0 0 0 0 0 0 0 0 0 0 
0 0 7.1054274e-15 0 0 0 0 0 0.047354116 0.070387862 0 3.5527137e-15 0.13706077 0.53135479 0 0 0 0 0 0 0 0 0 0 0 0 0 0 0 0 0 0 0 0 0 0 0 0 0 0 
0 0 0 0 0 0 0 0 0.084513638 1.0658141e-14 0.014431012 0.052882637 0.49976021 0.33118454 3.5527137e-15 0 0 0 0 0 0 0 0 0 0 0 0 0 0 0 0 0 0 0 0 0 0 0 0 0 
0 0 0 0 0 0 0 0 0.0035966785 -3.5527137e-15 0 -7.1054274e-15 0.07204302 0.050955449 12.681323 3.5527137e-15 -3.5527137e-15 0 3.5527137e-15 0 0 0 0 0 0 0 0 0 0 0 0 0 0 0 0 0 0 0 0 0 
0 0 0 0 0 0 0 0 1.0643579 0.068813263 0.068546978 0.04048384 0.1008215 11.44457 -3.5527137e-15 27.487212 -1.4210855e-14 3.5527137e-15 -7.1054274e-15 0 0 0 0 0 0 0 0 0 0 0 0 0 0 0 0 0 0 0 0 0 
0 0 0 0 22.757146 50.597516 0 0.037954515 0.013657935 0.01887154 0.02635044 0.0086636214 0.023322712 -1.0658141e-14 9.1002731 7.1054274e-15 2.9976022e-15 6.6613381e-16 0.036647346 0 0 0 0 0 0 0 0 0 0 0 0 0 0 0 0 0 0 0 27.025732 0 
0 0 0 0 1.7763568e-15 -8.8817842e-16 64.587139 -3.5527137e-15 0 0.032564171 0.03388619 0.059392188 3.5527137e-15 0.0070323789 164.85498 109.05927 0 394.08098 0.0088596977 0.016452721 0 0 0 0 0 0 0 0 0 0 0 0 0 0 0 0 0 0 50.796962 0 
0 0 0 0 -8.8817842e-16 0 0 0.00016330243 0 0.026308374 3.5527137e-15 0 0.011566799 0 0.11509905 160.29521 92.452328 111.58209 5.7150895 0 0 0 0 0 0 0 0 0 0 0 0 0 0 0 0 0 0 57.231591 43.08573 0 
0 0 0 0 0 0 0 0 0 4.7184479e-16 0 0 0 7.1054274e-15 0.011855788 0.029066521 -7.1054274e-15 2.117523 0.049596617 7.1054274e-15 0 0 0 0 0 0 0 0 0 0 0 0 0 0 0 0 -3.5527137e-15 61.871842 0 0 
0 0 0 0 0 0 0 0 0 0 0 0.064594155 0.021243117 3.5527137e-15 0 0 0 0 0.11212244 0.061118889 41.113818 0 0 0 0 0 0 0 0 0 0 0 0 0 0 0 0 137.79198 0 0 
0 0 0 0 0 0 0 0 -8.8817842e-16 6.0625106 0 0 0 0 0 0 0 0 -3.5527137e-15 -3.5527137e-15 0 27.539611 0 0 0 0 0 0 0 0 0 0 0 0 0 0 0 -1.7763568e-15 11.554943 12.409463 
0 0 0 0 0 0 0 0 0 0 0 0 0 -2.220446e-16 1.0247232 0 0 0 -2.9976022e-15 -3.1086245e-15 0 0 0 0 0 0 0 0 0 0 0 0 0 0 0 0 -1.179612e-15 0 0 0 
0 0 0 0 0 0 0 0 0 0 0 0 0 0 0 0 0 37.992481 0 0 0 0 0 2.4082393 0 0 0 0 0 0 0 0 0 0 0 0 0 0 0 0 
0 0 0 0 0 0 0 0 0 0 0 0 0 0 0 0 0 0 -3.5527137e-15 5.2180482e-15 2.3592239e-16 0 5.8963951 -8.8817842e-16 2.3255941 0 0 0 0 0 0 0 0 0 0 0 0 0 0 0 
0 0 0 0 0 0 0 0 0 0 0 0 0 0 0 0 0 23.09408 3.5527137e-15 0 79.998107 0 52.82827 -1.7763568e-15 8.8817842e-16 0 0 0 0 0 0 0 0 0 0 0 0 0 0 0 
0 0 0 0 0 0 0 0 0 0 0 0 0 0 0 0 0 0 -7.1054274e-15 0 22.61361 44.56583 4.8385625 3.5527137e-15 0 0 0 0 0 0 0 0 0 0 0 0 0 0 0 0 
0 0 0 0 0 0 0 0 0 0 0 0 0 0 0 0 0 0 0 0 -8.8817842e-16 0.014102804 0 0 0 0 0 0 0 0 0 0 0 0 0 0 0 0 0 0 
0 0 0 0 0 0 0 0 0 0 0 0 0 0 0 0 0 0 0 -8.8817842e-16 -1.6653345e-16 0 0.41888701 0 0 0 0 0 0 0 0 0 0 0 0 0 0 0 0 0 
0 0 0 0 0 0 0 0 0 0 0 0 0 0 0 0 0 0 0 0 0 0 0 0 0 0 0 0 0 0 0 0 0 0 0 0 0 0 0 0 
0 0 0 0 0 0 0 0 0 0 0 0 0 0 0 0 0 0 0 0 0 0 0 0 0 0 0 0 0 0 0 0 0 0 0 0 0 0 0 0 
0 0 0 0 0 0 0 0 0 0 0 0 0 0 0 0 0 0 0 0 0 0 0 0 0 0 0 0 0 0 0 0 0 0 0 0 0 0 0 0 
0 0 0 0 0 0 0 0 0 0 0 0 0 0 0 0 0 0 0 0 0 0 0 0 0 0 0 0 0 0 0 0 0 0 0 0 0 0 0 0 
0 0 0 0 0 0 0 0 0 0 0 0 0 0 0 0 0 0 0 0 0 0 0 0 0 0 0 0 0 0 0 0 0 0 0 0 0 0 0 0 
0 0 0 0 0 0 0 0 0 0 0 0 0 0 0 0 0 0 0 0 0 0 0 0 0 0 0 0 0 0 0 0 0 0 0 0 0 0 0 0 
0 0 0 0 0 0 0 0 0 0 0 0 0 0 0 0 0 0 0 0 0 0 0 0 0 0 0 0 0 0 0 0 0 0 0 0 0 0 0 0 
0 0 0 0 0 0 0 0 0 0 0 0 0 0 0 0 0 0 0 0 0 0 0 0 0 0 0 0 0 0 0 0 0 0 0 0 0 0 0 0 
0 0 0 0 0 0 0 0 0 0 0 0 0 0 0 0 0 0 0 0 0 0 0 0 0 -3.5527137e-15 0 0 0 0 0 0 0 0 0 0 0 0 0 0 
0 0 0 0 0 0 0 0 0 0 0 0 0 0 0 0 0 0 0 0 0 0 0.022917418 0 0 0 0 0 0 0 0 0 0 0 -1.7763568e-15 0 0 0 0 0 
0 0 0 0 0 0 0 0 0 0 0 0 0 0 0 0 0 0 0 0 0 0 0 0.011438531 0.057510065 0.016636414 0 -3.5527137e-15 0 0 0 0 12.044615 10.583051 0 0 0 0 0 0 
0 0 0 0 0 0 0 0 0 0 0 0 0 0 0 0 0 0 0 0 0 4.4408921e-16 0 169.34458 88.666601 113.81922 105.10485 108.67431 86.486536 71.644655 81.555986 63.069795 18.815734 50.267869 0 0 0 0 0 0 
0 0 50.504663 0 0 0 0 0 0 0 0 0 0 0 0 0 0 0 0 0 0 0 0 0 0 0 0.033051602 0 0 76.793203 0 0 0 21.721118 -3.5527137e-15 0 0 0 0 0 
0 0 58.181313 0.36233908 0 0 0 0 0 0 0 0 0 0 0 0 0 0 0 0 0 0 0 0 0 0 0 0 7.1054274e-15 0 0 -3.5527137e-15 17.439837 22.638562 0 0 0 0 0 0 
0 0 -7.7715612e-16 1.1414875 0 0 0 0 0 0 0 0 0 0 0 0 0 0 0 0 0 0 0 0 0 0 0 0 0 0 0 0 15.66608 284.92701 27.172358 0.029238108 3.5527137e-15 0 0 0 
0 0 0 0 0 0 0 0 0 0 0 0 0 0 0 0 0 0 0 0 0 0 0 0 0 0 0 0 0 0 0 0 0.039452192 0.0033240277 76.598384 -1.0658141e-14 0.0026826904 0 3.5527137e-15 0 
0 0 0 0 0 0 0 0 0 0 0 0 0 0 0 0 0 0 0 0 0 0 0 0 0 0 0 0 0 0 0 0 0 0 0 0.046726811 0.124083 0.022762776 0 -3.5527137e-15 
0 0 0 0 0 0 0 0 0 0 0 0 0 0 0 0 0 0 0 0 0 0 0 0 0 0 0 0 0 0 0 0 0 0 0 -7.1054274e-15 0.25714023 0.27972172 3.5527137e-15 0 
0 0 0 0 0 0 0 0 0 0 0 0 0 0 0 0 0 0 0 0 0 0 0 0 0 0 0 0 0 0 0 -3.5527137e-15 0 0 0 0.041962588 0 0.44785806 0.19437083 0 
0 0 0 0 0 0 0 0 0 0 0 0 0 0 0 0 0 0 0 0 0 0 0 0 0 0 0 0 0 0 0 0 0.0045000918 0.01986919 0 -3.5527137e-15 0.030689601 0.40816321 269.5021 -3.5527137e-15 
0 0 0 0 0 0 0 0 0 0 0 0 0 0 0 0 0 0 0 0 0 0 0 0 0 0 0 0 0 0 0.0051426126 0 0.034622433 0.023968899 7.1054274e-15 0.049049639 -3.5527137e-15 0.10111011 1021.6055 52.370526 
0 0 0 0 0 0 0 0 0 0 0 0 0 0 0 0 0 0 0 0 0 0 0 0 0 0 0 0 3.5527137e-15 0 0 0 0.033081076 0.037261181 0 0 0.083027366 0.065303611 76.364038 0 
0 0 0 0 0 0 0 0 0 0 0 0 0 0 0 0 0 0 0 0 0 0 0 0 0 0.028938389 0 0 0 0 0 0 0 0.03582611 0.097145109 0.036315935 0 0.026983901 70.811691 0 
0 0 0 0 0 0 0 0 0 0 0 0 0 0 0 0 0 0 0 3.6853118 0 0 0 0 0 0 0.06742738 0 0.0083380167 3.5527137e-15 0 -7.1054274e-15 0.021379671 246.56988 106.08624 3.5527137e-15 0.065805683 -3.5527137e-15 105.02083 0 
0 0 0 0 0 0 0 0 0 0 0 0 0 0 0 0 0 0 0 0 46.997202 0 0 0 0 -3.5527137e-15 155.94159 21.726066 0 0.031915409 227.32401 3.5527137e-15 -3.5527137e-15 68.507736 121.71405 0 -3.5527137e-15 0.026999719 196.24751 0 
0 0 0 0 0 0 0 0 0 0 0 0 0 0 0 0 0 0 0 0 36.23355 0 0 0 3.5527137e-15 -7.1054274e-15 80.214362 79.000908 14.567201 104.87955 0 0 3.5527137e-15 -1.7763568e-15 0 0 0 -2.220446e-16 7.9677047 0 
0 0 0 0 0 0 0 0 0 0 0 0 0 0 0 0 0 0 0 0 27.919403 0 0 0 0 7.1054274e-15 47.526058 0 0 0 0 0 -1.7763568e-15 -1.110223e-16 0.43770146 0 3.5527137e-15 0 37.475813 0 
0 0 0 0 0 0 0 0 0 0 0 0 0 0 0 0 0 0 0 -7.1054274e-15 58.576739 0 0 0 0.0077294077 116.3782 5.0632918 0 0 0 0 0 0 0 0 0 0 0 0 0 
0 0 0 0 0 0 0 0 0 0 0 0 0 0 0 0 0 0 0 0 48.733449 0 0 0 0 79.831012 0 0 0 0 0 0 0 0 0 10.239958 0 0 0 0 
0 3.5527137e-15 0 -3.5527137e-15 0 0 0 0 0 0 0 0 0 0 0 0 0 0 0 0 11.177572 0 0 0 0 27.507316 0 0 0 0 0 0 0 0 0 0 55.834582 0 0 26.700536 
-3.5527137e-15 0 0 0 0 -3.5527137e-15 0 0 0 0 0 0 0 0 0 0 0 0 -7.1054274e-15 0 23.351282 0 0 0 0 0 0 0 0 0 0 0 0 0 0 3.5527137e-15 62.540763 52.623196 0.027302872 5.2192728 
0.017577462 0 3.5527137e-15 0 3.5527137e-15 7.1054274e-15 0 0 0 0 0 0 0 0 0 0 0 0 0 146.2223 0 0 0 0 0 0 0 0 0 0 0 0 0 0 0 -3.5527137e-15 0.0067183971 0.016265299 4.4639464 2.7766789 
0 -3.5527137e-15 15.394625 49.0995 -3.5527137e-15 -3.5527137e-15 -7.1054274e-15 7.1054274e-15 -3.5527137e-15 0 0 0 -3.5527137e-15 0 0 0 0 0 0 13.355112 0 0 0 0 0 0 0 0 0 0 0 0 0 0 0 0 0.0056866852 0.020245607 0 0 
0.19364237 0.13788093 0.0057149221 49.737035 90.282767 0 7.1054274e-15 3.5527137e-15 0 0 0 0 0 0 0 0 0 0 0 0 0 0 0 0 0 0 0 0 0 0 0 0 0 0 0 0.011974229 0 0 0 0 
0.05171116 0.00093430895 0 0 0 0.019630138 0 0 -3.5527137e-15 83.731657 29.162268 -3.5527137e-15 0 0 0 0 0 0 0 0 0 0 0 0 0 0 0 0 0 0 0 0 0 0 0 0 0 0 0 0 
0.029003181 0.034216832 -3.5527137e-15 0 0 0 0.21423446 3.5527137e-15 0 0 -3.5527137e-15 0 0.0098523236 0 0 0 0 0 0 0 12.698364 0 34.030342 0 0 0 0 0 0 0 0 0 0 0 0 0 0 0 0 0 
77.604841 0.078923868 0.028963612 0 0 0 0.015350904 0.11405438 0 0.031078505 -3.5527137e-15 3.5527137e-15 0 0 0 0 0 0 0 0 0 3.5527137e-15 0 95.610236 0.065801704 0.031907953 0 0 0 0 0 0 0 0 0 0 0 0 0 0 
0 0.0087812472 0.086745948 0 0 116.422 0.18818153 0.095902566 0.099215484 -7.1054274e-15 3.5527137e-15 0 0 0 0 0 0 0 0 0 0 3.5527137e-15 0.075640892 7.1054274e-15 0 0.069270976 0.17341434 0.19343851 0.013968201 0 0 0 0 0 0 0 0 0 0 0 
10.989436 0.011745355 0 0 0 0.19356762 0.17019584 0.096211935 103.24305 252.72709 0.037230143 0 7.1054274e-15 0 0 0 0 0 0 0 0.028326002 0.012615323 3.5527137e-15 -3.5527137e-15 0.027973045 0.095093556 0.027843764 0.021466825 0.40429326 -3.5527137e-15 3.5527137e-15 0 0 0 0 0 0 0 0 0 
16.411069 0.0093922472 0.025143111 0 0 93.444749 0.28678206 0.19440852 73.90298 772.57978 0.15974996 0 -3.5527137e-15 0 0 0 0 0 0 0 0 0 -3.5527137e-15 -3.5527137e-15 0.0092409848 0.0073394929 0.012358993 0.0056529932 0.12097889 0.29203434 16.033989 0 0 0 2.220446e-16 0 0 0 0 0 
0.052233503 0.080042666 0.077752956 0 667.36735 383.78399 0.5617056 0.16691056 0.14080718 0.12679721 0.26015849 0.076796501 0 3.5527137e-15 0 0 0 0 0 0 0 0 0 0 0 0 0 0 0 5.8434164 0.50009041 51.264871 3.5527137e-15 3.5527137e-15 0 0 0 0 0 0.013431429 
0.072800529 0.081003789 0.027000123 159.3421 0 0.036311447 0.0024309666 0 0.022358637 3.5527137e-15 0.0071411082 0.063296537 21.20779 3.5527137e-15 0 0 0 0 0 0 0 0 0 27.127047 0 0 0 0 0 0.02957293 6.2661372 1207.9149 359.29988 0 0 0 0 0 0 0 
3.5527137e-15 0.049356594 0.056174131 0.082486472 0.048947797 -1.0658141e-14 0.044663418 -7.1054274e-15 -5.3290705e-15 -7.1054274e-15 0 3.5527137e-15 0.026150909 0.028728956 0 0 0 0 0 0 0 0 0 11.022867 0 0 0 0 -3.5527137e-15 3.5527137e-15 0 34.238523 0 0.034986131 0 0 0.034084296 0 0 9.9421808 
0.14824425 0.091243029 0.041528217 0.045808762 0.085370396 0.020586084 0.019399607 0.039748872 5.7731597e-15 0 0 -3.5527137e-15 3.5527137e-15 0.0032160786 0 0 0 0 0 0 0 0 0 34.198526 0 0 0 0 0 0 36.668893 0 0 3.5527137e-15 0.18769251 0 0 0.18224107 0 0 
0.030478282 0.019568854 -3.5527137e-15 0.025459056 0.063051217 0.043963239 -3.5527137e-15 0.060330452 0 0 0 0 0 0 0 0 0 0 0 0 1.872546 0 0 17.219861 -8.8817842e-16 3.5527137e-15 0.017824224 0.094750111 0 0.02052584 0 0.048972231 0 1.1868582 236.73583 120.31257 0.76193366 0 0 3.5527137e-15 
0.055741039 0.064589713 0.0018745745 0.0039075899 0.020571454 0.054413891 0 0 1.7763568e-15 3.5527137e-15 0 0 0 0 0 0 0 0 0 0 0 0 0.010197058 95.895569 0 0 -3.5527137e-15 0.05140647 0.04405814 0.024617683 -3.5527137e-15 0.0070248777 0 -3.5527137e-15 57.168787 0 12.958105 29.732039 44.315556 6.6613381e-16 
0 0.010751396 0.051006913 7.1054274e-15 0.0052715025 0.028079142 7.1054274e-15 -1.7763568e-15 1.7763568e-15 -7.1054274e-15 0 0 0 0 0 0 0 0 0 0 0 0 0 100.40251 0 0 0.010787016 -3.5527137e-15 -7.1054274e-15 0.058846519 0.063190031 61.107026 0 0 54.011783 95.738483 2.7916469 1.6514567e-15 0 1.1621485 
0.0246012 0.036329832 -8.8817842e-16 3.5527137e-15 0 0.0068244914 2.7755576e-17 -4.4408921e-16 -8.8817842e-16 -1.7763568e-15 0 0 0 0 0 0 0 0 0 0 0 0 0 0 0 0 55.060295 0.042381335 -1.7763568e-15 117.67298 72.603481 0 0 0 197.50004 0.10336192 0 -3.5527137e-15 -1.8596236e-15 0 
81.242682 0.015001492 0 0 0 0 0 0 0 0 0 0 0 0 0 0 0 0 0 0 0 3.5527137e-15 92.684061 0 0 0 0 0.37645444 86.288915 0 0 0 0 209.00917 74.236547 0 0.056035133 0 -3.5527137e-15 0 
0.057084976 0 0 0 0 0 0 0 0 0 0 0 0 0 0 0 0 0 0 0 0 0 40.398482 0 0 0 0 0.0072845786 9.7402309 0 0 0 0.07462994 0 137.44797 0.021943165 0 0.032733692 0.048945799 0 
0.01252348 0 0.018011465 0 0 0 0 0 0 0 0 0 0 0 0 0 0 0 0 0 0 0 6.9889864 0 0 0 0 8.8817842e-16 82.71339 0 0 3.5527137e-15 0.080407236 7.8753656 23.845998 0 0.010725224 0.018642272 0 0 
0.030162068 3.5527137e-15 -3.5527137e-15 3.5527137e-15 0 0 0 0 0 0 0 0 0 0 0 0 0 0 0 0 0 0 0 20.180052 0 0 0 0 52.477207 0 0 0.049984133 7.7384601 3.7823718 0 0.74937113 0.03434194 0 4.4408921e-16 0 
0 0 3.5527137e-15 0.035597463 -3.5527137e-15 -3.5527137e-15 0 0 0 0 0 0 0 0 0 0 0 0 0 0 0 0 0.55083835 18.510393 53.066227 0 -3.5527137e-15 0.054437236 1.7763568e-15 -8.8817842e-16 22.012599 0 0 0 0 65.347741 0.011921732 0 0 6.4629724 
0 0.082748048 0.027562349 0.017325904 3.5527137e-15 0 3.5527137e-15 0 0 0 0 0 0 0 0 0 0 0 0 0 0 0 -3.5527137e-15 0 16.896964 0.048456662 7.1054274e-15 82.447836 0 0 0 2.5780464 0 0 239.10963 83.846549 0 0 0.020372172 0 
0.025980913 0.056840745 0.014065444 0 0 3.5527137e-15 0 0 0.025269639 0 7.1054274e-15 0 0 0.02375216 3.5527137e-15 0 0 0 0 0 0 0 0 0 0.043071529 0 7.1054274e-15 58.338219 0 0 0 24.841077 275.3844 504.28111 0.061728006 0.11796873 0.019158018 0 0 0 
0.061759117 0.07355721 0 0.060229816 0.062331164 0.06442162 0 0 0.030206436 0 0 0 0.01296676 0.036146344 -3.5527137e-15 0 0 0 0 0 0 0 0 4.4408921e-16 0 0.014436683 -4.4408921e-16 56.742776 0 0 0 0.066072361 0.11525332 0.043050113 7.1054274e-15 0.058237407 0.036319039 0.009457275 0.024197619 0 
0.046195398 0.02941564 0.035658383 0.057667023 -3.5527137e-15 3.5527137e-15 0.0021120196 0.027189335 0.056014314 0.11901612 3.5527137e-15 -3.5527137e-15 0.087030338 0.17219207 0 0 0 8.8817842e-16 0 0 0 0 0 0 0 -3.5527137e-15 142.12477 0 0 0 0 0 0.0099950367 0 0.040553142 0.013759216 0.049779317 0.0070925984 0.052392272 0 
235.44567 0.10404063 0.031544504 0.010284649 0.043721487 0.11434341 0.069604263 0.10970565 0.016125531 0 0 0.1847836 0.05569927 0.059469937 0 0.051793174 0 0 0 0 0 0 0 0 0 0 68.805417 0 0 0 0 18.673616 20.79727 0 0.0078745473 0 0 0 3.5527137e-15 0 
107.00899 0.025999833 0.086720469 0.19997687 0.18205851 0.042281263 0.094041227 0.045957025 0.031350193 0.04807137 0.21509543 0.050102057 0.053904653 0.024493578 0.036908024 0.049441917 0.015261118 0 -3.5527137e-15 0 0 0 0 0 3.5527137e-15 3.5527137e-15 24.817322 0 0 0 0 6.7778768 0.0069862317 0.021921309 -7.1054274e-15 0 0 0 0 0 
0 422.98503 0.097031998 -7.1054274e-15 0.29531844 0.12332891 0.15401474 -7.1054274e-15 0.062866686 0.09299094 0.41074527 0.64489646 0.092551666 0.024590823 0.088035792 0.085000114 7.1054274e-15 0.02569851 0 0 0 0 0 0 -3.5527137e-15 0 45.080013 0 0 0 0 0.21895645 4.7150892 9.15934e-16 0.035516697 0 0 0 0 0 
338.94936 0 227.98452 0.1138854 0.13939207 0.065752099 0.034963946 0.050212589 0.06880641 0.4292782 0.42891861 0.12608555 0.22397821 0.062819393 0.16820937 0.018869658 3.5527137e-15 0 3.5527137e-15 0 0 0 0 0 0 0 73.655832 54.45776 0 0 0 0 0 21.160279 0 0 -3.5527137e-15 0 0 0 
0 0 177.81853 1.7763568e-15 0.10131547 0.035720571 0.081570702 0.070616156 0.99784783 0.51258359 0.17016971 0.19970574 0.062330724 1.4210855e-14 -7.1054274e-15 0.03782214 0 0 0 0 0 0 0 0 0 0 0 0 96.648 0 0 0 0 39.420047 0 3.5527137e-15 0 0 0 0 
0 0 0 0.056809176 0.02391857 0.11628631 0.64193522 1.1287447 0.3904254 0.28461482 0.18146285 0.011106841 0.074566764 0.023746067 3.5527137e-15 0 0 0 0.013360237 0 0 0 0 0 0 0 0 7.1054274e-15 27.455772 4.5715276 0 0 0 0 71.362695 0 0 0 0 0 
0 0 0.16076229 14.790965 0.2013171 1.5866914 0.90238713 0.39083281 0.34451162 0.3844687 3.5527137e-15 0 0 -3.5527137e-15 0 0 0 0 0 0 0 7.1054274e-15 0.014207952 0 0 0 0 0 33.209259 0 0 0 31.93448 0 -1.7763568e-15 3.5527137e-15 0 0 0 0 
0 0 9.7322431 404.16059 154.63138 0.67040771 1.3986533 0.68333997 0.80748029 0.06292948 7.1054274e-15 -7.1054274e-15 0 0 0 0 0 0 0 0 0.019768551 9.3674905e-06 0.02576562 -3.5527137e-15 0 0 0 0 0 0 0 0 0 55.30828 7.1054274e-15 0 0 0 0 0 
0 0 0 1.7763568e-15 1978.4365 172.73353 0.81994427 0.3768231 0.033245272 -7.1054274e-15 0.038911068 0 0 0 0.014845825 -3.5527137e-15 0 0 0 3.5527137e-15 0.042580313 0.029363281 0.058654854 0 0.025995877 0 0 0 0 0 0 0 0 38.14703 7.1054274e-15 0 0 0 0 0 
0 0.19838058 0 0 0 1262.6902 0.1092126 0.032790439 -3.5527137e-15 1.0658141e-14 0.08766107 0.022559814 0.027807321 -3.5527137e-15 0.044170571 0.085207436 0 0 0 -3.5527137e-15 0.048294312 0.051235219 0.030461366 0.045813088 -7.1054274e-15 0 0.0054285181 0 0 0 0 0 0 52.701813 0 0 0 0 0 0 
0 0 0 0 0 216.85683 0.062633837 0.12657876 0.08688331 0.16392561 0.072013512 0.086837458 0 0.074025128 3.5527137e-15 -3.5527137e-15 0 -3.5527137e-15 0 0.039861563 0.057266701 0.074709328 0 0.0015671022 0.016502427 0 0 0 0 0 0 0 0 0.02293139 0 0 0 0 0 0 
0 0 0 0 0 379.79289 0.068795305 0.020542126 0.076416421 0.19008471 0.12446001 0.037395838 0.20385882 0 0.028907772 0.045342535 0.055107918 0 0 0.053576733 0.20790088 0.10652743 0.10390907 0.044428935 0.010139338 0.023573326 0 0 0 0 0 0 0.0089739465 0 0 0 0 7.1054274e-15 0 0 
0 0 0 0 0 0 424.49367 0.064238893 0.25654618 0.11385613 7.1054274e-15 0.0053043614 7.1054274e-15 3.5527137e-15 0.055996888 0.0270053 0 0 0 0.19246368 0.093734157 0.11042762 0.082623204 0.0039726242 0.0080586089 0.037839655 0 0 0 0 -3.5527137e-15 0 34.241575 0.041571634 0.037894065 0 0 0 0 0 
0 0 0 0 0 0 120.42975 0.1484681 0.058006264 -3.5527137e-15 0.067241399 3.5527137e-15 0.14345625 0.16487721 0.024822119 0.052129373 3.5527137e-15 0 0.44556293 0.22915527 0.18401883 0.42215112 0.055154785 0 0.068678318 0.043098254 0 0 -3.5527137e-15 0 3.5527137e-15 0.0073527944 0.023167841 0.070490894 -3.5527137e-15 0 0 -7.1054274e-15 -3.5527137e-15 0 
0 0 0 0 0 0 79.340032 0.11180257 0.10989794 0.024708769 0.062689527 0.0056023976 0.16582975 0.072737869 0.048638005 3.5527137e-15 7.1054274e-15 0 0.30486666 0.282983 0.75216347 0.058293869 0.040770247 0.049800834 0.049053256 0 0 0 0 -3.5527137e-15 7.1054274e-15 1.4210855e-14 -1.0658141e-14 -3.5527137e-15 0 7.1054274e-15 7.1054274e-15 0.030121054 0.022177207 0 
0 0 0 0 0 0 71.765272 0.26676151 0.037261711 0.10025863 0.017263339 0.095240093 0.25364452 92.322496 148.70167 0.056318812 0.056542437 0.34034646 0.20842454 0.62662408 0.12480341 0.10226638 0.056091747 0.0067387637 0.02264117 0.033383346 37.329733 0 0 0.013538006 234.80616 396.63442 58.964229 3.5527137e-15 0 7.1054274e-15 0.01634341 0.095530914 0 0 
0 0 0 0 0 0 78.697602 110.59073 0.11860224 0.12790476 0.074208574 0.13094464 0.14013865 11.169262 51.705979 0.12360696 0.6555808 0.39758093 0.36821882 0.72497761 0.27155512 0.057879317 0 0.017121726 0.011168744 0.035311951 0 0 0 0.051027286 33.956247 112.90513 139.77061 0.12347478 0.032013831 0.080625666 0.03567569 0 0 0 
0 3.5527137e-15 12.43495 0 0 0 0 219.372 0.093059134 0.11514998 0.022724403 0.2674353 40.472627 63.018967 80.625288 1.9096523 0.72582083 0.1444703 614.75584 535.18781 0.014206463 0.047878604 -3.5527137e-15 0.0082050968 0.1187062 0.039444337 0 0 0 0.0006580925 20.212852 59.535874 13.4243 0.056746335 0.051698035 -5.3290705e-15 0.075865807 0.010252887 0 0 
0 23.407639 22.666288 0 0 0 -3.5527137e-15 0.22064316 0.1335028 0.21227066 0.0022986918 0.022179339 0 0 0 1591.5873 0.26418096 0 0 25.836558 105.12838 -3.5527137e-15 0 1.7763568e-15 0.091251832 0.05234503 0 0 -1.110223e-16 8.0491169e-16 0 509.12562 6.028652e-05 0.1317603 0.053275222 0.11807225 0.022570212 3.5527137e-15 0 0 
0 0 0 0 0 -7.1054274e-15 0.10903647 0.31063467 0.21044353 0.040423905 0.0037500075 0.015651994 0 0 0 57.312148 0 0 0 53.323022 0 0.042544782 0.053471315 0.076576035 15.938292 3.5527137e-15 27.617475 0 0.073506055 0.012576083 -5.5511151e-17 14.579049 256.72161 0.060716083 178.01546 2.6464212 0.027490103 3.5527137e-15 0 0 
0 0 0 0 0 0 523.24269 0.32003529 0.04297767 0.028923674 0.02645115 0 0 -7.1054274e-15 0 0.0086412511 0 0 0 0 25.58072 0.099364936 0 0 13.690029 0 0 0 0 0.02148067 0 6.2496798 2.5949635 0.28825481 44.668219 23.399179 0.035003955 0 0 0 
0 0 0 0 0 0.0012235241 35.104106 260.02537 0.017844323 0.046132129 0 0 154.71011 0.05084279 0.043895571 0 0 0 0 4.4368052 46.004305 0.024534001 -2.220446e-16 11.582977 0 4.4408921e-16 0 0 0.056521877 0.040158084 0.048611143 5.1414553 0.19827153 0.0043580768 0 77.548889 0.010297289 0.01505518 0 0 
0 0 0 0 0 0.015174887 69.333987 72.955972 6.1380826 0 0.011487992 0 89.941517 8.8817842e-16 -3.5527137e-15 0 0 0 0.69147069 0.03892953 0 0.025888527 0 1.8273262 0 0 0 0 28.428544 0.010842495 20.338061 23.796997 0.083518524 0 17.128664 21.511533 4.3143053 0 0.0028441705 0 
0 0 0 0 0 36.33449 0 0 3.6820165 -5.5511151e-17 0 0 22.565905 0.0098123618 0.0086200172 0 0 0 0 0.047191446 0 0 0 0 0 0 0 0 0 0 44.531167 85.198894 0 0 0 0 0.03927585 0.055036825 0.0015559408 0 
0 0 0 0 0 0 0 0 0.21391989 0.025370898 0 0 0 16.099334 0.17123463 0 0.036744304 39.13695 1.0234057 0.00671295 0.062209436 0 0 0 0 0 0 0 0 0 0 21.198077 0 0 15.893941 0 0.0072698133 65.638063 0 0 
0 0 0 0 0 0 0 0 0.22562417 0 0 0 0 0 0.085523453 0.09786502 -2.9143354e-16 0 0 0 8.8817842e-16 0 32.551268 0 0 0 0 0 0 0 0 0 0 233.92425 0.010901058 0.019418512 98.16826 -1.7763568e-15 0 0 
0 0 0 0 0 0 0 0 0 0 0 0 0 43.949411 97.989024 5.689893e-16 0.0090227194 0 0 0.061634232 0.0091780858 0 0 0 0 0 0 0 0 0 0 37.322366 227.16105 0.047973725 0.096425823 0.089125559 27.930223 3.5527137e-15 0.031571822 20.415048 
0 0 0 0 0 0 0 0 0 0 0 0 0 0.039722433 0.25512151 0 0 0 0.024704747 0 0.031460403 28.438495 0 0 0 0 0 0 0 0 105.95049 -7.1054274e-15 0 0 -3.5527137e-15 0.025628637 3.5527137e-15 0.0022558599 3.5527137e-15 0 
0 0 0 0 0 0 0 0 0 0 0 0.054708989 0.016873388 0 0 0 0 0 82.494252 120.01711 0 0 0 0 0 0 0 0 0 0 77.591485 1.0658141e-14 0.022003161 0 0.0042237469 0.0070656704 0 0 0 0 
0 0 0 0 0 0 0 0 0 0 0 0 0 0 0 0 0 0 0 0 11.794166 0 0 0 0 0 0 0 0 131.78655 0 0 3.5527137e-15 0 0 0 0 0 0 0 
0 0 0 0 0 0 0 0 0 0 0 0 0 0 0 0 0 0 0 0 0 0 0 9.4150603 0.029625603 0.051384125 -3.5527137e-15 26.487043 235.9659 3.5527137e-15 0 0 0 0 0 0 0 0 0 0 
0 0 0 0 0 0 0 0 0 0 0 0 0 0 0 0 0 0 0 0 0 0 0 184.91774 0.041229159 0.035525137 0 0.0050666654 0.032654806 0.027182327 0 3.5527137e-15 0 0 7.2126443 0 0 0 0 0 
0 0 0 0 29.823728 0 0 0 0 0 0 0 0 0 0 0 0 0 0 0 0 0 99.518131 354.73104 0.041471084 7.1054274e-15 0 0 3.5527137e-15 0 0 0 0 0 0.011479378 0.0047174394 -3.5527137e-15 0 0 0 
0 0 0 0 53.560776 0 0 0 0 0 0 0 0 0 0 0 0 0 0 28.202134 0 0 21.807679 0.040200269 0.026001033 0 0.066178306 0 0 0 0 0 0 0 0 0.01999273 0 0 0 0 
0 0 0 0 51.920051 0 0 0 0 0 0 0 0 0 0 0 0 0 146.61955 0 0 153.84594 0 0.013175167 -3.5527137e-15 -3.5527137e-15 0 0 0 0 0 8.472695 9.3868595 80.348406 5.3290705e-15 0.086754856 0 0 0 0 
0 0 0 0 0 0 0 0 0 0 0 0 0 0 0 0 0 47.562085 45.300386 7.1054274e-15 -3.5527137e-15 0.018909631 0.038435826 0 0 0 0 0 0 0 0 0 0.077217417 0 0.058582071 0.021948575 -3.5527137e-15 0 0 0 
0 0 0 0 0 0 0 0 0 0 0 0 0 0 0 0 0 20.816472 0.049726514 0.013680766 0.0080841164 -8.8817842e-16 0 0 0 0 0 0 0 0 0 0 0.011542158 0.059136546 4.4408921e-15 0.059010191 -3.5527137e-15 0 0 0 
0 0 0 0 0 0 0 0 0 0 0 0 0 0 0 0 0 21.933176 0 0 0 0 0 0 0 0 0 0 0 0 0 197.62446 20.608089 0.0053421257 0.0052944075 0.063424162 0.025517802 -3.5527137e-15 0 0 
0 0 0 0 0 0 0 0 0 0 0 0 0 0 0 0 0 50.986858 0 0 0 0 0 0 0 0 0 0 0 0 0 0 60.129028 275.04379 21.044584 0.03895527 -3.5527137e-15 -3.5527137e-15 0 0 
0 0 0 0 0 0 0 0 0 0 0 0 0 0 0 0 0 27.211169 0 0 0 0 0 0 0 0 0 0 0 0 0 0 0 0 131.5472 0 3.5527137e-15 0.037137366 0.051753643 0 
0 0 0 0 0 0 0 0 0 0 0 0 0 0 0 0 14.042575 3.5527137e-15 0 0 0 0 0 0 0 0 0 0 0 0 0 0 0 3.63558 34.727504 0 0.07951086 0.032020366 0 0 
0 0 0 17.48619 0 0 0 0 0 0 0 0 0 0 0 0 0 34.850071 -3.5527137e-15 0 0 0 0 0 0 0 0 0 0 0 0 0 0 37.512419 33.904935 0.074419831 0.041804481 88.520103 0 0 
0 0 0 23.536201 0 0 0 0 0 0 0 0 0 0 0 0 0 56.178191 5.1567196 0 0 0 0 0 0 0 0 0 0 0 0 0 0 0.16615001 56.993486 0.057912229 13.127045 0 24.738042 0 
0 0 8.8817842e-16 0 0 45.11324 0 0 0 0 0 0 0 0 0 0 0 0 0 0 0 0 0 0 0 0 0 0 0 0 0 0 0 0 39.356708 7.991155 0 0 0 0 
11.097417 0 0 57.500644 0 0 0 -3.5527137e-15 0 0.4652999 0 0 0 0 0 0 0 0 0 0 0 0 0 0 0 0 0 0 0 0 0 0 0 0 0 0 0 0 0 0 
24.066354 35.21023 147.30335 0 80.41202 0 3.5527137e-15 0 4.3172798 16.726634 25.84902 0 0 0 0 0.18150561 0 0 0 0 0 0 0 0 0 0 0 0 0 0 0 0 0 0 0 0 0 0 0 0 
3.5527137e-15 -3.5527137e-15 0.037112873 -7.1054274e-15 0.041890664 0 0 369.41095 0 0 0 0 0 0 0 5.9604655 0 0 0 0 0 0 0 0 0 0 0 0 0 0 0 0 0 0 0 0 0 0 0 0 
0 7.1054274e-15 -3.5527137e-15 0.024290728 0 0.049718149 -3.5527137e-15 119.13683 0 0 0 0 0 0 0 30.810463 58.224947 0 0 0 0 0 0 0 0 0 0 0 0 0 0 0 0 0 0 0 0 0 0 0 
0 0 0 0 0.018289323 0.027368472 7.1054274e-15 52.829307 0 0 0 0 0 0 0 0 18.939541 0 0 0 0 0 0 0 0 0 0 0 0 0 0 0 0 0 0 0 0 0 0 0 
0 0 0.012462073 0 0.028655551 0 7.1054274e-15 292.70085 0 0 0 0 0 0 0 0 0 0 0 0 0 0 0 0 0 0 0 0 0 0 0 0 0 0 0 0 0 0 0 0 
0 0 0 0 3.5527137e-15 0 -7.1054274e-15 110.58434 306.7068 24.867591 30.427918 54.008688 0 0 0 0 0 0 0 0 0 0 0 0 0 0 0 0 0 0 0 0 0 0 0 0 0 0 0 0 
0 0 0 0 0 0 -3.5527137e-15 0.0022584878 0.067240872 4.4408921e-16 0.010678532 0 119.20283 0 0 0 0 0 0 0 0 0 0 0 0 20.387458 0 -2.6645353e-15 0 0 0 0 0 0 0 0 0 0 0 0 
0 0.6928308 0 0.0023092184 0 3.5527137e-15 0.01589528 0.062693335 -1.7763568e-15 0.02782271 0.038339045 0 122.96144 36.269227 39.786827 58.843246 0 0 0 0 0 0 0 0 0 0 59.072689 0 0 0 0 0 0 0 0 0 0 0 0 0 
0 0 2.7755576e-17 0 0 0 0.022391933 0 0 3.5527137e-15 3.5527137e-15 0.031619652 0 49.830898 0.051504597 22.011816 6.3628358 0 0 0 0 0 0 0 0 0 66.589317 0 0 0 0 0 0 0 0 0 0 0 0 0 
0 0 0.011226734 0.040559471 0 3.5527137e-15 0 0 0 0.030561232 0.0017135051 0 0 7.1054274e-15 39.709391 0.087560632 0 0 0 0 0 0 0 0 0 0 52.427362 0 0 0 0 0 0 0 0 0 0 0 0 0 
0 0 0 1.7763568e-15 -3.5527137e-15 0.03453431 0 0 0.038138362 0.029557564 0 0 115.90954 0 0 30.864869 104.40752 0 0 0 0 0 0 0 0 0 45.484833 0 0 0 0 0 0 0 0 0 0 0 0 0 
0 0 -3.5527137e-15 0 0 0 0 0 0 3.5527137e-15 0.0085058608 -3.5527137e-15 0 146.55566 20.998486 85.286461 0.090421134 215.45838 0 0 0 0 0 0 0 0 14.356933 0 0 0 0 0 0 0 0 0 0 0 0 0 
0 0 0 0 0 0 0 3.6516657 0 0.03972082 0 -3.5527137e-15 0 3.5527137e-15 0.010441558 0.11732523 0.090853383 190.16794 0 0 0 0 0 0 0 0 0 0 0 0 0 0 0 0 0 0 0 0 0 0 
0 0 0 0 0 0 0 0 0 7.1054274e-15 3.5527137e-15 0 0.055646958 -3.5527137e-15 0.057381686 0.035354219 0.041427765 112.37519 0 0 0 0 0 0 0 0 0 0 0 0 0 0 0 0 0 0 0 0 0 0 
0 0 0 0 0 0 0 0 0 0 0 0 0 0 3.5527137e-15 0.085139241 0.077700699 55.268996 0 0 0 0 0 0 0 29.1375 0 0 0 0 0 0 0 0 0 0 0 0 0 0 
0 0 0 0 0 0 0 0 0 7.1054274e-15 3.5527137e-15 3.5527137e-15 3.5527137e-15 0 0.033902747 0.036281893 0.015456758 24.416522 0 0 0 0 7.0138254 0 0 42.769683 0 0 0 0 0 0 0 0 0 0 0 0 0 0 
0 0 0 0 0 0 0 0 0 0 0 0 0 0.048072125 0.028950242 0.034672209 0.046173804 67.723349 0 0 0 0 54.339643 0 0 53.019584 0 0 0 0 0 0 0 0 0 0 0 0 0 0 
0 0 0 0 0 0 0 0 0 0 0.13871502 0 0 -2.6229019e-15 0 0 0 109.38475 0 0 0 0 62.292705 0 0 44.330438 0 0 0 0 0 0 0 0 0 0 0 0 0 0 
6.5528595 0 0 0 0 0.0096743716 0 -3.5527137e-15 0 0.022919568 0 0 0.014385124 0 0.033021488 0 46.160228 0 0 0 0 0 47.426611 0 0 11.468941 0 0 0 0 0 0 0 0 0 0 0 0 0 0 
0 73.558356 0 7.1054274e-15 3.5527137e-15 0 0.097311762 0 0 3.5527137e-15 0.024309222 0 0 0 0 0.003111054 2.8595087 0 0 0 0 0 49.103654 0 0 0 0 0 0 0 0 0 0 0 0 0 0 0 0 0 
0 0.044579781 3.5527137e-15 1.0658141e-14 0.085010332 18.60514 0 0 0 -3.5527137e-15 0.013564048 -3.5527137e-15 3.5527137e-15 3.1086245e-15 0 0.030282168 54.955316 0 0 0 0 0 37.916949 0 0 0 0 0 0 0 0 0 0 0 0 0 0 0 0 0 
0 0.0043838195 -3.5527137e-15 0.054744775 46.154256 0.13745808 0.034734206 121.06828 384.34317 99.146581 53.568297 29.629375 3.3355714 35.343932 71.9117 0 27.657389 0 0 0 0 3.5527137e-15 39.697801 0 0 0 0 0 0 0 0 0 0 0 0 0 0 0 0 0 
0 0.017331647 0.014636154 0.025048698 0.068907753 3.5527137e-15 0.12043564 390.53504 1071.5938 0 191.2828 30.901325 50.84498 3.0548208 0 93.633702 8.2368244 0 0 0 -3.5527137e-15 97.147373 11.574557 0 0 0 0 0 0 0 0 0 0 0 0 0 0 0 0 0 
0 0.014826403 0.043238575 0.10312608 0.034617526 7.1054274e-15 7.1054274e-15 0.028508255 3.5527137e-15 0.029880123 0.013368498 0.070573842 63.595609 0 0 0 0 0 0 -6.9388939e-17 0 57.600205 0 0 0 0 0 0 0 0 0 0 0 0 0 0 0 0 0 0 
0 0 0.079933177 0.048929274 -3.5527137e-15 0.046970086 0.053776791 0.021763397 0.040236418 0.050877211 0.022872689 0.042909283 0.035782453 4.5704448 0 0 0 0 0 0 0.051805736 0 0 0 0 0 0 0 0 0 0 0 0 0 0 0 0 0 0 0 
0 0 0.020727379 0.037606658 0 0.024829546 7.1054274e-15 0 0.011577341 0.033763014 0.014648724 7.9099719 0 20.767314 0 0 0 0 0 0 0 0 0 0 0 2.3319045 0 0 0 0 0 0 0 0 0 0 0 0 0 0 
0 0.0031891825 0 0 0.0090272555 0.001010755 0 3.5527137e-15 0.061474758 20.577002 0 0 0 0 131.64436 0 0 0 0 0 0 0 0 0 0.72775588 1.110223e-16 0.50276116 0 0 0 0 0 0 0 0 0 0 0 0 0 
0 0 0 0.00019007985 0 0.034938086 0 0.064840746 -1.0658141e-14 28.634546 100.55337 0 0 0 -7.1054274e-15 32.921504 19.046362 0 0 0 0 0 0 0 0.036052163 0.0010688267 109.18123 0 0 0 0 0 0 0 0 0 0 0 0 0 
0 3.5527137e-15 -3.5527137e-15 0.0015947021 10.516443 0 0 0 0 0 109.8776 0 0 7.1054274e-15 -1.3322676e-15 34.99468 1.7235113 0 28.338366 0 66.317105 19.55882 20.185399 0 0.033500824 0.0073362804 73.109362 147.66751 0 0 0 0 0 0 0 0 0 0 0 0 
0 0 0 0 0 5.2873995 0 0 0 0.029358613 0.012535797 233.55048 179.69147 3.1086245e-15 3.5527137e-15 79.063638 76.092715 8.1907924 41.792589 -3.5527137e-15 0 87.177686 66.432061 87.998787 0.0026627405 0.059477412 0.0043539015 0.030005326 180.80549 0 0 0 0 0 0 0 0 0 0 0 
0 0 0 0 0 0 0 3.5527137e-15 0 3.7747583e-15 0.086787702 0.050016699 0 -3.5527137e-15 0 0 7.1054274e-15 -8.8817842e-16 -3.5527137e-15 0 0 0.043106997 0.010355483 2.6645353e-15 -7.1054274e-15 0.023178111 0.038280514 0.027054793 0 179.48573 69.600329 51.939485 0 0 0 0 0 0 0 0 
0 0 0 21.613042 0 0 0 -3.5527137e-15 0.030400873 0 0.032151471 0 -3.5527137e-15 3.5527137e-15 0 -3.5527137e-15 0 0 0 0 -3.5527137e-15 0.00072772497 1.7763568e-15 3.5527137e-15 0 0 0.016806534 3.5527137e-15 0.052505084 0.0087425221 0.043258568 37.336287 0 0 0 0 0 0 0 0 
0 0 7.1054274e-15 1.7763568e-15 -8.8817842e-16 15.157174 0 0.048441486 366.13766 203.19239 2.6645353e-15 2.220446e-15 0 0 0 0 0 0 0 5.7091453 0 0 0 0 0 0 0 0.0054378619 -3.5527137e-15 0.0047131604 0.0061788804 67.358324 0 0 0 0 0 0 0 0 
0 0 3.5527137e-15 0 1.3322676e-15 4.4408921e-16 0.01492022 0.057243297 0.16185155 1.7763568e-14 0.024205171 0 0.72956353 0 0 0 0 0 -3.5527137e-15 43.019453 0 0 0 0 0 0 7.1054274e-15 0.0084099437 0 0.064032141 0.017991454 2.6557512 0 0 0 25.967382 73.725044 56.185098 75.900477 0 
19.361435 6.6907611 -1.7763568e-15 1.7763568e-15 0.0049185756 104.91057 0 3.5527137e-15 0.016518419 3.5527137e-15 3.5527137e-15 0 0 0 0 0 0 0 -7.1054274e-15 48.976577 0 0 0 0 0 0 0 60.239872 0 0 0 12.09635 92.819536 81.822748 86.58876 0.014701429 93.487123 0 0 0.13986975 
0 11.75274 46.174906 0 3.5527137e-15 83.471747 0 0.023445741 -2.220446e-15 0 0 0 0 0 0 0 0 0 37.812163 0 0 0 0 0 0 0 0 0 0 0 0 3.5527137e-15 -3.5527137e-15 5.3290705e-15 0.017377509 0.023846307 0 0.019648626 0.013093265 108.03012 
0 0.010930781 12.930449 3.5527137e-15 7.1054274e-15 0.0083820061 0.0016610569 -4.4408921e-16 6.5408125 0 0 0 0 0 0 0 0 0 -1.7763568e-15 18.12119 0 0 0 0 0 0 0 0 0 0 0 0 3.5527137e-15 -3.5527137e-15 0.02183816 -3.5527137e-15 0.012581018 0 0.051789268 129.12774 
0 0 0 0 0 0.00069584214 3.5527137e-15 0 38.663074 0 0 0 0 0 0 0 0 0 -3.5527137e-15 68.429345 28.071944 0 0 0 0 0 0 0 0 0 0 0 0 0 0 0 0 0 0 136.28572 
0 0 20.679841 0 0 0 0 -1.110223e-16 0 0.7827067 0 0 0 0 21.201053 44.514125 0 0 7.1054274e-15 0 43.45433 3.5527137e-15 0.031785736 0.041147591 0.17657271 26.379379 66.23866 0 0 0 0 0 0 0 0 0.024932691 0 7.1054274e-15 0.024455962 -4.4408921e-16 
0 0 0 0 0 0 0 0 0 0 0 0 0 0 -7.1054274e-15 -3.5527137e-15 85.761369 0 -3.5527137e-15 0 0.015582929 0.048229513 0.14343855 1.0658141e-14 550.03796 61.103059 0.46890877 0 0 0 0 0 0 0 0 0 3.5527137e-15 0.0029887513 0 43.882391 
0 0 0 0 0 0 0 0 0 0 0 0.24358929 0 0 0 -1.7763568e-15 3.1444404 0 0 0 0 0 3.5527137e-15 0.043319645 128.33418 0 0 0 0 0 0 0 0 0 0 0 3.5527137e-15 0 -8.8817842e-16 7.0073 
0 0 0 0 0 0 0 0 0 0 0 0.38046536 0 0 8.8817842e-16 3.2740561 0 0 0 0 0 0 0 7.1054274e-15 95.714641 0 0 0 0 0 0 0 0 0 0 0 0 0 0 0 
0 0 0 0 0 0 0 0 0 0 0 62.185865 0 0 0 0 0 0 0 0 0 0 0 -3.5527137e-15 102.51091 0 0 0 0 0.0046525526 0 -3.5527137e-15 -3.5527137e-15 -3.5527137e-15 0 0 0 0 0 0 
0 0 0 0 0 0.6539662 0 0 0 0 0 0.016000302 0 0.99883909 0 0 0 0 0 0 0 0 0 0 0 61.823081 0 31.75291 55.054834 62.182359 117.12506 0 0 3.5527137e-15 0 0 0 0 0 0 
0 0 0 0 0 0.024982853 1.6514567e-15 -3.5527137e-15 0.025427022 0.053752737 0.010116032 0.01976018 0 0 0 0 0 0 0 0 0 0.021357488 0 -3.5527137e-15 47.456164 25.306745 0 0 0 0 0 153.48422 3.5527137e-15 0.0060893703 31.308842 0 0 0 0 -3.5527137e-15 
0 0 0 0 0 0 88.839009 0.02297401 0 0.0094811055 0.028752715 0.019015588 0 0 2.3715728 0 0 0 0 0 0 0 0.037313546 -1.7763568e-15 0.026093288 0.035625036 0.033911541 40.473594 0 0 0 0 69.37734 17.351148 0 0 17.755017 27.017665 0 0 
0 0 0 0 0 -7.1054274e-15 46.684097 0 0 0 0.033802242 0 0.10337396 0.045496244 0 0 0 0 0 0 0 0 0.016932649 0.030151549 0 0 0 -3.5527137e-15 11.906243 0 0 0 0 0 0 0 0 16.657126 0 0 
0 0 0 0 0 0 48.163647 0 0 0 0 0.031009315 0.059676631 0.054301525 0 0 0 3.5527137e-15 7.1054274e-15 0 0 -3.5527137e-15 0 0.016631847 -3.5527137e-15 -1.0658141e-14 0 0.0045965523 54.097877 6.244157 0 0 0 0 0 0 0 0 0.03483671 0 
0 0 0 0 0 0 27.265548 0 0 0 0 0.010031855 0 0.077442634 0.069868265 0 25.689025 0 -3.5527137e-15 0 -7.1054274e-15 -3.5527137e-15 0.0023171743 0.035913879 0.028280064 0.031440053 139.32024 84.300405 0 0 0 0 0 0 0 0 0 0 0 22.845663 
