NCOLS 44
NROWS 39
XLLCORNER 276816.32
YLLCORNER 3833388.9
CELLSIZE 10
NODATA_VALUE -9999
0 0 0 0 0 0 0 0 0 0 -27.898813 0 0 0 0 0 0 0 0 0 0 0 0 0 0 0 0 0 0 0 0 -26.75354 -26.439373 -26.440694 0 0 0 0 0 0 0 0 0 -38.268292 
0 0 0 0 0 0 0 0 0 0 0 -28.090785 0 0 0 0 0 0 0 0 0 0 0 0 0 0 0 -26.681921 -29.042547 0 -27.242498 -26.396463 -26.75354 -26.439373 -26.440694 0 0 0 0 0 0 0 -38.268292 0 
0 0 0 0 0 0 0 0 0 0 -31.549622 -38.277275 0 0 0 0 0 0 0 0 0 0 0 0 0 0 0 -26.367226 -26.681921 -26.927244 -26.418853 -26.569473 -26.396463 -26.938131 0 0 -29.766116 -38.238266 -36.355608 0 0 -35.618939 -33.891598 0 
0 0 0 0 0 0 0 0 0 0 0 0 0 0 0 0 0 0 0 0 0 0 0 0 0 0 -26.376992 -26.484415 -26.367226 0 -26.927244 -26.418853 -26.569473 0 0 -29.766116 -38.238266 0 0 -36.355608 -35.618939 -33.891598 0 0 
0 0 0 0 0 0 0 0 0 0 0 0 0 0 0 0 0 0 0 0 0 0 0 0 0 0 -26.518875 -26.376992 -26.484415 0 0 -29.475697 0 0 0 0 0 0 0 0 0 0 -30.487143 0 
0 0 0 0 0 0 0 0 0 0 0 0 0 0 0 0 -29.408305 0 0 0 0 0 0 0 0 0 -26.7594 -26.518875 0 0 0 -38.280267 -29.058428 0 0 0 0 0 0 0 0 0 0 0 
0 0 0 0 0 0 0 0 0 0 0 0 0 0 0 -29.408305 -38.273783 0 0 0 0 0 0 -35.618939 0 0 -26.537272 -26.395749 0 0 -38.280267 -29.058428 0 0 0 0 0 0 0 0 0 0 0 0 
0 0 0 0 0 0 0 0 0 0 -38.283257 0 0 0 0 -38.273783 0 0 0 0 0 0 -35.618939 0 0 0 -26.395749 -26.631458 0 0 0 0 0 0 0 0 0 0 0 0 0 0 0 0 
0 0 0 0 0 0 0 0 -28.3198 -26.980517 -28.882871 0 0 0 0 0 0 0 0 0 0 0 0 0 0 0 -26.631458 -29.118105 0 0 0 0 0 0 0 0 0 0 0 0 0 0 0 0 
0 0 0 -27.565642 -27.179945 -27.012716 -26.839156 -26.591112 -26.566171 -28.3198 -26.980517 0 0 0 0 0 0 0 0 0 0 0 0 0 0 0 0 -30.148287 0 0 0 0 0 0 0 0 0 0 0 0 0 0 0 0 
-28.316742 -28.559635 -27.27958 -26.726447 -27.39982 -27.179945 -27.012716 -26.839156 -26.591112 -26.566171 -30.290024 0 0 0 -27.045856 0 0 0 0 0 0 0 0 0 0 0 0 0 0 0 0 0 0 0 0 0 0 0 0 0 0 0 0 0 
0 -28.316742 -28.559635 -27.27958 -26.726447 -27.39982 -27.424782 -27.596934 -27.882545 -29.074476 0 0 0 -27.105028 -26.801652 -27.045856 0 0 0 0 0 0 0 0 0 0 -33.927186 0 0 0 0 0 0 0 0 0 0 0 0 0 0 0 0 0 
-28.002644 -26.858416 -26.652798 -26.431923 -27.259411 0 0 0 0 0 0 0 0 0 -27.105028 -26.801652 0 0 0 0 0 0 0 0 0 -33.927186 -27.257609 0 0 0 0 0 0 0 0 0 0 0 0 0 0 0 0 0 
-26.70348 -26.473073 -26.431923 -26.311905 -26.547992 -26.6654 -26.810523 -27.035384 -26.778917 -26.491183 -27.641677 -27.641677 -27.538241 -35.779482 0 0 0 0 0 0 0 0 0 0 -38.255797 -27.257609 -26.948764 0 0 0 0 0 0 0 0 0 0 0 0 0 0 0 0 0 
-27.649002 -26.502127 -26.311905 -26.388748 -26.6654 -26.810523 -26.831613 -26.760386 -26.491183 -26.324875 -26.44158 -26.627625 -26.779608 -26.745867 -26.472056 0 0 0 0 0 0 0 0 0 0 -26.948764 -28.73061 0 0 0 0 0 0 0 0 0 0 0 0 0 0 0 0 0 
-27.450136 -26.468658 -26.388748 -26.404678 -26.917563 -26.831613 -26.760386 -26.628523 -26.324875 -26.44158 -26.627625 -26.552296 -26.714344 -26.472056 -26.35271 0 0 0 0 0 0 0 0 0 0 -28.73061 0 0 0 0 0 0 0 0 0 0 0 0 0 0 0 0 0 0 
-27.762076 -26.539085 -26.404678 -26.397809 -28.990781 -30.321665 -28.192489 -27.146843 -26.50184 -26.68806 -26.552296 -26.714344 -27.021544 -26.35271 -26.48018 0 0 0 0 0 0 0 0 0 0 0 0 0 0 0 0 0 0 0 0 0 0 0 0 0 0 0 0 0 
0 -26.618788 -26.397809 -26.349693 0 0 0 -27.97121 -27.536896 0 -27.99583 -27.292755 -38.24929 -26.48018 -26.526806 0 0 0 0 0 0 0 0 0 0 0 0 0 0 0 0 0 0 0 0 0 0 0 0 0 0 0 0 0 
0 -27.898813 -26.349693 -27.984563 0 0 0 -27.344159 -29.908472 -38.241776 -31.69342 -33.362727 -27.634046 -26.667168 -26.8139 -27.553192 -27.936466 -28.845537 -26.843991 -28.189757 0 0 0 0 0 0 0 0 0 0 0 0 0 0 0 -30.364587 -27.376796 0 0 0 0 -38.144197 0 0 
0 0 -38.225216 0 0 0 0 -27.091307 -27.344159 0 -38.241776 -31.69342 -33.362727 -27.013885 -27.553192 -27.936466 -28.722153 -26.843991 -26.485217 -26.333505 0 0 0 0 0 0 0 0 0 0 0 0 0 0 0 -27.376796 -28.29257 0 0 0 -38.144197 0 -33.271357 0 
0 0 0 0 0 0 0 -27.175998 -27.091307 0 0 -38.267793 -27.339039 -26.900178 -38.282759 -38.266294 -27.742578 -26.485217 -26.333505 -26.338906 0 0 -28.007225 0 0 0 0 0 0 0 0 0 0 0 0 -28.29257 -27.304265 0 0 0 0 -33.271357 0 0 
0 0 0 0 0 -32.306175 0 0 -27.175998 0 0 -27.339039 -26.900178 -26.863476 -29.434945 -38.282759 0 -28.088301 -26.338906 -26.506905 0 -28.007225 0 -33.786724 0 0 0 0 0 0 0 0 0 0 0 -27.304265 -27.493796 0 0 0 0 0 0 0 
0 0 0 0 -32.306175 -32.793617 -27.608625 0 0 0 -28.77808 0 -26.863476 -30.46435 -29.318231 -29.434945 -28.088301 -26.785531 -26.506905 -26.497578 0 0 -33.786724 0 0 0 0 0 0 0 0 0 0 0 0 -27.493796 -32.741508 0 0 0 0 0 0 0 
0 0 0 0 -32.793617 -27.608625 -38.229234 -27.332947 0 -28.77808 -27.534213 -27.797828 -34.147646 0 -30.46435 -37.508148 -26.785531 -26.617483 -26.497578 -26.343274 0 0 0 0 -28.519282 0 0 0 0 0 0 0 0 0 0 -32.741508 0 0 0 0 0 0 0 0 
0 0 0 0 0 0 -27.332947 -36.541921 0 -27.534213 -27.797828 -29.356244 0 0 0 0 -35.215514 -26.632822 -26.343274 -26.654743 -28.43214 -38.266794 0 -28.519282 -27.455454 0 0 0 0 0 0 0 0 0 0 0 0 0 0 0 0 0 0 0 
0 0 0 -33.927186 0 0 -36.541921 0 0 0 -29.356244 0 0 0 0 0 -27.502735 -26.850936 -26.629423 -26.816926 -26.916129 -38.266794 -30.927372 -27.455454 -27.033557 0 0 0 0 0 0 0 0 0 0 0 0 0 0 0 0 0 0 0 
-26.74777 -27.187117 -27.205847 -30.703248 -33.927186 0 0 0 0 0 0 0 0 0 0 -27.502735 -32.195051 -26.629423 -26.524292 -26.916129 -26.916129 -27.545001 -28.747683 -27.033557 -26.642068 0 0 0 0 0 0 0 0 0 0 -27.728867 0 0 0 0 -38.23074 0 0 0 
0 -26.74777 -28.000372 -28.061363 -30.703248 0 0 0 0 0 0 0 0 0 0 -38.263297 -26.821124 -26.524292 -26.524292 -26.916129 -26.68431 -26.757437 -27.835371 -26.642068 -26.580954 0 0 0 0 -34.185587 0 0 0 0 -27.728867 -27.040286 0 0 0 -38.23074 0 0 0 0 
0 0 0 0 -27.616019 -27.523575 -27.221771 -26.977247 -27.919548 -29.215057 -29.874017 -28.042204 -27.437599 -26.872476 -26.639731 -27.431745 0 -26.524292 -27.146843 -26.68431 -26.757437 -27.298485 -28.245708 -26.580954 -27.057178 0 0 0 -34.185587 -28.398947 0 0 0 0 -27.040286 -27.321921 0 0 0 0 0 0 0 0 
0 0 0 -28.090785 -32.239027 -27.221771 -26.977247 -27.208334 -27.540938 -28.582195 -27.930087 -26.728555 -26.677975 -26.560574 -26.85383 -26.639731 -26.900178 0 0 -28.897126 -27.099498 -35.834194 -27.070701 -27.070701 -28.04696 0 0 0 -28.398947 -27.124827 0 0 0 0 -27.321921 -35.215514 0 0 0 0 0 0 0 0 
0 0 0 0 -28.090785 -32.239027 -27.208334 -27.540938 -28.582195 -28.379463 -27.579712 -26.404027 -26.434808 -26.564535 -26.560574 -26.415487 -26.478742 -26.684843 -26.494082 -26.382072 -26.478481 -27.099498 -35.834194 -27.973423 0 0 0 0 -27.124827 -26.903416 0 0 0 0 -35.215514 0 0 0 0 0 0 0 0 0 
0 0 -35.671865 -27.389859 -37.143379 0 0 0 0 0 -26.699561 -26.363205 -26.404027 -26.434808 -26.303976 -26.318749 -26.415487 -26.478742 -26.623396 -26.494082 -26.382072 -26.478481 -28.113408 0 0 0 0 0 -26.903416 -27.109912 0 0 0 0 0 0 0 0 0 0 0 0 0 0 
0 -35.671865 -27.389859 -37.143379 0 0 -38.231744 -29.15731 -28.705394 -33.821371 -26.800556 -26.425957 -26.363205 -26.981612 -26.49786 -26.303976 -26.318749 -26.543922 -26.726447 -26.623396 -26.775823 -28.644347 0 0 0 0 0 -26.575627 -26.572068 -26.953912 0 0 0 0 0 0 0 0 0 0 0 0 0 0 
-35.336419 -26.743343 0 0 0 -38.231744 -29.15731 -26.826141 -26.750004 -27.450649 -26.240082 -26.240082 -32.589869 -28.373039 -27.404293 0 0 0 0 0 0 0 0 0 0 0 0 -26.381575 -26.575627 -26.572068 0 0 0 0 0 0 0 0 0 0 0 0 0 0 
-28.096384 -26.609772 -26.873343 0 -28.7563 -29.806898 -26.826141 -26.750004 -26.765019 -26.769708 -26.240082 -26.24548 -26.428867 -26.927244 -38.23977 0 0 0 0 0 0 0 0 0 0 0 0 -26.82653 -26.381575 0 0 0 0 0 0 0 0 0 0 0 0 0 0 0 
-38.232246 -26.873343 -26.620973 -27.05023 -26.712317 -28.7563 -27.415602 -26.765019 -26.769708 -26.769708 -26.24548 -26.329627 -26.48656 -26.567634 -27.045234 -27.530207 -29.134787 -26.916129 -26.910907 -27.007492 0 0 0 0 0 0 0 0 -26.82653 0 0 0 0 0 0 0 0 0 0 0 0 0 0 0 
0 -26.620973 -27.953683 -26.57676 -26.678499 -26.712317 -27.582557 -27.177574 -26.769708 -27.146095 -26.329627 -26.34489 -26.54765 -26.648463 -26.764686 -26.570397 -26.68511 -26.910907 -27.007492 -38.238768 0 0 0 0 0 0 0 -34.147646 0 0 0 0 0 0 0 0 0 0 0 0 0 0 0 0 
0 -30.419454 0 -26.96069 -26.57676 -26.678499 -27.23638 -27.177574 -26.938631 -27.010388 -26.34489 -26.398802 -26.503565 -26.477441 -26.570397 -26.68511 -26.288889 -30.453041 -38.238768 0 0 0 0 0 0 0 0 0 0 0 0 0 0 0 0 0 0 0 0 0 0 0 0 0 
0 0 0 0 -26.96069 -28.578408 0 0 -38.236512 -38.285677 0 -27.070084 -27.169738 -27.072058 -29.432149 -34.11021 -26.511377 0 0 0 0 0 0 0 0 0 0 0 0 0 0 0 0 0 0 0 0 0 0 0 0 0 0 0 
