
0 0
0 1
0 2
0 3
0 4
0 5
0 6
0 7
0 8
0 9
0 10
0 11
0 12
0 13
0 14
0 15
0 16
0 17
0 18
0 19
0 20
0 21
0 22
0 23
0 24
0 25
0 26
0 27
1 0
1 1
1 2
1 3
1 4
1 5
1 6
1 7
1 8
1 9
1 10
1 11
1 12
1 13
1 14
1 15
1 16
1 17
1 18
1 19
1 20
1 21
1 22
1 23
1 24
1 25
1 26
1 27
2 0
2 1
2 2
2 3
2 4
2 5
2 6
2 7
2 8
2 9
2 10
2 11
2 12
2 13
2 14
2 15
2 16
2 17
2 18
2 19
2 20
2 21
2 22
2 23
2 24
2 25
2 26
2 27
3 0
3 1
3 2
3 3
3 4
3 5
3 6
3 7
3 8
3 9
3 10
3 11
3 12
3 13
3 14
3 15
3 16
3 17
3 18
3 19
3 20
3 21
3 22
3 23
3 24
3 25
3 26
3 27
4 0
4 1
4 2
4 3
4 4
4 5
4 6
4 7
4 8
4 9
4 10
4 11
4 12
4 13
4 14
4 15
4 16
4 17
4 18
4 19
4 20
4 21
4 22
4 23
4 24
4 25
4 26
4 27
5 0
5 1
5 2
5 3
5 4
5 5
5 6
5 7
5 8
5 9
5 10
5 11
5 12
5 13
5 14
5 15
5 16
5 17
5 18
5 19
5 20
5 21
5 22
5 23
5 24
5 25
5 26
5 27
6 0
6 1
6 2
6 3
6 4
6 5
6 6
6 7
6 8
6 9
6 10
6 11
6 12
6 13
6 14
6 15
6 16
6 17
6 18
6 19
6 20
6 21
6 22
6 23
6 24
6 25
6 26
6 27
7 0
7 1
7 2
7 3
7 4
7 5
7 6
7 7
7 8
7 9
7 10
7 11
7 12
7 13
7 14
7 15
7 16
7 17
7 18
7 19
7 20
7 21
7 22
7 23
7 24
7 25
7 26
7 27
8 0
8 1
8 2
8 3
8 4
8 5
8 6
8 7
8 8
8 9
8 10
8 11
8 12
8 13
8 14
8 15
8 16
8 17
8 18
8 19
8 20
8 21
8 22
8 23
8 24
8 25
8 26
8 27
9 0
9 1
9 2
9 3
9 4
9 5
9 6
9 7
9 8
9 9
9 10
9 11
9 12
9 13
9 14
9 15
9 16
9 17
9 18
9 19
9 20
9 21
9 22
9 23
9 24
9 25
9 26
9 27
10 0
10 1
10 2
10 3
10 4
10 5
10 6
10 7
10 8
10 9
10 10
10 11
10 12
10 13
10 14
10 15
10 16
10 17
10 18
10 19
10 20
10 21
10 22
10 23
10 24
10 25
10 26
10 27
11 0
11 1
11 2
11 3
11 4
11 5
11 6
11 7
11 8
11 9
11 10
11 11
11 12
11 13
11 14
11 15
11 16
11 17
11 18
11 19
11 20
11 21
11 22
11 23
11 24
11 25
11 26
11 27
12 0
12 1
12 2
12 3
12 4
12 5
12 6
12 7
12 8
12 9
12 10
12 11
12 12
12 13
12 14
12 15
12 16
12 17
12 18
12 19
12 20
12 21
12 22
12 23
12 24
12 25
12 26
12 27
13 0
13 1
13 2
13 3
13 4
13 5
13 6
13 7
13 8
13 9
13 10
13 11
13 12
13 13
13 14
13 15
13 16
13 17
13 18
13 19
13 20
13 21
13 22
13 23
13 24
13 25
13 26
13 27
14 0
14 1
14 2
14 3
14 4
14 5
14 6
14 7
14 8
14 9
14 10
14 11
14 12
14 13
14 14
14 15
14 16
14 17
14 18
14 19
14 20
14 21
14 22
14 23
14 24
14 25
14 26
14 27
15 0
15 1
15 2
15 3
15 4
15 5
15 6
15 7
15 8
15 9
15 10
15 11
15 12
15 13
15 14
15 15
15 16
15 17
15 18
15 19
15 20
15 21
15 22
15 23
15 24
15 25
15 26
15 27
16 0
16 1
16 2
16 3
16 4
16 5
16 6
16 7
16 8
16 9
16 10
16 11
16 12
16 13
16 14
16 15
16 16
16 17
16 18
16 19
16 20
16 21
16 22
16 23
16 24
16 25
16 26
16 27
17 0
17 1
17 2
17 3
17 4
17 5
17 6
17 7
17 8
17 9
17 10
17 11
17 12
17 13
17 14
17 15
17 16
17 17
17 18
17 19
17 20
17 21
17 22
17 23
17 24
17 25
17 26
17 27
18 0
18 1
18 2
18 3
18 4
18 5
18 6
18 7
18 8
18 9
18 10
18 11
18 12
18 13
18 14
18 15
18 16
18 17
18 18
18 19
18 20
18 21
18 22
18 23
18 24
18 25
18 26
18 27
19 0
19 1
19 2
19 3
19 4
19 5
19 6
19 7
19 8
19 9
19 10
19 11
19 12
19 13
19 14
19 15
19 16
19 17
19 18
19 19
19 20
19 21
19 22
19 23
19 24
19 25
19 26
19 27
20 0
20 1
20 2
20 3
20 4
20 5
20 6
20 7
20 8
20 9
20 10
20 11
20 12
20 13
20 14
20 15
20 16
20 17
20 18
20 19
20 20
20 21
20 22
20 23
20 24
20 25
20 26
20 27
21 0
21 1
21 2
21 3
21 4
21 5
21 6
21 7
21 8
21 9
21 10
21 11
21 12
21 13
21 14
21 15
21 16
21 17
21 18
21 19
21 20
21 21
21 22
21 23
21 24
21 25
21 26
21 27
22 0
22 1
22 2
22 3
22 4
22 5
22 6
22 7
22 8
22 9
22 10
22 11
22 12
22 13
22 14
22 15
22 16
22 17
22 18
22 19
22 20
22 21
22 22
22 23
22 24
22 25
22 26
22 27
23 0
23 1
23 2
23 3
23 4
23 5
23 6
23 7
23 8
23 9
23 10
23 11
23 12
23 13
23 14
23 15
23 16
23 17
23 18
23 19
23 20
23 21
23 22
23 23
23 24
23 25
23 26
23 27
24 0
24 1
24 2
24 3
24 4
24 5
24 6
24 7
24 8
24 9
24 10
24 11
24 12
24 13
24 14
24 15
24 16
24 17
24 18
24 19
24 20
24 21
24 22
24 23
24 24
24 25
24 26
24 27
25 0
25 1
25 2
25 3
25 4
25 5
25 6
25 7
25 8
25 9
25 10
25 11
25 12
25 13
25 14
25 15
25 16
25 17
25 18
25 19
25 20
25 21
25 22
25 23
25 24
25 25
25 26
25 27
26 0
26 1
26 2
26 3
26 4
26 5
26 6
26 7
26 8
26 9
26 10
26 11
26 12
26 13
26 14
26 15
26 16
26 17
26 18
26 19
26 20
26 21
26 22
26 23
26 24
26 25
26 26
26 27
27 0
27 1
27 2
27 3
27 4
27 5
27 6
27 7
27 8
27 9
27 10
27 11
27 12
27 13
27 14
27 15
27 16
27 17
27 18
27 19
27 20
27 21
27 22
27 23
27 24
27 25
27 26
27 27
28 0
28 1
28 2
28 3
28 4
28 5
28 6
28 7
28 8
28 9
28 10
28 11
28 12
28 13
28 14
28 15
28 16
28 17
28 18
28 19
28 20
28 21
28 22
28 23
28 24
28 25
28 26
28 27
29 0
29 1
29 2
29 3
29 4
29 5
29 6
29 7
29 8
29 9
29 10
29 11
29 12
29 13
29 14
29 15
29 16
29 17
29 18
29 19
29 20
29 21
29 22
29 23
29 24
29 25
29 26
29 27
30 0
30 1
30 2
30 3
30 4
30 5
30 6
30 7
30 8
30 9
30 10
30 11
30 12
30 13
30 14
30 15
30 16
30 17
30 18
30 19
30 20
30 21
30 22
30 23
30 24
30 25
30 26
30 27
31 0
31 1
31 2
31 3
31 4
31 5
31 6
31 7
31 8
31 9
31 10
31 11
31 12
31 13
31 14
31 15
31 16
31 17
31 18
31 19
31 20
31 21
31 22
31 23
31 24
31 25
31 26
31 27
32 0
32 1
32 2
32 3
32 4
32 5
32 6
32 7
32 8
32 9
32 10
32 11
32 12
32 13
32 14
32 15
32 16
32 17
32 18
32 19
32 20
32 21
32 22
32 23
32 24
32 25
32 26
32 27
33 0
33 1
33 2
33 3
33 4
33 5
33 6
33 7
33 8
33 9
33 10
33 11
33 12
33 13
33 14
33 15
33 16
33 17
33 18
33 19
33 20
33 21
33 22
33 23
33 24
33 25
33 26
33 27
34 0
34 1
34 2
34 3
34 4
34 5
34 6
34 7
34 8
34 9
34 10
34 11
34 12
34 13
34 14
34 15
34 16
34 17
34 18
34 19
34 20
34 21
34 22
34 23
34 24
34 25
34 26
34 27
35 0
35 1
35 2
35 3
35 4
35 5
35 6
35 7
35 8
35 9
35 10
35 11
35 12
35 13
35 14
35 15
35 16
35 17
35 18
35 19
35 20
35 21
35 22
35 23
35 24
35 25
35 26
35 27
36 0
36 1
36 2
36 3
36 4
36 5
36 6
36 7
36 8
36 9
36 10
36 11
36 12
36 13
36 14
36 15
36 16
36 17
36 18
36 19
36 20
36 21
36 22
36 23
36 24
36 25
36 26
36 27
37 0
37 1
37 2
37 3
37 4
37 5
37 6
37 7
37 8
37 9
37 10
37 11
37 12
37 13
37 14
37 15
37 16
37 17
37 18
37 19
37 20
37 21
37 22
37 23
37 24
37 25
37 26
37 27
38 0
38 1
38 2
38 3
38 4
38 5
38 6
38 7
38 8
38 9
38 10
38 11
38 12
38 13
38 14
38 15
38 16
38 17
38 18
38 19
38 20
38 21
38 22
38 23
38 24
38 25
38 26
38 27
39 0
39 1
39 2
39 3
39 4
39 5
39 6
39 7
39 8
39 9
39 10
39 11
39 12
39 13
39 14
39 15
39 16
39 17
39 18
39 19
39 20
39 21
39 22
39 23
39 24
39 25
39 26
39 27
40 0
40 1
40 2
40 3
40 4
40 5
40 6
40 7
40 8
40 9
40 10
40 11
40 12
40 13
40 14
40 15
40 16
40 17
40 18
40 19
40 20
40 21
40 22
40 23
40 24
40 25
40 26
40 27
41 0
41 1
41 2
41 3
41 4
41 5
41 6
41 7
41 8
41 9
41 10
41 11
41 12
41 13
41 14
41 15
41 16
41 17
41 18
41 19
41 20
41 21
41 22
41 23
41 24
41 25
41 26
41 27
42 0
42 1
42 2
42 3
42 4
42 5
42 6
42 7
42 8
42 9
42 10
42 11
42 12
42 13
42 14
42 15
42 16
42 17
42 18
42 19
42 20
42 21
42 22
42 23
42 24
42 25
42 26
42 27
43 0
43 1
43 2
43 3
43 4
43 5
43 6
43 7
43 8
43 9
43 10
43 11
43 12
43 13
43 14
43 15
43 16
43 17
43 18
43 19
43 20
43 21
43 22
43 23
43 24
43 25
43 26
43 27
44 0
44 1
44 2
44 3
44 4
44 5
44 6
44 7
44 8
44 9
44 10
44 11
44 12
44 13
44 14
44 15
44 16
44 17
44 18
44 19
44 20
44 21
44 22
44 23
44 24
44 25
44 26
44 27
45 0
45 1
45 2
45 3
45 4
45 5
45 6
45 7
45 8
45 9
45 10
45 11
45 12
45 13
45 14
45 15
45 16
45 17
45 18
45 19
45 20
45 21
45 22
45 23
45 24
45 25
45 26
45 27
46 0
46 1
46 2
46 3
46 4
46 5
46 6
46 7
46 8
46 9
46 10
46 11
46 12
46 13
46 14
46 15
46 16
46 17
46 18
46 19
46 20
46 21
46 22
46 23
46 24
46 25
46 26
46 27
47 0
47 1
47 2
47 3
47 4
47 5
47 6
47 7
47 8
47 9
47 10
47 11
47 12
47 13
47 14
47 15
47 16
47 17
47 18
47 19
47 20
47 21
47 22
47 23
47 24
47 25
47 26
47 27
48 0
48 1
48 2
48 3
48 4
48 5
48 6
48 7
48 8
48 9
48 10
48 11
48 12
48 13
48 14
48 15
48 16
48 17
48 18
48 19
48 20
48 21
48 22
48 23
48 24
48 25
48 26
48 27
49 0
49 1
49 2
49 3
49 4
49 5
49 6
49 7
49 8
49 9
49 10
49 11
49 12
49 13
49 14
49 15
49 16
49 17
49 18
49 19
49 20
49 21
49 22
49 23
49 24
49 25
49 26
49 27
50 0
50 1
50 2
50 3
50 4
50 5
50 6
50 7
50 8
50 9
50 10
50 11
50 12
50 13
50 14
50 15
50 16
50 17
50 18
50 19
50 20
50 21
50 22
50 23
50 24
50 25
50 26
50 27
51 0
51 1
51 2
51 3
51 4
51 5
51 6
51 7
51 8
51 9
51 10
51 11
51 12
51 13
51 14
51 15
51 16
51 17
51 18
51 19
51 20
51 21
51 22
51 23
51 24
51 25
51 26
51 27
52 0
52 1
52 2
52 3
52 4
52 5
52 6
52 7
52 8
52 9
52 10
52 11
52 12
52 13
52 14
52 15
52 16
52 17
52 18
52 19
52 20
52 21
52 22
52 23
52 24
52 25
52 26
52 27
53 0
53 1
53 2
53 3
53 4
53 5
53 6
53 7
53 8
53 9
53 10
53 11
53 12
53 13
53 14
53 15
53 16
53 17
53 18
53 19
53 20
53 21
53 22
53 23
53 24
53 25
53 26
53 27
54 0
54 1
54 2
54 3
54 4
54 5
54 6
54 7
54 8
54 9
54 10
54 11
54 12
54 13
54 14
54 15
54 16
54 17
54 18
54 19
54 20
54 21
54 22
54 23
54 24
54 25
54 26
54 27
55 0
55 1
55 2
55 3
55 4
55 5
55 6
55 7
55 8
55 9
55 10
55 11
55 12
55 13
55 14
55 15
55 16
55 17
55 18
55 19
55 20
55 21
55 22
55 23
55 24
55 25
55 26
55 27
56 0
56 1
56 2
56 3
56 4
56 5
56 6
56 7
56 8
56 9
56 10
56 11
56 12
56 13
56 14
56 15
56 16
56 17
56 18
56 19
56 20
56 21
56 22
56 23
56 24
56 25
56 26
56 27
57 0
57 1
57 2
57 3
57 4
57 5
57 6
57 7
57 8
57 9
57 10
57 11
57 12
57 13
57 14
57 15
57 16
57 17
57 18
57 19
57 20
57 21
57 22
57 23
57 24
57 25
57 26
57 27
58 0
58 1
58 2
58 3
58 4
58 5
58 6
58 7
58 8
58 9
58 10
58 11
58 12
58 13
58 14
58 15
58 16
58 17
58 18
58 19
58 20
58 21
58 22
58 23
58 24
58 25
58 26
58 27
59 0
59 1
59 2
59 3
59 4
59 5
59 6
59 7
59 8
59 9
59 10
59 11
59 12
59 13
59 14
59 15
59 16
59 17
59 18
59 19
59 20
59 21
59 22
59 23
59 24
59 25
59 26
59 27
60 0
60 1
60 2
60 3
60 4
60 5
60 6
60 7
60 8
60 9
60 10
60 11
60 12
60 13
60 14
60 15
60 16
60 17
60 18
60 19
60 20
60 21
60 22
60 23
60 24
60 25
60 26
60 27
61 0
61 1
61 2
61 3
61 4
61 5
61 6
61 7
61 8
61 9
61 10
61 11
61 12
61 13
61 14
61 15
61 16
61 17
61 18
61 19
61 20
61 21
61 22
61 23
61 24
61 25
61 26
61 27
62 0
62 1
62 2
62 3
62 4
62 5
62 6
62 7
62 8
62 9
62 10
62 11
62 12
62 13
62 14
62 15
62 16
62 17
62 18
62 19
62 20
62 21
62 22
62 23
62 24
62 25
62 26
62 27
63 0
63 1
63 2
63 3
63 4
63 5
63 6
63 7
63 8
63 9
63 10
63 11
63 12
63 13
63 14
63 15
63 16
63 17
63 18
63 19
63 20
63 21
63 22
63 23
63 24
63 25
63 26
63 27
64 0
64 1
64 2
64 3
64 4
64 5
64 6
64 7
64 8
64 9
64 10
64 11
64 12
64 13
64 14
64 15
64 16
64 17
64 18
64 19
64 20
64 21
64 22
64 23
64 24
64 25
64 26
64 27
65 0
65 1
65 2
65 3
65 4
65 5
65 6
65 7
65 8
65 9
65 10
65 11
65 12
65 13
65 14
65 15
65 16
65 17
65 18
65 19
65 20
65 21
65 22
65 23
65 24
65 25
65 26
65 27
66 0
66 1
66 2
66 3
66 4
66 5
66 6
66 7
66 8
66 9
66 10
66 11
66 12
66 13
66 14
66 15
66 16
66 17
66 18
66 19
66 20
66 21
66 22
66 23
66 24
66 25
66 26
66 27
67 0
67 1
67 2
67 3
67 4
67 5
67 6
67 7
67 8
67 9
67 10
67 11
67 12
67 13
67 14
67 15
67 16
67 17
67 18
67 19
67 20
67 21
67 22
67 23
67 24
67 25
67 26
67 27
68 0
68 1
68 2
68 3
68 4
68 5
68 6
68 7
68 8
68 9
68 10
68 11
68 12
68 13
68 14
68 15
68 16
68 17
68 18
68 19
68 20
68 21
68 22
68 23
68 24
68 25
68 26
68 27
69 0
69 1
69 2
69 3
69 4
69 5
69 6
69 7
69 8
69 9
69 10
69 11
69 12
69 13
69 14
69 15
69 16
69 17
69 18
69 19
69 20
69 21
69 22
69 23
69 24
69 25
69 26
69 27
70 0
70 1
70 2
70 3
70 4
70 5
70 6
70 7
70 8
70 9
70 10
70 11
70 12
70 13
70 14
70 15
70 16
70 17
70 18
70 19
70 20
70 21
70 22
70 23
70 24
70 25
70 26
70 27
71 0
71 1
71 2
71 3
71 4
71 5
71 6
71 7
71 8
71 9
71 10
71 11
71 12
71 13
71 14
71 15
71 16
71 17
71 18
71 19
71 20
71 21
71 22
71 23
71 24
71 25
71 26
71 27
72 0
72 1
72 2
72 3
72 4
72 5
72 6
72 7
72 8
72 9
72 10
72 11
72 12
72 13
72 14
72 15
72 16
72 17
72 18
72 19
72 20
72 21
72 22
72 23
72 24
72 25
72 26
72 27
73 0
73 1
73 2
73 3
73 4
73 5
73 6
73 7
73 8
73 9
73 10
73 11
73 12
73 13
73 14
73 15
73 16
73 17
73 18
73 19
73 20
73 21
73 22
73 23
73 24
73 25
73 26
73 27
74 0
74 1
74 2
74 3
74 4
74 5
74 6
74 7
74 8
74 9
74 10
74 11
74 12
74 13
74 14
74 15
74 16
74 17
74 18
74 19
74 20
74 21
74 22
74 23
74 24
74 25
74 26
74 27
75 0
75 1
75 2
75 3
75 4
75 5
75 6
75 7
75 8
75 9
75 10
75 11
75 12
75 13
75 14
75 15
75 16
75 17
75 18
75 19
75 20
75 21
75 22
75 23
75 24
75 25
75 26
75 27
76 0
76 1
76 2
76 3
76 4
76 5
76 6
76 7
76 8
76 9
76 10
76 11
76 12
76 13
76 14
76 15
76 16
76 17
76 18
76 19
76 20
76 21
76 22
76 23
76 24
76 25
76 26
76 27
77 0
77 1
77 2
77 3
77 4
77 5
77 6
77 7
77 8
77 9
77 10
77 11
77 12
77 13
77 14
77 15
77 16
77 17
77 18
77 19
77 20
77 21
77 22
77 23
77 24
77 25
77 26
77 27
78 0
78 1
78 2
78 3
78 4
78 5
78 6
78 7
78 8
78 9
78 10
78 11
78 12
78 13
78 14
78 15
78 16
78 17
78 18
78 19
78 20
78 21
78 22
78 23
78 24
78 25
78 26
78 27
79 0
79 1
79 2
79 3
79 4
79 5
79 6
79 7
79 8
79 9
79 10
79 11
79 12
79 13
79 14
79 15
79 16
79 17
79 18
79 19
79 20
79 21
79 22
79 23
79 24
79 25
79 26
79 27
80 0
80 1
80 2
80 3
80 4
80 5
80 6
80 7
80 8
80 9
80 10
80 11
80 12
80 13
80 14
80 15
80 16
80 17
80 18
80 19
80 20
80 21
80 22
80 23
80 24
80 25
80 26
80 27
81 0
81 1
81 2
81 3
81 4
81 5
81 6
81 7
81 8
81 9
81 10
81 11
81 12
81 13
81 14
81 15
81 16
81 17
81 18
81 19
81 20
81 21
81 22
81 23
81 24
81 25
81 26
81 27
82 0
82 1
82 2
82 3
82 4
82 5
82 6
82 7
82 8
82 9
82 10
82 11
82 12
82 13
82 14
82 15
82 16
82 17
82 18
82 19
82 20
82 21
82 22
82 23
82 24
82 25
82 26
82 27
83 0
83 1
83 2
83 3
83 4
83 5
83 6
83 7
83 8
83 9
83 10
83 11
83 12
83 13
83 14
83 15
83 16
83 17
83 18
83 19
83 20
83 21
83 22
83 23
83 24
83 25
83 26
83 27
84 0
84 1
84 2
84 3
84 4
84 5
84 6
84 7
84 8
84 9
84 10
84 11
84 12
84 13
84 14
84 15
84 16
84 17
84 18
84 19
84 20
84 21
84 22
84 23
84 24
84 25
84 26
84 27
85 0
85 1
85 2
85 3
85 4
85 5
85 6
85 7
85 8
85 9
85 10
85 11
85 12
85 13
85 14
85 15
85 16
85 17
85 18
85 19
85 20
85 21
85 22
85 23
85 24
85 25
85 26
85 27
86 0
86 1
86 2
86 3
86 4
86 5
86 6
86 7
86 8
86 9
86 10
86 11
86 12
86 13
86 14
86 15
86 16
86 17
86 18
86 19
86 20
86 21
86 22
86 23
86 24
86 25
86 26
86 27
87 0
87 1
87 2
87 3
87 4
87 5
87 6
87 7
87 8
87 9
87 10
87 11
87 12
87 13
87 14
87 15
87 16
87 17
87 18
87 19
87 20
87 21
87 22
87 23
87 24
87 25
87 26
87 27
88 0
88 1
88 2
88 3
88 4
88 5
88 6
88 7
88 8
88 9
88 10
88 11
88 12
88 13
88 14
88 15
88 16
88 17
88 18
88 19
88 20
88 21
88 22
88 23
88 24
88 25
88 26
88 27
89 0
89 1
89 2
89 3
89 4
89 5
89 6
89 7
89 8
89 9
89 10
89 11
89 12
89 13
89 14
89 15
89 16
89 17
89 18
89 19
89 20
89 21
89 22
89 23
89 24
89 25
89 26
89 27
90 0
90 1
90 2
90 3
90 4
90 5
90 6
90 7
90 8
90 9
90 10
90 11
90 12
90 13
90 14
90 15
90 16
90 17
90 18
90 19
90 20
90 21
90 22
90 23
90 24
90 25
90 26
90 27
91 0
91 1
91 2
91 3
91 4
91 5
91 6
91 7
91 8
91 9
91 10
91 11
91 12
91 13
91 14
91 15
91 16
91 17
91 18
91 19
91 20
91 21
91 22
91 23
91 24
91 25
91 26
91 27
92 0
92 1
92 2
92 3
92 4
92 5
92 6
92 7
92 8
92 9
92 10
92 11
92 12
92 13
92 14
92 15
92 16
92 17
92 18
92 19
92 20
92 21
92 22
92 23
92 24
92 25
92 26
92 27
93 0
93 1
93 2
93 3
93 4
93 5
93 6
93 7
93 8
93 9
93 10
93 11
93 12
93 13
93 14
93 15
93 16
93 17
93 18
93 19
93 20
93 21
93 22
93 23
93 24
93 25
93 26
93 27
94 0
94 1
94 2
94 3
94 4
94 5
94 6
94 7
94 8
94 9
94 10
94 11
94 12
94 13
94 14
94 15
94 16
94 17
94 18
94 19
94 20
94 21
94 22
94 23
94 24
94 25
94 26
94 27
95 0
95 1
95 2
95 3
95 4
95 5
95 6
95 7
95 8
95 9
95 10
95 11
95 12
95 13
95 14
95 15
95 16
95 17
95 18
95 19
95 20
95 21
95 22
95 23
95 24
95 25
95 26
95 27
96 0
96 1
96 2
96 3
96 4
96 5
96 6
96 7
96 8
96 9
96 10
96 11
96 12
96 13
96 14
96 15
96 16
96 17
96 18
96 19
96 20
96 21
96 22
96 23
96 24
96 25
96 26
96 27
97 0
97 1
97 2
97 3
97 4
97 5
97 6
97 7
97 8
97 9
97 10
97 11
97 12
97 13
97 14
97 15
97 16
97 17
97 18
97 19
97 20
97 21
97 22
97 23
97 24
97 25
97 26
97 27
98 0
98 1
98 2
98 3
98 4
98 5
98 6
98 7
98 8
98 9
98 10
98 11
98 12
98 13
98 14
98 15
98 16
98 17
98 18
98 19
98 20
98 21
98 22
98 23
98 24
98 25
98 26
98 27
99 0
99 1
99 2
99 3
99 4
99 5
99 6
99 7
99 8
99 9
99 10
99 11
99 12
99 13
99 14
99 15
99 16
99 17
99 18
99 19
99 20
99 21
99 22
99 23
99 24
99 25
99 26
99 27
100 0
100 1
100 2
100 3
100 4
100 5
100 6
100 7
100 8
100 9
100 10
100 11
100 12
100 13
100 14
100 15
100 16
100 17
100 18
100 19
100 20
100 21
100 22
100 23
100 24
100 25
100 26
100 27
101 0
101 1
101 2
101 3
101 4
101 5
101 6
101 7
101 8
101 9
101 10
101 11
101 12
101 13
101 14
101 15
101 16
101 17
101 18
101 19
101 20
101 21
101 22
101 23
101 24
101 25
101 26
101 27
102 0
102 1
102 2
102 3
102 4
102 5
102 6
102 7
102 8
102 9
102 10
102 11
102 12
102 13
102 14
102 15
102 16
102 17
102 18
102 19
102 20
102 21
102 22
102 23
102 24
102 25
102 26
102 27
103 0
103 1
103 2
103 3
103 4
103 5
103 6
103 7
103 8
103 9
103 10
103 11
103 12
103 13
103 14
103 15
103 16
103 17
103 18
103 19
103 20
103 21
103 22
103 23
103 24
103 25
103 26
103 27
104 0
104 1
104 2
104 3
104 4
104 5
104 6
104 7
104 8
104 9
104 10
104 11
104 12
104 13
104 14
104 15
104 16
104 17
104 18
104 19
104 20
104 21
104 22
104 23
104 24
104 25
104 26
104 27
105 0
105 1
105 2
105 3
105 4
105 5
105 6
105 7
105 8
105 9
105 10
105 11
105 12
105 13
105 14
105 15
105 16
105 17
105 18
105 19
105 20
105 21
105 22
105 23
105 24
105 25
105 26
105 27
106 0
106 1
106 2
106 3
106 4
106 5
106 6
106 7
106 8
106 9
106 10
106 11
106 12
106 13
106 14
106 15
106 16
106 17
106 18
106 19
106 20
106 21
106 22
106 23
106 24
106 25
106 26
106 27
107 0
107 1
107 2
107 3
107 4
107 5
107 6
107 7
107 8
107 9
107 10
107 11
107 12
107 13
107 14
107 15
107 16
107 17
107 18
107 19
107 20
107 21
107 22
107 23
107 24
107 25
107 26
107 27
108 0
108 1
108 2
108 3
108 4
108 5
108 6
108 7
108 8
108 9
108 10
108 11
108 12
108 13
108 14
108 15
108 16
108 17
108 18
108 19
108 20
108 21
108 22
108 23
108 24
108 25
108 26
108 27
109 0
109 1
109 2
109 3
109 4
109 5
109 6
109 7
109 8
109 9
109 10
109 11
109 12
109 13
109 14
109 15
109 16
109 17
109 18
109 19
109 20
109 21
109 22
109 23
109 24
109 25
109 26
109 27
110 0
110 1
110 2
110 3
110 4
110 5
110 6
110 7
110 8
110 9
110 10
110 11
110 12
110 13
110 14
110 15
110 16
110 17
110 18
110 19
110 20
110 21
110 22
110 23
110 24
110 25
110 26
110 27
111 0
111 1
111 2
111 3
111 4
111 5
111 6
111 7
111 8
111 9
111 10
111 11
111 12
111 13
111 14
111 15
111 16
111 17
111 18
111 19
111 20
111 21
111 22
111 23
111 24
111 25
111 26
111 27
112 0
112 1
112 2
112 3
112 4
112 5
112 6
112 7
112 8
112 9
112 10
112 11
112 12
112 13
112 14
112 15
112 16
112 17
112 18
112 19
112 20
112 21
112 22
112 23
112 24
112 25
112 26
112 27
113 0
113 1
113 2
113 3
113 4
113 5
113 6
113 7
113 8
113 9
113 10
113 11
113 12
113 13
113 14
113 15
113 16
113 17
113 18
113 19
113 20
113 21
113 22
113 23
113 24
113 25
113 26
113 27
114 0
114 1
114 2
114 3
114 4
114 5
114 6
114 7
114 8
114 9
114 10
114 11
114 12
114 13
114 14
114 15
114 16
114 17
114 18
114 19
114 20
114 21
114 22
114 23
114 24
114 25
114 26
114 27
115 0
115 1
115 2
115 3
115 4
115 5
115 6
115 7
115 8
115 9
115 10
115 11
115 12
115 13
115 14
115 15
115 16
115 17
115 18
115 19
115 20
115 21
115 22
115 23
115 24
115 25
115 26
115 27
116 0
116 1
116 2
116 3
116 4
116 5
116 6
116 7
116 8
116 9
116 10
116 11
116 12
116 13
116 14
116 15
116 16
116 17
116 18
116 19
116 20
116 21
116 22
116 23
116 24
116 25
116 26
116 27
117 0
117 1
117 2
117 3
117 4
117 5
117 6
117 7
117 8
117 9
117 10
117 11
117 12
117 13
117 14
117 15
117 16
117 17
117 18
117 19
117 20
117 21
117 22
117 23
117 24
117 25
117 26
117 27
118 0
118 1
118 2
118 3
118 4
118 5
118 6
118 7
118 8
118 9
118 10
118 11
118 12
118 13
118 14
118 15
118 16
118 17
118 18
118 19
118 20
118 21
118 22
118 23
118 24
118 25
118 26
118 27
119 0
119 1
119 2
119 3
119 4
119 5
119 6
119 7
119 8
119 9
119 10
119 11
119 12
119 13
119 14
119 15
119 16
119 17
119 18
119 19
119 20
119 21
119 22
119 23
119 24
119 25
119 26
119 27
120 0
120 1
120 2
120 3
120 4
120 5
120 6
120 7
120 8
120 9
120 10
120 11
120 12
120 13
120 14
120 15
120 16
120 17
120 18
120 19
120 20
120 21
120 22
120 23
120 24
120 25
120 26
120 27
121 0
121 1
121 2
121 3
121 4
121 5
121 6
121 7
121 8
121 9
121 10
121 11
121 12
121 13
121 14
121 15
121 16
121 17
121 18
121 19
121 20
121 21
121 22
121 23
121 24
121 25
121 26
121 27
122 0
122 1
122 2
122 3
122 4
122 5
122 6
122 7
122 8
122 9
122 10
122 11
122 12
122 13
122 14
122 15
122 16
122 17
122 18
122 19
122 20
122 21
122 22
122 23
122 24
122 25
122 26
122 27
123 0
123 1
123 2
123 3
123 4
123 5
123 6
123 7
123 8
123 9
123 10
123 11
123 12
123 13
123 14
123 15
123 16
123 17
123 18
123 19
123 20
123 21
123 22
123 23
123 24
123 25
123 26
123 27
124 0
124 1
124 2
124 3
124 4
124 5
124 6
124 7
124 8
124 9
124 10
124 11
124 12
124 13
124 14
124 15
124 16
124 17
124 18
124 19
124 20
124 21
124 22
124 23
124 24
124 25
124 26
124 27
125 0
125 1
125 2
125 3
125 4
125 5
125 6
125 7
125 8
125 9
125 10
125 11
125 12
125 13
125 14
125 15
125 16
125 17
125 18
125 19
125 20
125 21
125 22
125 23
125 24
125 25
125 26
125 27
126 0
126 1
126 2
126 3
126 4
126 5
126 6
126 7
126 8
126 9
126 10
126 11
126 12
126 13
126 14
126 15
126 16
126 17
126 18
126 19
126 20
126 21
126 22
126 23
126 24
126 25
126 26
126 27
127 0
127 1
127 2
127 3
127 4
127 5
127 6
127 7
127 8
127 9
127 10
127 11
127 12
127 13
127 14
127 15
127 16
127 17
127 18
127 19
127 20
127 21
127 22
127 23
127 24
127 25
127 26
127 27
128 0
128 1
128 2
128 3
128 4
128 5
128 6
128 7
128 8
128 9
128 10
128 11
128 12
128 13
128 14
128 15
128 16
128 17
128 18
128 19
128 20
128 21
128 22
128 23
128 24
128 25
128 26
128 27
129 0
129 1
129 2
129 3
129 4
129 5
129 6
129 7
129 8
129 9
129 10
129 11
129 12
129 13
129 14
129 15
129 16
129 17
129 18
129 19
129 20
129 21
129 22
129 23
129 24
129 25
129 26
129 27
130 0
130 1
130 2
130 3
130 4
130 5
130 6
130 7
130 8
130 9
130 10
130 11
130 12
130 13
130 14
130 15
130 16
130 17
130 18
130 19
130 20
130 21
130 22
130 23
130 24
130 25
130 26
130 27
131 0
131 1
131 2
131 3
131 4
131 5
131 6
131 7
131 8
131 9
131 10
131 11
131 12
131 13
131 14
131 15
131 16
131 17
131 18
131 19
131 20
131 21
131 22
131 23
131 24
131 25
131 26
131 27
132 0
132 1
132 2
132 3
132 4
132 5
132 6
132 7
132 8
132 9
132 10
132 11
132 12
132 13
132 14
132 15
132 16
132 17
132 18
132 19
132 20
132 21
132 22
132 23
132 24
132 25
132 26
132 27
133 0
133 1
133 2
133 3
133 4
133 5
133 6
133 7
133 8
133 9
133 10
133 11
133 12
133 13
133 14
133 15
133 16
133 17
133 18
133 19
133 20
133 21
133 22
133 23
133 24
133 25
133 26
133 27
134 0
134 1
134 2
134 3
134 4
134 5
134 6
134 7
134 8
134 9
134 10
134 11
134 12
134 13
134 14
134 15
134 16
134 17
134 18
134 19
134 20
134 21
134 22
134 23
134 24
134 25
134 26
134 27
135 0
135 1
135 2
135 3
135 4
135 5
135 6
135 7
135 8
135 9
135 10
135 11
135 12
135 13
135 14
135 15
135 16
135 17
135 18
135 19
135 20
135 21
135 22
135 23
135 24
135 25
135 26
135 27
136 0
136 1
136 2
136 3
136 4
136 5
136 6
136 7
136 8
136 9
136 10
136 11
136 12
136 13
136 14
136 15
136 16
136 17
136 18
136 19
136 20
136 21
136 22
136 23
136 24
136 25
136 26
136 27
137 0
137 1
137 2
137 3
137 4
137 5
137 6
137 7
137 8
137 9
137 10
137 11
137 12
137 13
137 14
137 15
137 16
137 17
137 18
137 19
137 20
137 21
137 22
137 23
137 24
137 25
137 26
137 27
138 0
138 1
138 2
138 3
138 4
138 5
138 6
138 7
138 8
138 9
138 10
138 11
138 12
138 13
138 14
138 15
138 16
138 17
138 18
138 19
138 20
138 21
138 22
138 23
138 24
138 25
138 26
138 27
139 0
139 1
139 2
139 3
139 4
139 5
139 6
139 7
139 8
139 9
139 10
139 11
139 12
139 13
139 14
139 15
139 16
139 17
139 18
139 19
139 20
139 21
139 22
139 23
139 24
139 25
139 26
139 27
140 0
140 1
140 2
140 3
140 4
140 5
140 6
140 7
140 8
140 9
140 10
140 11
140 12
140 13
140 14
140 15
140 16
140 17
140 18
140 19
140 20
140 21
140 22
140 23
140 24
140 25
140 26
140 27
141 0
141 1
141 2
141 3
141 4
141 5
141 6
141 7
141 8
141 9
141 10
141 11
141 12
141 13
141 14
141 15
141 16
141 17
141 18
141 19
141 20
141 21
141 22
141 23
141 24
141 25
141 26
141 27
142 0
142 1
142 2
142 3
142 4
142 5
142 6
142 7
142 8
142 9
142 10
142 11
142 12
142 13
142 14
142 15
142 16
142 17
142 18
142 19
142 20
142 21
142 22
142 23
142 24
142 25
142 26
142 27
143 0
143 1
143 2
143 3
143 4
143 5
143 6
143 7
143 8
143 9
143 10
143 11
143 12
143 13
143 14
143 15
143 16
143 17
143 18
143 19
143 20
143 21
143 22
143 23
143 24
143 25
143 26
143 27
144 0
144 1
144 2
144 3
144 4
144 5
144 6
144 7
144 8
144 9
144 10
144 11
144 12
144 13
144 14
144 15
144 16
144 17
144 18
144 19
144 20
144 21
144 22
144 23
144 24
144 25
144 26
144 27
145 0
145 1
145 2
145 3
145 4
145 5
145 6
145 7
145 8
145 9
145 10
145 11
145 12
145 13
145 14
145 15
145 16
145 17
145 18
145 19
145 20
145 21
145 22
145 23
145 24
145 25
145 26
145 27
146 0
146 1
146 2
146 3
146 4
146 5
146 6
146 7
146 8
146 9
146 10
146 11
146 12
146 13
146 14
146 15
146 16
146 17
146 18
146 19
146 20
146 21
146 22
146 23
146 24
146 25
146 26
146 27
147 0
147 1
147 2
147 3
147 4
147 5
147 6
147 7
147 8
147 9
147 10
147 11
147 12
147 13
147 14
147 15
147 16
147 17
147 18
147 19
147 20
147 21
147 22
147 23
147 24
147 25
147 26
147 27
148 0
148 1
148 2
148 3
148 4
148 5
148 6
148 7
148 8
148 9
148 10
148 11
148 12
148 13
148 14
148 15
148 16
148 17
148 18
148 19
148 20
148 21
148 22
148 23
148 24
148 25
148 26
148 27
149 0
149 1
149 2
149 3
149 4
149 5
149 6
149 7
149 8
149 9
149 10
149 11
149 12
149 13
149 14
149 15
149 16
149 17
149 18
149 19
149 20
149 21
149 22
149 23
149 24
149 25
149 26
149 27
150 0
150 1
150 2
150 3
150 4
150 5
150 6
150 7
150 8
150 9
150 10
150 11
150 12
150 13
150 14
150 15
150 16
150 17
150 18
150 19
150 20
150 21
150 22
150 23
150 24
150 25
150 26
150 27