NCOLS 44
NROWS 39
XLLCORNER 276816.32
YLLCORNER 3833388.9
CELLSIZE 10
NODATA_VALUE -9999
0 0 0 0 0 0 0 0 0 0 -30.353118 0 0 0 0 0 0 0 0 0 0 0 0 0 0 0 0 0 0 0 0 -27.103711 -26.585547 -26.587532 0 0 0 0 0 0 0 0 0 0 
0 0 0 0 0 0 0 0 0 0 0 -31.294849 0 0 0 0 0 0 0 0 0 0 0 0 0 0 0 -26.976753 -39.057691 0 -28.151594 -26.521938 -27.103711 -26.585547 -26.587532 0 0 0 0 0 0 0 0 0 
0 0 0 0 0 0 0 0 0 0 0 0 0 0 0 0 0 0 0 0 0 0 0 0 0 0 0 -26.479474 -26.976753 -27.436828 -26.554934 -26.788355 -26.521938 -27.458996 0 0 -39.119727 0 0 0 0 0 0 0 
0 0 0 0 0 0 0 0 0 0 0 0 0 0 0 0 0 0 0 0 0 0 0 0 0 0 -26.49358 -26.654026 -26.479474 0 -27.436828 -26.554934 -26.788355 0 0 -39.119727 0 0 0 0 0 0 0 0 
0 0 0 0 0 0 0 0 0 0 0 0 0 0 0 0 0 0 0 0 0 0 0 0 0 0 -26.70764 -26.49358 -26.654026 0 0 -39.09797 0 0 0 0 0 0 0 0 0 0 0 0 
0 0 0 0 0 0 0 0 0 0 0 0 0 0 0 0 -39.092385 0 0 0 0 0 0 0 0 0 -27.114353 -26.70764 0 0 0 0 -39.059372 0 0 0 0 0 0 0 0 0 0 0 
0 0 0 0 0 0 0 0 0 0 0 0 0 0 0 -39.092385 0 0 0 0 0 0 0 0 0 0 -26.736708 -26.520892 0 0 0 -39.059372 0 0 0 0 0 0 0 0 0 0 0 0 
0 0 0 0 0 0 0 0 0 0 0 0 0 0 0 0 0 0 0 0 0 0 0 0 0 0 -26.520892 -26.890615 0 0 0 0 0 0 0 0 0 0 0 0 0 0 0 0 
0 0 0 0 0 0 0 0 -32.712916 -27.546867 -38.849131 0 0 0 0 0 0 0 0 0 0 0 0 0 0 0 -26.890615 -39.065534 0 0 0 0 0 0 0 0 0 0 0 0 0 0 0 0 
0 0 0 -29.082482 -27.996715 -27.615328 -27.263212 -26.823623 -26.783014 -32.712916 -27.546867 0 0 0 0 0 0 0 0 0 0 0 0 0 0 0 0 0 0 0 0 0 0 0 0 0 0 0 0 0 0 0 0 0 
-32.691325 -34.707885 -28.246868 -27.055016 -28.575036 -27.996715 -27.615328 -27.263212 -26.823623 -26.783014 0 0 0 0 -27.687388 0 0 0 0 0 0 0 0 0 0 0 0 0 0 0 0 0 0 0 0 0 0 0 0 0 0 0 0 0 
0 -32.691325 -34.707885 -28.246868 -27.055016 -28.575036 -28.647119 -29.186347 -30.281448 -39.061053 0 0 0 -27.820263 -27.192266 -27.687388 0 0 0 0 0 0 0 0 0 0 0 0 0 0 0 0 0 0 0 0 0 0 0 0 0 0 0 0 
-30.839116 -27.300321 -26.926717 -26.574392 -28.19472 0 0 0 0 0 0 0 0 0 -27.820263 -27.192266 0 0 0 0 0 0 0 0 0 0 -28.190099 0 0 0 0 0 0 0 0 0 0 0 0 0 0 0 0 0 
-27.014377 -26.636614 -26.574392 -26.401009 -26.753791 -26.94826 -27.208893 -27.664438 -27.150083 -26.66447 -29.339805 -29.339805 -28.993766 0 0 0 0 0 0 0 0 0 0 0 0 -28.190099 -27.480804 0 0 0 0 0 0 0 0 0 0 0 0 0 0 0 0 0 
-29.365504 -26.681447 -26.401009 -26.510663 -26.94826 -27.208893 -27.248805 -27.116147 -26.66447 -26.419189 -26.588862 -26.88418 -27.151356 -27.089835 -26.635059 0 0 0 0 0 0 0 0 0 0 -27.480804 -36.619171 0 0 0 0 0 0 0 0 0 0 0 0 0 0 0 0 0 
-28.721825 -26.629868 -26.510663 -26.533995 -27.417251 -27.248805 -27.116147 -26.885686 -26.419189 -26.588862 -26.88418 -26.760682 -27.033527 -26.635059 -26.45865 0 0 0 0 0 0 0 0 0 0 -36.619171 0 0 0 0 0 0 0 0 0 0 0 0 0 0 0 0 0 0 
-29.784277 -26.739589 -26.533995 -26.523909 -39.052086 0 -31.878329 -27.917576 -26.681001 -26.987416 -26.760682 -27.033527 -27.634363 -26.45865 -26.647512 0 0 0 0 0 0 0 0 0 0 0 0 0 0 0 0 0 0 0 0 0 0 0 0 0 0 0 0 0 
0 -26.8694 -26.523909 -26.454343 0 0 0 -30.686533 -28.989464 0 -30.805615 -28.281363 0 -26.647512 -26.720132 0 0 0 0 0 0 0 0 0 0 0 0 0 0 0 0 0 0 0 0 0 0 0 0 0 0 0 0 0 
0 -30.353118 -26.454343 -30.750745 0 0 0 -28.41932 -39.129197 0 0 0 -29.31321 -26.951295 -27.215249 -29.041918 -30.523491 -38.244144 -27.272484 -31.861766 0 0 0 0 0 0 0 0 0 0 0 0 0 0 0 0 -28.509799 0 0 0 0 0 0 0 
0 0 0 0 0 0 0 -27.788958 -28.41932 0 0 0 0 -27.61784 -29.041918 -30.523491 -36.511857 -27.272484 -26.655262 -26.431357 0 0 0 0 0 0 0 0 0 0 0 0 0 0 0 -28.509799 -32.523469 0 0 0 0 0 0 0 
0 0 0 0 0 0 0 -27.987179 -27.788958 0 0 0 -28.405334 -27.382406 0 0 -29.70897 -26.655262 -26.431357 -26.439003 0 0 -30.861767 0 0 0 0 0 0 0 0 0 0 0 0 -32.523469 -28.311784 0 0 0 0 0 0 0 
0 0 0 0 0 0 0 0 -27.987179 0 0 -28.405334 -27.382406 -27.310148 -39.094619 0 0 -31.281407 -26.439003 -26.688894 0 -30.861767 0 0 0 0 0 0 0 0 0 0 0 0 0 -28.311784 -28.854122 0 0 0 0 0 0 0 
0 0 0 0 0 0 -29.225873 0 0 0 -37.25089 0 -27.310148 0 -39.08456 -39.094619 -31.281407 -27.162291 -26.688894 -26.674378 0 0 0 0 0 0 0 0 0 0 0 0 0 0 0 -28.854122 0 0 0 0 0 0 0 0 
0 0 0 0 0 -29.225873 0 -28.388763 0 -37.25089 -28.980897 -29.925946 0 0 0 0 -27.162291 -26.867226 -26.674378 -26.445204 0 0 0 0 -34.324599 0 0 0 0 0 0 0 0 0 0 0 0 0 0 0 0 0 0 0 
0 0 0 0 0 0 -28.388763 0 0 -28.980897 -29.925946 -39.087914 0 0 0 0 0 -26.892909 -26.445204 -26.930031 -33.567568 0 0 -34.324599 -28.73769 0 0 0 0 0 0 0 0 0 0 0 0 0 0 0 0 0 0 0 
0 0 0 0 0 0 0 0 0 0 -39.087914 0 0 0 0 0 -28.881797 -27.285855 -26.887197 -27.220955 -27.41436 0 0 -28.73769 -27.660452 0 0 0 0 0 0 0 0 0 0 0 0 0 0 0 0 0 0 0 
-27.093271 -28.014113 -28.059983 0 0 0 0 0 0 0 0 0 0 0 0 -28.881797 0 -26.887197 -26.716166 -27.41436 -27.41436 -29.015463 -36.840508 -27.660452 -26.908506 0 0 0 0 0 0 0 0 0 0 -29.656814 0 0 0 0 0 0 0 0 
0 -27.093271 -30.827919 -31.137929 0 0 0 0 0 0 0 0 0 0 0 0 -27.228888 -26.716166 -26.716166 -27.41436 -26.980898 -27.110783 -30.079932 -26.908506 -26.807009 0 0 0 0 0 0 0 0 0 -29.656814 -27.675159 0 0 0 0 0 0 0 0 
0 0 0 0 -29.251079 -28.947115 -28.099482 -27.539997 -30.446151 -39.075051 -39.12697 -31.038383 -28.684696 -27.327707 -26.904556 -28.667484 0 -26.716166 -27.917576 -26.980898 -27.110783 -28.296473 -32.211816 -26.807009 -27.712388 0 0 0 0 -33.301955 0 0 0 0 -27.675159 -28.358968 0 0 0 0 0 0 0 0 
0 0 0 -31.294849 0 -28.099482 -27.539997 -28.06612 -29.002407 -34.932209 -30.494175 -27.058775 -26.969923 -26.773983 -27.291442 -26.904556 -27.382406 0 0 -39.041428 -27.807611 0 -27.742508 -27.742508 -31.062906 0 0 0 -33.301955 -27.865978 0 0 0 0 -28.358968 0 0 0 0 0 0 0 0 0 
0 0 0 0 -31.294849 0 -28.06612 -29.002407 -34.932209 -33.151352 -29.128841 -26.533037 -26.578706 -26.78037 -26.773983 -26.549946 -26.645302 -26.981824 -26.668957 -26.500949 -26.644902 -27.807611 0 -30.697114 0 0 0 0 -27.865978 -27.388866 0 0 0 0 0 0 0 0 0 0 0 0 0 0 
0 0 0 -28.546667 0 0 0 0 0 0 -27.0075 -26.473688 -26.533037 -26.578706 -26.389959 -26.410585 -26.549946 -26.645302 -26.877098 -26.668957 -26.500949 -26.644902 -31.418976 0 0 0 0 0 -27.388866 -27.831481 0 0 0 0 0 0 0 0 0 0 0 0 0 0 
0 0 -28.546667 0 0 0 0 -39.069454 -36.303608 0 -27.19022 -26.565493 -26.473688 -27.549171 -26.674816 -26.389959 -26.410585 -26.747293 -27.055016 -26.877098 -27.144389 -35.59108 0 0 0 0 0 -26.798338 -26.792559 -27.49142 0 0 0 0 0 0 0 0 0 0 0 0 0 0 
0 -27.085287 0 0 0 0 -39.069454 -27.238398 -27.097308 -28.723354 -26.302651 -26.302651 0 -33.102523 -28.587849 0 0 0 0 0 0 0 0 0 0 0 0 -26.500226 -26.798338 -26.792559 0 0 0 0 0 0 0 0 0 0 0 0 0 0 
-31.325281 -26.854404 -27.329404 0 -36.954673 -39.122514 -27.238398 -27.097308 -27.124594 -27.133169 -26.302651 -26.30991 -26.56983 -27.436828 0 0 0 0 0 0 0 0 0 0 0 0 0 -27.239135 -26.500226 0 0 0 0 0 0 0 0 0 0 0 0 0 0 0 
0 -27.329404 -26.873049 -27.697023 -27.029945 -36.954673 -28.620445 -27.124594 -27.133169 -27.133169 -26.30991 -26.425882 -26.657332 -26.785378 -27.68602 -28.968138 -39.067214 -27.41436 -27.403862 -27.604118 0 0 0 0 0 0 0 0 -27.239135 0 0 0 0 0 0 0 0 0 0 0 0 0 0 0 
0 -26.873049 -30.603568 -26.80018 -26.970828 -27.029945 -29.138281 -27.990982 -27.133169 -27.91581 -26.425882 -26.447502 -26.753246 -26.919346 -27.123986 -26.789851 -26.982288 -27.403862 -27.604118 0 0 0 0 0 0 0 0 0 0 0 0 0 0 0 0 0 0 0 0 0 0 0 0 0 
0 0 0 -27.50545 -26.80018 -26.970828 -28.136129 -27.990982 -27.46002 -27.610327 -26.447502 -26.525365 -26.683687 -26.643307 -26.789851 -26.982288 -26.369067 0 0 0 0 0 0 0 0 0 0 0 0 0 0 0 0 0 0 0 0 0 0 0 0 0 0 0 
0 0 0 0 -27.50545 -34.894023 0 0 0 0 0 -27.741129 -27.972109 -27.745547 -39.094386 0 -26.695881 0 0 0 0 0 0 0 0 0 0 0 0 0 0 0 0 0 0 0 0 0 0 0 0 0 0 0 
