NCOLS 44
NROWS 39
XLLCORNER 276816.32
YLLCORNER 3833388.9
CELLSIZE 10
NODATA_VALUE -9999
0 0 0 0 0 0 0 0 0 0 0 0 0 0 0 0 0 0 0 0 0 0 0 0 0 0 0 0 0 0 67.167434 0.0036636148 0 0 0 0 0 0 0 0 0 0 0 0 
0 0 0 0 0 0 0 0 0 0 0 0 0 0 0 0 0 0 0 0 0 0 0 0 0 0 155.11238 0 0 147.23087 -5.3290705e-15 0.013486795 0 0 0 0 0 0 0 0 0 0 0 0 
0 0 0 0 0 0 0 0 0 0 0 0 0 0 0 0 0 0 0 0 0 0 0 0 0 48.68243 46.691376 3.5527137e-15 0 0.026957828 0.039166302 0 0 0 0 0 0 0 0 0 0 0 0 0 
0 0 0 0 0 0 0 0 0 0 0 0 0 0 0 0 0 0 0 0 0 0 0 0 0 21.211304 0.050842274 0.01892287 0.008256483 -1.110223e-15 -7.1054274e-15 0 0 0 0 0 0 0 0 0 0 0 0 0 
0 0 0 0 0 0 0 0 0 0 0 0 0 0 0 0 0 0 0 0 0 0 0 0 0 22.675096 0 0 0 0 0 0 0 0 0 0 0 0 0 0 0 0 0 0 
0 0 0 0 0 0 0 0 0 0 0 0 0 0 0 0 0 0 0 0 0 0 0 0 0 55.049284 0 0 0 0 0 0 0 0 0 0 0 0 0 0 0 0 0 0 
0 0 0 0 0 0 0 0 0 0 0 0 0 0 0 0 0 0 0 0 0 0 0 0 0 28.198046 0 0 0 0 0 0 0 0 0 0 0 0 0 0 0 0 0 0 
0 0 0 0 0 0 0 0 0 0 0 0 0 0 0 0 0 0 0 0 0 0 0 0 14.412782 0 0 0 0 0 0 0 0 0 0 0 0 0 0 0 0 0 0 0 
0 0 0 0 0 0 0 0 0 0 -1.7763568e-15 24.786306 0 0 0 0 0 0 0 0 0 0 0 0 0 36.614543 0 0 0 0 0 0 0 0 0 0 0 0 0 0 0 0 0 0 
0 0 0 0 0 0 0 0 0 0 0 31.510398 0 0 0 0 0 0 0 0 0 0 0 0 0 58.200044 5.4700129 0 0 0 0 0 0 0 0 0 0 0 0 0 0 0 0 0 
0 0 0 0 0 0 0 -7.1054274e-15 0 0 0 0 0 25.548814 0 0 0 0 0 0 0 0 0 0 0 0 0 0 0 0 0 0 0 0 0 0 0 0 0 0 0 0 0 0 
10.865965 0 0.07745103 0.063156987 0.072007551 44.130851 0.0085165133 0.028144023 0.035163487 0 1.7763568e-15 36.422455 0 0 0 0 0 0.67729835 0 0 0 0 0 0 0 0 0 0 0 0 0 0 0 0 0 0 0 0 0 0 0 0 0 0 
0 0.032838177 0.026443239 0.072437638 0.084979224 29.928928 806.78271 244.17061 92.545869 40.037609 117.4439 0 60.942306 0 0 3.5527137e-15 6.2843051 22.662941 36.392687 0 0 0 0 0 0 0 0 0 0 0 0 0 0 0 0 0 0 0 0 0 0 0 0 0 
0 0 0.016517654 0.018954647 1.0658141e-14 0 0 0.032096545 0.044835448 0 0.038642015 3.5527137e-15 0.04438687 0 0.01802925 339.12853 0 0 0 0 0 0 0 0.16094618 0 0 0 0 0 0 0 0 0 0 0 0 0 0 0 0 0 0 0 0 
0 3.5527137e-15 -3.5527137e-15 0.042807983 -3.5527137e-15 -3.5527137e-15 0 0 -3.5527137e-15 0 0.048397935 0.026546947 0 0.05238946 0 87.57691 0 0 0 0 0 0 0 1.4528666 52.578401 0 0 0 0 0 0 0 0 0 0 0 0 0 0 0 0 0 0 0 
0 0 0.039143998 0 0 0 3.5527137e-15 0.064154835 0 0 3.5527137e-15 0 0 0.028496121 -7.1054274e-15 51.341966 0 0 0 0 0 0 0 0 27.81226 0 0 0 0 0 0 0 0 0 0 0 0 0 0 0 0 0 0 0 
0 0 0.0022659515 0 3.5527137e-15 0 -2.7755576e-17 0 0 0.021605072 0.01347058 0 0.02983623 0 -3.5527137e-15 131.74573 0 0 0 0 0 0 0 0 0 0 0 0 0 0 0 0 0 0 0 0 0 0 0 0 0 0 0 0 
0 0 0 0 0.02493105 0 0 0.039004105 0 0.031816991 0.042624678 0 0 0 3.5527137e-15 68.388504 138.37921 17.910251 33.434357 48.721578 0 0 0 0 0 0 0 0 0 0 0 0 0 0 0 0 0 0 0 0 0 0 0 0 
0 0 0 1.4224733e-15 0 0.04295174 0 0 0 0 0 0 0 0 0 0.010024009 0 0 0.012154003 0 45.574599 0 0 0 0 0 0 0 0 0 0 0 0 0 0 0 0 0 0 0 0 0 0 0 
0 0 0 0 0 0 0 0 0 0 0 0 0 0 0.020702397 0.034132141 0 0.03166702 0.038859035 3.5527137e-15 98.562257 36.930515 5.3554801 20.837792 0 0 0 0 0 0 0 0 0 0 0 0 0 0 0 0 0 0 0 0 
0 0 0 0 0 0 0 0 0 0 0 0 0 7.1054274e-15 0.0071722585 0 0 0 0 0.01690877 0 49.674224 0 17.625882 7.6533148 0 0 0 0 0 0 0 0 0 0 0 0 0 0 0 0 0 0 0 
0 0 0 0 0 0 0 0 0 0 0 0 0 -7.1054274e-15 0.001475781 0 0 0.014597782 -3.5527137e-15 0 3.5527137e-15 -8.8817842e-16 31.76052 0.057359102 0 0 0 0 0 0 0 0 0 0 0 0 0 0 0 0 0 0 0 0 
0 0 0 0 0 0 0 0 0 0 0 0 0 -6.6613381e-16 0 0 0 0 3.5527137e-15 -3.5527137e-15 100.70174 0 0 36.409868 88.103578 0 0 0 0 0 0 0 0 0 0 0 0 0 0 0 0 0 0 0 
0 0 0 0 0 0 0 0 0 0 0 0 0 0 0 0 0 0 0.0096811295 3.5527137e-15 -3.5527137e-15 120.4609 0.00091427971 92.060758 0.041921237 133.55317 0 0 0 0 0 0 0 0 0 0 0 0 0 0 0 0 0 0 
0 0 0 0 0 0 0 0 0 0 0 0 0 0 0 0 0 0 -3.5527137e-15 7.1054274e-15 0 5.3290705e-15 0.011154371 0.05684448 7.1054274e-15 122.89507 0 0 0 0 0 0 0 0 0 0 0 0 0 0 0 0 0 0 
0 0 0 0 0 0 0 0 0 0 0 0 0 0 0 0 0 0 0 0 7.1054274e-15 0 -3.5527137e-15 0.036018532 0.047794043 94.34982 0 0 0 0 0 0 0 0 0 0 0 0 0 0 0 0 0 0 
0 0 0 0 0 0 0 0 0 0 0 0 0 0 0 0 0 0 0 7.1054274e-15 0 0 -3.5527137e-15 0.054411397 0.081496521 42.977168 0 0 0 0 0 0 0 0 0 0 0 0 0 0 0 0 0 0 
0 0 0 0 0 0 0 0 0 0 0 0 0 0 0 0 0 0 0 0 -7.1054274e-15 -7.1054274e-15 0.014876308 0 0.056558649 12.741877 0 0 0 0 0 0 0 21.056534 1.7763568e-15 0 0 0 0 0 0 0 0 0 
24.374975 0 8.3847218 0 0 0 0 0 0 0 0 0 0 0 0 0 0 0 0 0 0 0.0094910722 0.032352845 0.035918708 0.047833798 57.498507 0 0 0 0 0 0 0 49.063412 0 0 0 0 0 0 0 0 0 0 
0 28.030159 0 0 0 0 0 0 0 0 0 0 0 0 0 0 0 0 0.14370196 0 0 0 0 0 0 0 0 0 0 0 4.9835965 0 0 12.113612 0 0 0 0 0 0 0 0 0 0 
0 0 0 0 0.093689655 7.160973 0.024371502 0 0 0 0 0 0 0 0 0 0 0 0 0 0 0 0.0023506021 0 0 0 0 0 0 7.1054274e-15 39.185938 0 0 0 0 0 0 0 0 0 0 0 0 0 
0 0 0.0043065384 0.032103104 0.058078782 56.2385 117.42655 58.780811 0 48.932351 0.036132508 0 0 0 0.071377102 0 0 0 0.031660918 0 3.5527137e-15 0 0 0.0032004303 0 0 0 0 0 -3.5527137e-15 28.650443 0 0 0 0 0 0 0 0 0 0 0 0 0 
0 0.00031037496 1.3322676e-15 0.059263242 0 0 0 -1.8873791e-15 0.027168855 0.038824725 0.038503534 1.0658141e-14 0.11655009 13.29438 0 0 0 3.5527137e-15 -3.5527137e-15 0 0 -4.8849813e-15 0 0 0.86388741 0 0 0 0 0 49.516701 0 0 0 0 0 0 0 0 0 0 0 0 0 
0 -3.5527137e-15 26.012981 0 0 0 0 0 7.1054274e-15 1.7763568e-15 3.5527137e-15 0.027315178 47.639396 0.094758235 0.088654973 80.749413 277.57082 104.1412 56.778901 30.589844 3.4901312 37.413381 72.687982 0 16.924636 0 0 0 0 0 43.430461 0 0 0 0 0 0 0 0 0 0 0 0 0 
0 0 0 344.52224 0.012031148 -1.7763568e-15 0 0 -3.5527137e-15 0.020960165 0.031321341 0 0.037004356 0 0.027768521 285.42258 973.20466 0 155.89425 32.760747 46.490469 3.1408211 0 82.511596 11.761095 0 0 0 0 101.69395 12.099679 0 0 0 0 0 0 0 0 0 0 0 0 0 
0 0 -3.5527137e-15 0.021921292 3.5527137e-15 8.8817842e-16 0 0 0 0.0076195047 0.020243679 0.052074292 3.5527137e-15 3.5527137e-15 7.1054274e-15 0.030780402 0 7.1054274e-15 7.1054274e-15 -1.4210855e-14 58.66627 0 0 0 0 0 0 -7.8409501e-16 0 65.927556 0 0 0 0 0 0 0 0 0 0 0 0 0 0 
0 0 1.7763568e-15 0 -3.5527137e-15 -3.5527137e-15 0 0 0 3.5527137e-15 0 3.5527137e-15 0 0 0 -3.5527137e-15 0 0.05316671 0 0.0044738354 0.032323101 0.90248157 0 0 0 0 0 0 0.061019049 0 0 0 0 0 0 0 0 0 0 0 0 0 0 0 
0 0 0 0 0 0 0 0 0 0 0 0 0 0 0 0 0.012098327 -1.3322676e-15 0.014802403 0 0 0 0 0 0 0 0 0 0 0 0 0 0 0 0 0 0 0 0 0 0 0 0 0 
0 0 0 0 0 0 0 0 0 0 0 0 0 0 0 0 0 20.656657 0 0 0 0 0 0 0 0 0 0 0 0 0 0 0 0 0 0 0 0 0 0 0 0 0 0 
