NCOLS 92
NROWS 90
XLLCORNER 452078.49
YLLCORNER 3782565.4
CELLSIZE 10
NODATA_VALUE -9999
-26.907153 -30.01266 -26.371338 -28.130932 -27.473137 -27.316046 -27.555218 -26.299743 -27.116416 0 0 0 -39.517049 -26.296658 -26.832328 -26.972983 -27.775932 -30.063623 -28.380194 -26.649649 -26.764582 -26.586883 -26.555355 -26.609244 -26.638314 -26.575964 -26.544235 -26.515372 -26.497879 -26.527755 -26.750774 -26.331851 -26.98091 -27.203116 -28.026964 -29.345136 -36.205014 -39.455726 -29.047958 -28.133988 -27.650651 -27.319098 -27.053306 -27.00153 -27.54957 -31.593416 -39.485046 -34.944694 -26.400323 -28.489853 -28.048979 -28.975547 -26.917645 -26.437011 -26.69136 -29.861343 -26.818773 -26.885598 -29.282841 -39.494385 -26.978516 0 0 0 0 -29.569334 -26.452611 0 0 0 0 0 0 0 -28.833587 -27.578838 -29.573957 -31.498074 0 -27.552768 -26.757492 -26.862253 -27.335077 -26.257304 -26.742783 -26.91504 -27.214909 -26.720778 -26.562658 -26.516996 -26.596051 -26.498277 
-26.595288 -26.328164 -26.256456 -26.273321 -26.685273 -26.768322 -26.683199 -26.299703 -26.295973 -27.083872 -27.287404 0 -26.95816 -26.201648 -26.220424 -26.329823 -26.294314 -26.32845 -26.389632 -26.311195 -26.236094 -26.317812 -26.324764 -26.337639 -26.369295 -26.417759 -26.387558 -26.452067 -26.32043 -26.278549 -26.340491 -26.207698 -26.208042 -26.404797 -26.46607 -26.60908 -26.786256 -26.8019 -27.631333 -27.221623 -26.988805 -26.85734 -26.712983 -26.578927 -26.54234 -26.470344 -26.665275 -26.831135 -26.285961 -26.289296 -27.217011 -27.284181 -26.610894 -26.391457 -26.437011 -26.69136 -27.077045 -26.818773 -26.885598 -29.282841 -27.072949 -26.978516 0 0 0 -27.611531 -26.450623 -26.466456 0 0 0 0 0 -27.255604 -26.68736 -26.790109 -27.578838 -27.977179 -27.539003 -26.79205 -26.809958 -26.757492 -26.862253 -26.220955 -26.253575 -26.742783 -26.91504 -26.575385 -26.50082 -26.397805 -26.364995 -26.661949 
-26.634776 -26.634776 -26.273321 -26.236218 -26.754958 -26.683199 -26.618765 -26.295973 -26.231922 -26.729553 -26.555638 -26.69985 -27.378542 -26.220424 -26.249695 -26.294314 -26.301731 -26.315436 -26.372833 -26.236094 -26.276468 -26.324764 -26.325654 -26.338499 -26.385111 -26.387558 -26.451344 -26.488569 -26.43191 -26.374255 -26.388827 -26.208042 -26.209219 -26.356858 -26.371667 -26.50082 -26.68946 -26.625973 -26.774651 -26.731706 -26.687569 -26.716605 -26.578927 -26.528868 -26.470344 -26.665275 -27.451881 -27.19891 -26.217968 -26.261933 -26.933973 -26.781085 -26.491014 -26.4438 -26.359472 -26.446081 -27.578838 -27.077045 -27.516257 -30.262429 -27.224273 -27.072949 0 0 0 -26.309999 -26.515814 -26.481687 0 0 0 -27.304971 -26.847361 -26.576413 -26.55081 -26.652014 -26.790109 -26.948098 -27.471763 -27.250733 -26.79205 -26.809958 -27.33114 -26.187135 -26.219537 -26.49316 -27.076531 0 -34.903228 -26.714337 -26.287967 -26.369079 
-26.988805 -26.72396 -26.236218 -26.268924 -26.601933 -26.544433 -26.567857 -26.231922 -26.211493 -26.525507 -26.445614 -26.352901 -26.459719 -26.249695 -26.360736 -26.301731 -26.315436 -26.379236 -26.434529 -26.276468 -26.342871 -26.325654 -26.338499 -26.385111 -26.445289 -26.451344 -26.448474 -26.55583 -26.444938 -26.399919 -26.386828 -26.209219 -26.201234 -26.371667 -26.373883 -26.418689 -26.582062 -26.599853 -26.651261 -26.539487 -26.580714 -26.642364 -26.528868 -26.484791 -27.132721 -27.240422 -26.957754 -26.595108 -26.194321 -26.217968 -26.730049 -26.652202 -26.504515 -26.491014 -26.330712 -26.359472 -27.748895 -27.689966 -28.240149 -30.601339 -27.321785 -27.224273 0 0 0 -26.316609 -26.309999 -26.562619 0 0 -37.544632 -26.677253 -26.814635 -26.636028 -26.576413 -26.55081 -26.652014 -26.880416 -26.948098 -26.919139 -27.250733 -27.228271 -28.376989 -26.152728 -26.187135 -26.426684 -27.007791 -26.909143 -26.532613 -26.903321 -26.763126 0 
-26.510333 -26.535265 -26.268924 -26.365527 -26.544433 -26.499269 -26.526279 -26.211493 -26.254864 -26.445614 -26.352901 -26.459719 -26.35697 -26.452466 -26.474348 -26.409015 -26.379236 -26.434529 -26.461147 -26.404405 -26.337821 -26.539101 -26.48015 -26.482821 -26.525299 -26.448474 -26.340286 -26.570008 -26.515108 -26.429526 -26.355452 -26.201234 -26.204814 -26.373883 -26.418689 -26.486778 -26.574506 -26.576708 -26.85216 -26.651261 -26.539487 -26.684027 -26.432489 -26.453338 -26.970939 -26.897573 -26.670214 -26.532236 -26.18754 -26.194321 -26.622348 -26.730049 -26.569576 -26.504515 -26.316609 -26.330712 -28.82649 -28.369502 -28.503551 -29.9561 -27.303464 -27.321785 0 0 0 -26.34444 -26.316609 0 0 0 -27.618465 -26.451254 -26.574798 -26.649387 -26.636028 -26.589512 -26.608259 -26.658866 -26.899003 -26.942948 -26.919139 -26.793163 -26.452884 -26.146598 -26.152728 -26.277966 -26.427735 -26.461685 -26.620637 -26.532613 -26.456825 -27.989378 
-26.409175 -26.361719 -26.447319 -26.544039 -26.499269 -26.629816 -26.60322 -26.254864 -26.302479 -26.779198 -26.509124 -26.35697 -26.452466 -26.377517 -26.519603 -26.489799 -26.446814 -26.461147 -26.491249 -26.337821 -26.364765 -26.546529 -26.619309 -26.654852 -26.550945 -26.340286 -26.302211 -26.532613 -26.659829 -26.684234 -26.502381 -26.204814 -26.229259 -26.489629 -26.486778 -26.574506 -26.576708 -26.589358 -26.73865 -26.901877 -27.364952 -27.832683 -26.250174 -26.340903 -26.856039 -26.816994 -26.632464 -26.510563 -26.197415 -26.18754 -26.642913 -26.827478 -26.657331 -26.569576 -26.323044 -26.316609 -28.873268 -28.523143 -28.369502 -30.070253 -27.250733 -27.303464 0 0 0 -26.362067 -26.372157 -32.2261 -27.001974 -26.560662 -26.444499 -26.3647 -26.451254 -26.574798 -26.581462 -26.519854 -26.519256 -26.379414 -26.499048 -26.464153 -26.442669 -26.3861 -26.313617 -26.158299 -26.146598 -26.287564 -26.390779 -26.529986 -26.461685 -26.363116 -26.229563 -26.564589 
-26.47655 -26.390576 -26.254289 -26.394192 -27.535862 -26.967194 -26.777319 -26.302479 -26.416603 -27.170312 -26.856201 -26.455792 -26.377517 -26.345289 -26.203598 -27.076223 -26.644051 -26.592126 -26.617242 -26.364765 -26.520261 -26.619309 -26.806686 -26.944448 -27.291012 -26.302211 -26.280088 -26.454984 -26.488147 -26.520573 -26.585687 -26.229259 -26.489629 -26.58982 -26.685065 -26.785708 -26.589358 -26.73865 -26.744007 -28.473371 -28.25357 -26.901517 -26.222941 -26.250174 -26.710066 -26.786804 -26.651261 -26.531484 -26.222853 -26.197415 -26.878702 -26.878019 -26.807928 -26.657331 -26.325795 -26.323044 -29.167653 -28.873268 -28.523143 -37.724551 -27.181957 -27.250733 0 0 0 -26.373327 -26.631049 -26.475697 -26.467131 -26.518064 -26.560662 -26.444499 -26.3647 -26.683405 -26.580117 -26.444062 -26.399849 -26.266196 -26.379414 -26.392478 -26.359358 -26.343027 -26.355901 -26.224226 -26.158299 -26.300305 -26.387359 -26.679496 -27.559205 -26.229563 -26.180001 -26.762611 
-26.69498 -26.254289 -26.343863 -26.388359 -26.592919 -29.023379 -28.720858 -26.416603 -26.696051 -27.341425 -27.120351 -26.606983 -26.352863 -26.203598 -26.159566 -26.924675 -39.520543 -27.241377 -27.083508 -26.520261 -26.824184 -26.806686 -26.944448 -26.809086 -26.928747 -26.280088 -26.266655 -26.452738 -26.413171 -26.417914 -26.436167 -26.260272 -26.58982 -26.716832 -26.781627 -26.942161 -26.930124 -26.715469 -28.822954 -27.127065 -27.050965 -26.798495 -26.220782 -26.222941 -26.784616 -26.798495 -26.67442 -26.634241 -26.247649 -26.222853 -27.140737 -27.060346 -26.878019 -26.807928 -26.340234 -26.325795 -29.619814 -29.167653 -30.998799 -27.07397 -27.192575 -27.181957 0 0 0 -26.631049 -26.675631 -26.57967 -26.475697 -26.467131 -26.518064 -26.686106 -26.62754 -26.591831 -26.432075 -26.402057 -26.40684 -26.232543 -26.266196 -26.427007 -26.392478 -26.359358 -26.343027 -26.311024 -26.224226 -26.368451 -26.451796 -26.740589 -27.411034 -26.180001 -26.144274 -26.982665 
-27.543036 -26.343863 -26.388359 -26.34645 -26.382047 -26.608916 -34.46892 -26.696051 -27.562443 -28.304186 -27.588841 -26.859626 -26.416703 -26.159566 -26.159469 -26.445289 -27.157172 0 -30.009514 -26.824184 -27.483078 -27.040835 -26.809086 -26.928747 -26.864234 -26.266655 -26.27512 -26.413171 -26.417914 -26.417914 -26.260272 -26.21975 -26.613884 -26.781627 -26.942161 -26.89331 -26.624933 -26.338652 -26.970104 -26.889437 -26.792885 -26.673816 -26.22557 -26.220782 -26.995346 -26.749941 -26.768584 -26.67442 -26.257304 -26.247649 -27.281993 -27.262628 -27.060346 -27.100681 -26.37345 -26.340234 -37.145553 -39.517312 0 -26.996665 -27.07397 -27.192575 0 0 0 -26.552158 -26.649201 -26.675631 -26.57967 -26.656375 -26.828998 -26.744744 -26.721646 -26.536538 -26.455259 -26.432075 -26.394674 -26.191942 -26.232543 -26.462157 -26.532738 -26.587517 -26.669816 -26.313704 -26.311024 -26.353781 -26.368451 -26.487409 -26.740589 -26.144274 -26.162563 -26.720157 
-27.141891 -26.524322 -26.34645 -26.382047 -26.284555 -26.326266 -26.505305 -27.334288 -39.466118 -39.502032 -29.263851 -27.084289 -26.563687 -26.159469 -26.162468 -26.326928 -26.479599 -27.009142 0 -27.483078 -39.470067 -30.036043 -27.318773 -26.864234 -26.730663 -26.27512 -26.283372 -26.449985 -26.417914 -26.413701 -26.21975 -26.21858 -26.565013 -26.693911 -26.766235 -26.624933 -26.338652 -26.248932 -26.640905 -26.714563 -26.64383 -26.584474 -26.241372 -26.22557 -27.081172 -26.834515 -26.749941 -26.768584 -26.258602 -26.257304 -27.419018 -27.560283 -27.325667 -27.397924 -26.400416 -26.375126 -39.489678 -39.489089 0 -26.886294 -26.986212 0 0 0 0 -26.504064 -26.552158 -26.649201 -26.770683 -27.027988 -27.259106 -26.719575 -26.719345 -26.570729 -26.491335 -26.380887 -26.280174 -26.173112 -26.191942 -26.432406 -26.510102 -26.610728 -26.854095 -26.436673 -26.313704 -26.347838 -26.440939 -26.584323 -27.024721 -26.162563 -26.279584 -26.535295 
-27.250733 -26.873262 -26.40335 -26.284555 -26.311784 -26.240985 -26.283839 -26.395782 -27.242471 0 0 -27.876881 -26.625279 -26.162468 -26.178071 -26.278395 -26.317218 -26.456659 -26.815194 -29.19004 -39.455209 -30.774608 -27.289095 -26.730663 -26.563546 -26.283372 -26.21953 -26.471997 -26.42337 -26.406313 -26.21858 -26.212572 -26.432904 -26.564166 -26.63567 -26.845457 -26.207812 -26.235996 -26.629992 -26.640905 -26.639996 -26.62754 -26.276468 -26.241372 -27.162476 -27.077559 -26.834515 -27.141891 -26.293816 -26.258602 -27.640821 -28.008856 -28.122191 -29.259138 -26.385243 -26.371544 -32.260642 -35.7074 0 -26.827478 -26.717744 0 0 0 -27.784855 -26.334338 -26.504064 -26.767277 -26.910978 -27.147114 -27.102833 -26.523593 -26.591831 -26.507008 -26.348267 -26.260903 -26.270698 -26.198649 -26.173112 -26.381983 -26.432406 -26.610563 -26.778392 -26.417142 -26.436673 -26.439993 -26.38263 -26.589358 -26.830829 -26.355173 -26.295276 -26.573326 
-27.380855 -26.590468 -26.69881 -26.311784 -26.240985 -26.278787 -26.273675 -26.320293 -26.382501 -29.591017 0 0 -27.276915 -26.178071 -26.278395 -26.317218 -26.310711 -26.325316 -26.40863 -26.751339 -26.531246 0 -27.756791 -26.563546 -26.357089 -26.21953 -26.235393 -26.298981 -26.406313 -26.383339 -26.212572 -26.222261 -26.468684 -26.467712 -26.814047 -27.056871 -26.185734 -26.207812 -26.564166 -26.629992 -26.681548 -26.639996 -26.348052 -26.276468 -29.194555 -27.162476 -27.077559 -28.506331 -26.283982 -26.243245 -27.235668 -28.462576 -29.259138 -29.154372 -26.371544 -26.342091 -29.406722 -34.017641 0 -26.717744 -26.898645 -33.71612 -28.12619 -27.032219 -26.692846 -26.354838 -26.334338 -26.651637 -26.732181 -26.959382 -26.997987 -26.392478 -26.415912 -26.355005 -26.2984 -26.284914 -26.260903 -26.182431 -26.198649 -26.47842 -26.883172 -26.778392 -26.881448 -26.486358 -26.389498 -26.316209 -26.412491 -26.38263 -26.355173 -26.351194 -26.331197 -26.822853 
-26.677049 -26.422815 -26.590468 -26.413686 -26.278787 -26.273675 -26.316405 -26.317522 -26.290122 -26.828085 -27.231622 -27.173355 -26.973871 -26.384914 -26.410182 -26.310711 -26.325316 -26.353437 -26.348154 -26.371869 -26.326743 -28.502441 -39.454915 0 -26.815106 -26.235393 -26.298981 -26.263945 -26.260191 -26.358439 -26.222261 -26.254221 -26.467712 -26.814047 -26.770157 -27.239741 -26.195263 -26.185734 -26.574798 -26.686524 -26.803327 -26.913929 -26.370264 -26.319658 -27.961712 -27.367433 -27.221623 -27.433438 -26.243245 -26.233047 -26.826266 -27.160683 -27.58996 -27.576632 -26.342091 -26.295392 -27.400526 -28.737358 -31.524992 -26.898645 -27.800518 -31.458184 -27.819387 -27.473685 -27.032219 -26.39502 -26.354838 -26.940199 -26.81907 -26.732181 -26.564731 -26.310254 -26.392478 -26.415912 -26.343601 -26.2984 -26.284914 -26.207621 -26.182431 -26.413474 -26.860937 -26.899003 -26.834515 -26.514873 -26.355229 -26.340748 -26.316209 -26.412491 -26.396268 -26.330567 -26.388158 -27.002752 
-26.57474 -26.492568 -26.422815 -26.506291 -26.35491 -26.316405 -26.317522 -26.290122 -26.252232 -26.557615 -26.687046 -26.629922 -26.704525 -26.663905 -26.47842 -26.472599 -26.353437 -26.348154 -26.371869 -26.326743 -26.228272 -28.340507 -30.631555 -30.084248 -39.106735 -26.558097 -26.263945 -26.260191 -26.358439 -26.267899 -26.254221 -26.241949 -26.709375 -26.770157 -26.796242 -26.85734 -26.198421 -26.183663 -26.496851 -26.448831 -26.476099 -26.602575 -26.319658 -26.27559 -27.115368 -27.008241 -26.863242 -26.79991 -26.233047 -26.211433 -26.67766 -26.844508 -27.152386 -26.620637 -26.295392 -26.363174 -26.866224 -27.351061 -29.278073 -27.438005 -26.942555 -27.414571 -27.295236 -27.2459 -27.153564 -26.424039 -26.39502 -26.949294 -26.860937 -26.674622 -26.632996 -26.403928 -26.310254 -26.450353 -26.385177 -26.339722 -26.303251 -26.229633 -26.207621 -26.771738 -26.915783 -26.851196 -26.742783 -26.271088 -26.256748 -26.345813 -26.340748 -26.478521 -26.330567 -26.260662 -26.430674 -26.892665 
-26.568042 -26.527521 -26.492568 -26.531709 -26.411139 -26.367096 -26.326323 -26.252232 -26.226619 -26.368698 -26.428653 -26.515697 -26.629922 -26.47842 -26.243093 -26.419834 -27.047016 -26.59561 -26.428784 -26.228272 -26.255094 -27.490916 -30.084248 -39.106735 0 -30.538421 -27.499733 -26.363906 -26.267899 -26.315745 -26.241949 -26.206498 -26.461458 -26.557216 -26.652014 -26.754453 -26.183663 -26.193124 -26.448831 -26.38302 -26.34645 -26.422135 -26.27559 -26.259225 -26.713885 -26.680931 -26.684234 -26.704745 -26.211433 -26.186686 -26.455718 -26.577741 -26.877677 -26.403206 -26.300665 -26.530111 -26.773324 -26.808507 -27.438005 -26.942555 -26.708284 -27.043675 -27.414571 -27.295236 -27.2459 -26.497947 -26.424039 -26.971357 -26.695194 -26.566431 -26.514756 -26.427007 -26.403928 -26.457381 -26.380951 -26.385177 -26.339722 -26.230925 -26.229633 -26.465398 -26.548135 -26.50678 -26.346929 -26.276637 -26.271088 -26.256748 -26.345813 -26.695837 -26.260662 -26.215244 -26.721646 -27.457385 
-27.264822 -26.568042 -26.582663 -26.485198 -26.473224 -26.454947 -26.352648 -26.226619 -26.329625 -26.428653 -26.429297 -26.440827 -26.518433 -26.243093 -26.262915 -26.387385 -26.560245 -28.081673 -28.516111 -26.255094 -26.371434 -28.920865 0 0 -27.038919 -26.564265 0 0 -26.616164 -26.358416 -26.206498 -26.227269 -26.436538 -26.402128 -26.419351 -26.47251 -26.193124 -26.181303 -26.38302 -26.34645 -26.344493 -26.337942 -26.259225 -26.223073 -26.603865 -26.527879 -26.554328 -26.62754 -26.186686 -26.185551 -26.366834 -26.427169 -26.630344 -26.300665 -26.322168 -26.773324 -26.808507 -27.439839 -27.763931 -26.708284 -26.846091 -26.840107 -27.043675 -27.514222 -27.861402 -26.569864 -26.497947 -26.704305 -26.55955 -26.491335 -26.505872 -26.502941 -26.427007 -26.513467 -26.433569 -26.380951 -26.394054 -26.216317 -26.230925 -26.424917 -26.465398 -26.548135 -26.380053 -26.346929 -26.276637 -26.485835 -26.72793 -27.418126 -26.215244 -26.199774 -26.939807 -27.639629 
-26.700589 -27.264822 -27.190562 -26.73521 -26.67233 -26.749094 -26.634919 -26.329625 -26.444088 -26.429297 -26.440827 -26.491484 -26.534568 -26.262915 -26.273718 -26.326649 -26.375826 -26.475126 -26.904588 -26.371434 -26.630397 0 0 0 -26.564265 -26.452657 0 0 -31.677886 -27.466789 -26.227269 -26.226167 -26.402128 -26.419351 -26.362894 -26.378523 -26.181303 -26.185124 -26.390239 -26.344493 -26.337942 -26.343183 -26.223073 -26.184083 -26.527879 -26.504064 -26.446876 -26.513117 -26.185551 -26.197518 -26.32556 -26.32556 -26.439565 -26.322168 -26.389834 -26.737926 -26.928976 -28.486999 0 0 0 0 0 -35.463186 -28.267153 -26.554056 -26.569864 -26.525176 -26.424597 -26.343027 -26.344388 -26.313312 -26.413929 -26.380502 -26.345548 -26.325185 -26.340491 -26.186209 -26.216317 -26.382436 -26.37069 -26.3408 -26.287894 -26.380053 -26.486254 -26.735042 -27.586607 -28.644349 -26.190179 -26.199562 -27.152386 -27.59784 
-26.489279 -26.700589 -26.539397 -26.508195 -26.817853 -26.997854 -27.009233 -26.614352 -26.847998 -27.099555 -27.022539 -26.902923 -26.726524 -26.273718 -26.326649 -26.265823 -26.2584 -26.303068 -26.370763 -26.872857 -26.734038 0 0 0 -26.452657 -26.592421 -39.52248 -31.677886 -31.157583 -27.73132 -26.226167 -26.231767 -26.42299 -26.362894 -26.378523 -26.426281 -26.185124 -26.189779 -26.392751 -26.374752 -26.343183 -26.308136 -26.184083 -26.182137 -26.504064 -26.446876 -26.487725 -26.450623 -26.197518 -26.217233 -26.32556 -26.34334 -26.349616 -26.389834 -26.566147 -26.928976 -26.807639 -27.207893 -30.070253 -39.48438 -31.579628 -28.899104 -27.616147 -27.050476 -26.82026 -26.471918 -26.554056 -26.43854 -26.357593 -26.349941 -26.343027 -26.256515 -26.301388 -26.25295 -26.252893 -26.300505 -26.325185 -26.177929 -26.186209 -26.290189 -26.280907 -26.301227 -26.3408 -26.287894 -26.606298 -28.392105 0 -39.534337 -26.217484 -26.190179 -27.124258 -27.791787 
-26.533633 -26.489279 -26.508195 -26.381705 -26.370915 -26.486851 -26.732489 -26.847998 -27.07443 -28.003151 -27.326992 -27.000509 -26.990323 -26.33593 -26.265823 -26.2584 -26.237753 -26.239935 -26.287129 -26.318683 -39.488618 0 0 0 -26.581253 -26.797113 -28.964214 -31.157583 -27.73132 -28.114437 -26.209543 -26.254066 -26.770841 -26.597819 -26.467267 -26.361487 -26.189779 -26.220588 -26.422214 -26.424118 -26.421741 -26.412265 -26.182137 -26.25751 -26.611224 -26.487725 -26.450623 -26.473005 -26.217233 -26.317992 -26.34334 -26.349616 -26.45252 -26.566147 -26.844508 -26.807639 -27.207893 -27.566781 -27.457506 -27.286377 -26.960607 -26.82026 -26.742295 -26.752943 -26.823853 -26.482718 -26.471918 -26.41668 -26.421977 -26.357593 -26.349941 -26.237161 -26.256515 -26.301388 -26.25295 -26.252893 -26.300505 -26.186301 -26.177929 -26.295624 -26.290189 -26.280907 -26.301227 -26.592141 -39.477313 0 -31.123628 -27.124258 -26.206803 -26.217484 -27.557053 -28.041565 
-26.634116 -26.533633 -26.381705 -26.370915 -26.472382 -26.435494 -26.495999 -26.562619 -26.551376 -27.496948 -27.647047 -27.326992 -27.000509 -26.532751 -26.311944 -26.237753 -26.239935 -26.261988 -26.231178 -26.185731 -26.543659 -27.925396 -29.418073 0 -26.402954 -26.581253 -28.333248 0 -27.553623 -26.581208 -26.187027 -26.209543 -26.885459 -27.232362 -27.160504 -26.558857 -26.220588 -26.351467 -26.53211 -26.539875 -26.610068 -26.907315 -26.25751 -26.370143 -27.00153 -26.844508 -26.64771 -26.28391 -26.282065 -26.39502 -26.516641 -26.45252 -26.476099 -26.654472 -27.354304 -27.8958 -27.566781 -27.457506 -27.343022 -26.92783 -26.796523 -26.822053 -26.82026 -26.742295 -26.752943 -26.597946 -26.482718 -26.523471 -26.41668 -26.421977 -26.414537 -26.242904 -26.237161 -26.385572 -26.410914 -26.470638 -26.475497 -26.434571 -26.186301 -26.294314 -26.296713 -26.672611 -27.715659 -26.752943 -27.3335 -28.764179 -27.89899 -27.100681 -26.242226 -26.206803 -27.427996 -28.44471 
-26.611291 -26.634116 -26.638674 -26.472382 -26.435494 -26.394695 -26.355727 -26.401242 -26.381666 -27.245762 -27.562659 -27.647047 -28.170562 -28.889824 -27.021798 -26.417273 -26.261988 -26.231178 -26.185731 -26.206835 -26.478674 -27.265247 -28.944875 -29.418073 -26.356187 -26.402954 -27.790803 0 -26.613868 -26.485052 -26.177338 -26.187027 -26.589928 -26.922672 -27.230951 -27.029864 -26.235184 -26.354503 -26.446522 -26.386034 -26.395089 -26.526524 -26.237886 -26.284914 -27.370755 -27.061843 -26.627714 -26.179343 -26.274651 -26.527509 -26.610398 -26.496414 -26.545749 -26.5546 -26.823252 -28.628948 -27.58438 -27.15121 -26.888737 -26.613384 -26.640541 -26.667834 -26.681548 -26.701242 -26.715923 -26.458496 -26.566716 -26.636387 -26.615559 -26.585991 -26.505758 -26.414537 -26.242904 -26.607114 -26.62338 -26.637645 -26.287564 -26.247296 -26.424198 -26.398015 -26.800478 -26.741563 -26.672611 -26.724425 -27.193836 -28.422921 -27.667491 -27.89899 -26.274551 -26.242226 -27.91673 -30.079562 
-28.024897 -26.611291 -27.124874 -26.581912 -26.394695 -26.355727 -26.401242 -26.381666 -26.283507 -26.423212 -26.650773 -27.059649 -28.137061 -28.425786 -26.928976 -26.83755 -26.769422 -26.439462 -26.206835 -26.282432 -26.43658 -26.616618 -29.042535 -27.708128 -26.399969 -26.356187 -39.445474 -30.249587 -26.469747 -26.519662 -26.186736 -26.177338 -26.692676 -27.083716 -27.044738 -27.082209 -26.221454 -26.235184 -26.404507 -26.386894 -26.386034 -26.395089 -26.232951 -26.237886 -26.973032 -26.649387 -26.440251 -26.178182 -26.179343 -26.408904 -26.527509 -26.610398 -26.5546 -26.607604 -26.428629 -26.613551 -26.570729 -26.529613 -26.512418 -26.43092 -26.471622 -26.468295 -26.481482 -26.505532 -26.594637 -26.711634 -26.458496 -26.566716 -26.636387 -26.63567 -26.579373 -26.2638 -26.60322 -26.946111 -26.788178 -26.775983 -26.37345 -26.287564 -26.247296 -26.330035 -26.398015 -26.800478 -26.684442 -26.394812 -27.104452 -26.937076 -28.422921 -27.667491 -26.296362 -26.274551 -28.283207 -37.427723 
-28.256725 -28.024897 0 0 -27.940461 -26.773616 -26.504526 -26.283507 -26.423212 -26.605583 -26.843151 -27.172075 -27.461281 -27.607628 -30.973464 -28.230629 -27.053368 -26.800279 -26.282432 -26.394944 -26.616618 -27.243703 -29.239956 -29.143826 -26.700393 -26.399969 0 -26.909802 -26.459982 -26.469747 -26.201978 -26.186736 -27.02977 -27.683034 -28.23372 -26.948496 -26.222195 -26.221454 -26.435662 -26.404507 -26.386894 -26.473999 -26.245227 -26.232951 -26.828998 -26.511953 -26.462536 -26.233554 -26.178182 -26.682372 -27.225603 -27.057861 -26.607604 -26.428629 -26.613551 -26.655232 -26.602093 -26.570729 -26.529613 -26.512418 -26.43092 -26.471622 -26.468295 -26.481482 -26.505532 -26.466745 -26.797367 -26.768584 -26.624242 -26.655994 -26.687569 -26.284914 -26.2638 -26.844508 -26.946111 -26.788178 -26.364523 -26.341625 -26.233771 -26.349508 -26.330035 -29.19004 -26.390847 -26.346609 -26.937076 -27.02055 -26.796804 -27.511181 -26.300786 -26.277011 -27.396194 0 
-38.030793 -28.256725 -30.890482 0 0 -36.711786 -28.14376 -26.591908 -26.684462 -26.669936 -26.667104 -27.461281 -27.607628 -30.973464 0 -30.814329 0 -27.82483 -26.394944 -26.632481 -26.948855 -27.197701 -28.908444 0 -27.026258 -26.700393 -39.468122 -26.678128 -26.502224 -26.459982 -26.224469 -26.201978 -27.11802 -27.829712 -28.118208 -26.685273 -26.222809 -26.222195 -26.49048 -26.435662 -26.466359 -26.613884 -26.281047 -26.245227 -26.631755 -26.517945 -26.511953 -26.370873 -26.233554 -30.438459 -31.146997 -27.290791 -26.841359 -26.626321 -26.68011 -26.70651 -26.655232 -26.602093 -26.624414 -26.657523 -26.746468 -26.782168 -26.810539 -26.825058 -26.711634 -26.595736 -26.466745 -26.797367 -26.768584 -26.624242 -26.655994 -26.300385 -26.284914 -27.563525 -27.353492 -26.965539 -26.204944 -26.220394 -26.269116 -26.233771 -26.468003 -28.740682 -26.346609 -26.309361 -27.02055 -26.796804 -26.727226 -26.918765 -26.277011 -26.280279 -26.809086 -38.367001 
0 -38.030793 0 0 -39.190999 0 0 -27.185995 -26.669936 -26.667104 -27.827785 -39.519838 0 0 -30.814329 0 0 0 -26.632481 -26.948855 -27.197701 -28.356144 -28.152346 -29.039667 0 -27.026258 -27.05386 -26.607081 -26.5603 -26.502224 -26.247521 -26.224469 -27.268946 -28.078606 -27.210484 -26.553241 -26.22643 -26.222809 -26.507806 -26.49048 -26.599216 -26.257246 -26.305964 -26.281047 -26.644566 -26.631755 -26.517945 -26.535901 -26.410839 -31.146997 -38.367001 -29.235775 -27.443523 -27.074993 -27.074993 -26.91061 -26.853449 -26.902237 -26.925168 -26.729577 -26.862912 -26.746468 -26.782168 -26.810539 -26.825058 -26.830218 -26.726524 -26.855714 -26.885598 -26.92441 -26.847361 -26.319025 -26.300385 -27.293009 -27.180103 -26.650136 -26.14523 -26.204944 -26.220394 -26.269116 -27.063344 -27.076018 -26.309361 -26.262055 -27.385906 -26.727226 -26.730758 -26.700589 -26.280279 -26.325842 -26.989238 -29.190138 
0 0 -39.522891 -39.190999 -28.060013 -27.478706 -29.097232 0 0 0 -39.519838 0 0 0 0 0 0 0 -28.789805 -30.563196 -28.356144 -28.152346 -29.039667 -39.505677 0 -36.982842 -26.955564 -26.61139 -26.607081 -26.5603 -26.264552 -26.247521 -27.275112 -27.917544 -26.867556 -26.553512 -26.222348 -26.22643 -26.519017 -26.507806 -26.671211 -26.274151 -26.257246 -26.305964 -27.049011 -26.644566 -26.901877 -26.704525 -27.436175 0 -30.677631 -35.503032 0 -27.074993 -27.369092 -27.150037 -26.91061 -26.853449 -26.902237 -26.925168 -26.729577 -26.862912 -26.841987 -26.928212 -27.16789 -27.516257 -28.010646 -33.412034 -29.24508 -27.413685 -26.34423 -26.320475 -26.319025 -27.136715 -26.712757 -26.295199 -26.129142 -26.14523 -26.271349 -26.556652 -27.076018 -26.601612 -26.262055 -26.246863 -27.173355 -26.730758 -26.700589 -26.626842 -26.325842 -26.348428 -26.816403 -28.678819 
0 -27.716833 -26.838546 -27.249072 -28.417989 -28.060013 -27.478706 -29.097232 0 0 0 0 0 0 0 0 0 0 0 0 0 0 0 0 -26.995302 -29.018527 -26.917309 -26.71251 -26.61139 -26.702136 -26.263105 -26.264552 -27.361822 -27.344622 -26.732894 -26.61758 -26.223648 -26.222348 -26.515461 -26.60516 -26.868223 -26.35207 -26.274151 -27.72352 -26.736722 -28.088802 -39.500855 -27.953223 -27.55598 -30.677631 -35.503032 0 0 -39.494973 -38.299605 -30.86938 -28.473371 -27.720891 -27.378289 -27.035534 -26.972612 -27.090576 -27.068883 -27.447226 -29.019335 -33.268805 0 0 -29.70296 -27.552768 -26.39893 -26.34423 -26.320475 -26.836991 -26.313095 -26.189159 -26.152316 -26.129142 -26.647339 0 -28.476085 -26.633885 -26.246863 -26.241734 -27.043193 -26.781085 -26.626842 -26.636926 -26.348428 -26.359529 -27.101219 -33.047527 
-28.453474 -26.254657 -26.703668 -26.838546 -27.249072 -28.417989 -31.328042 0 0 0 0 0 0 0 0 0 0 0 0 0 0 0 0 0 -27.421789 -26.995302 -26.929014 -26.917309 -26.71251 -26.893486 -26.258288 -26.263105 -27.392662 -27.712404 -27.344622 -26.732894 -26.268924 -26.223648 -26.631579 -27.103912 -26.833899 -26.282772 -26.35207 -26.814047 -27.178871 -26.736722 -28.75406 -27.55598 0 0 -38.23294 -29.619814 -29.643187 -31.158762 -39.489089 -29.068596 -27.438005 -26.881448 -26.678475 -26.969687 -27.035534 -28.5779 0 0 0 0 0 0 -35.045967 -28.983414 -26.535138 -26.39893 -26.954917 -26.32043 -26.186055 -26.18549 -26.189159 -26.152316 -27.295236 0 -27.527546 -26.828389 -26.241734 -26.238464 -26.994907 -26.865892 -26.636926 -26.666848 -26.359529 -26.374752 -27.467934 0 
-26.368872 -26.222979 -26.254657 -26.703668 -26.8704 -27.254627 -28.670317 -31.328042 0 0 0 -29.05365 -27.964957 -26.853804 0 0 0 0 -28.499669 0 0 0 0 0 -27.39249 -27.421789 -26.939925 -26.929014 -26.920752 -27.160563 -26.291927 -26.258288 -27.353249 -27.011404 -26.667834 -26.7482 -26.237661 -26.268924 -27.145949 -27.165478 -27.047064 -26.312186 -26.282772 -27.056871 -26.814047 -27.178871 0 0 -30.827716 -27.762553 -27.221623 -27.211134 -27.180721 -27.19891 -27.961712 -27.190687 -26.660215 -26.448563 -26.395921 -26.569864 -26.573776 -26.758255 -27.462228 -33.742591 0 0 0 0 -37.544632 -28.260341 -26.597155 -26.535138 -26.299389 -26.172398 -26.177119 -26.186055 -26.18549 -26.209277 -27.513207 -27.527546 -27.390174 -26.964301 -26.238464 -26.247377 -27.045609 -26.846408 -26.666848 -26.763643 -26.374752 -26.404362 -27.862938 0 
-26.538985 -26.340661 -26.222979 -26.74337 -27.760903 0 0 0 0 -39.509909 -27.936133 -27.22547 -26.853804 -26.449188 -26.617192 -26.800024 -27.156045 -27.096724 -26.832115 -28.499669 -35.551291 -28.075547 0 0 0 -27.39249 -27.940961 -26.939925 -27.604656 -27.125267 -26.258149 -26.291927 -27.258404 -26.898287 -26.79456 -26.294737 -26.279135 -26.237661 -26.907315 -27.145949 -27.165478 -26.320976 -26.312186 -28.190151 -27.056871 -28.167019 -39.480847 -26.422293 -26.631579 -26.749194 -26.997546 -27.180721 -27.157706 -26.872587 -26.670015 -26.474797 -26.376817 -26.350376 -26.445728 -26.395921 -26.498717 -26.499048 -26.573193 -26.857014 -27.759804 -31.182453 -34.282447 -28.407414 -27.75297 -27.391031 -26.373821 -26.242695 -26.160768 -26.186209 -26.172398 -26.177119 -26.233602 -26.269213 -33.153609 -27.313324 -27.176413 -27.281265 -26.247377 -26.266228 -27.153564 -26.970939 -26.763643 -26.825662 -26.404362 -26.416372 -28.313635 0 
-30.003823 -26.342262 -26.320552 0 0 0 -29.88929 -30.384994 -28.017656 -27.395331 -27.313783 -26.936454 -26.449188 -26.617192 -26.687088 -26.78437 -27.178255 -27.270017 -27.096724 -26.832115 -39.47908 -35.551291 -28.075547 -39.514492 -27.29732 -27.870348 -27.391031 -28.588841 -28.040457 -27.036676 -26.274915 -26.258149 -27.390089 -27.258404 -26.898287 -26.347945 -26.294737 -26.279239 -26.881792 -27.022863 -27.38761 -26.331441 -26.320976 -29.963047 -28.67253 -26.660022 -26.372096 -26.236243 -26.422293 -26.557064 -26.598104 -26.708062 -26.872587 -26.670015 -26.638728 -26.656375 -26.474797 -26.376817 -26.350376 -26.445728 -26.499048 -26.573193 -26.556241 -26.540392 -26.642181 -26.858318 -26.571451 -26.488569 -26.487725 -26.446257 -26.17078 -26.158099 -26.198841 -26.160768 -26.186209 -26.328977 -26.277761 -26.233602 -27.313324 -26.875294 -26.751689 -27.706578 -26.266228 -26.27512 -27.285644 -27.22894 -26.911345 -26.825058 -26.416372 -26.41054 -29.386277 0 
0 -26.320552 -26.273669 -27.76462 -32.343343 -31.202763 -26.721 -26.809754 -26.80367 -26.879867 -26.949374 -27.313783 -26.641761 -26.687088 -26.78437 -27.178255 -29.156578 -32.164876 -26.639325 -27.173111 -27.000464 -27.027894 -27.875166 -39.508381 -27.151915 -27.29732 -27.870348 -27.391031 -27.930502 -26.959872 -26.304052 -26.274915 -28.171188 -27.54957 -27.345424 -26.333153 -26.337993 -26.881792 -27.022863 -26.84768 -26.974292 -26.347516 -26.331441 -28.449214 -26.82026 -26.402343 -26.379797 -26.313138 -26.236243 -26.43965 -26.548935 -26.444762 -26.519974 -26.638728 -26.809086 -26.679087 -26.656375 -26.721876 -26.646968 -26.678883 -26.62132 -26.457474 -26.404434 -26.328833 -26.291087 -26.302438 -26.248631 -26.238893 -26.241527 -26.238893 -26.143112 -26.17078 -26.158099 -26.198841 -26.326313 -26.332075 -26.328977 -26.277761 -26.875294 -26.751689 -26.797931 -27.673674 -26.27512 -26.279723 -27.237023 -27.254208 -27.078074 -26.939807 -26.41054 -26.430181 -29.835097 0 
0 -26.273669 -26.240885 -26.574755 -26.773059 -32.343343 -31.202763 -26.721 -26.809754 -26.80367 -26.879867 -26.949374 -27.289537 -26.747705 -26.572379 -26.532324 -26.533961 -26.591893 -26.527348 -26.639325 -27.173111 -27.000464 -27.027894 -27.875166 -27.593328 -27.151915 -28.442059 -28.308429 -27.44602 -26.726454 -26.332251 -26.304052 -28.175374 -27.467934 -27.477544 -26.301308 -26.34967 -27.038393 -26.84768 -26.958975 -26.920639 -26.348106 -26.363584 -26.628588 -26.407354 -26.432489 -26.402343 -26.379797 -26.313138 -26.597313 -26.444762 -26.478015 -26.319567 -26.419936 -26.682579 -27.713054 -26.797367 -26.544301 -26.393848 -26.375876 -26.321159 -26.25804 -26.273586 -26.291087 -26.290975 -26.26476 -26.281819 -26.248631 -26.238893 -26.241527 -26.193605 -26.143112 -26.227733 -26.361025 -26.351905 -26.326313 -26.332075 -26.53211 -26.919139 -26.797931 -26.901517 -27.776426 -26.279723 -26.287857 -27.140737 -27.137288 -27.211134 -27.2459 -26.430181 -26.459336 -28.540182 0 
-27.59908 -26.240885 -26.361429 -26.773059 -27.380228 -28.600774 -27.817336 -27.013584 -26.836247 -26.766496 -26.77909 -26.857275 -26.747705 -26.572379 -26.532324 -26.533961 -26.536729 -26.663632 -26.591893 -26.527348 -27.115534 -27.205699 -27.749437 -29.074867 -27.857419 -27.593328 -27.493975 -26.980131 -26.885946 -26.504041 -26.348795 -26.332251 -26.726056 -26.641451 -26.584625 -26.254203 -26.301308 -27.386758 -27.216356 -26.920639 -26.809958 -26.363584 -26.475497 -26.731232 -26.596997 -26.407354 -26.432489 -26.624069 -26.517351 -26.540004 -26.478015 -26.319567 -26.317544 -26.260572 -26.268604 -26.656757 -26.491228 -26.40177 -26.295315 -26.224048 -26.25804 -26.273586 -26.2673 -26.290975 -26.26557 -26.273652 -26.26476 -26.281819 -26.328068 -26.373327 -26.220977 -26.193605 -26.332319 -26.389632 -26.361025 -26.351905 -26.507806 -27.529616 -26.905859 -26.834207 -26.904769 -27.748895 -26.287857 -26.300305 -27.114817 -27.066358 -27.201463 -27.235668 -26.459336 -26.461779 -29.448363 0 
-26.610794 -26.548388 -26.361429 -26.532487 -26.475687 -26.64643 -26.487293 -27.010181 -26.824757 -26.81226 -26.766496 -26.736193 -26.712375 -26.640686 -26.543816 -26.536729 -26.534353 -26.58313 -26.775636 -26.903827 -27.187117 -27.416435 -28.103794 -28.691333 -26.941768 -27.017973 -26.791994 -26.755463 -26.57559 -26.235781 -26.352488 -26.348795 -26.52924 -26.697989 -26.641451 -26.298755 -26.254203 -27.191945 -27.684919 -26.809958 -26.797649 -26.475497 -26.43583 -26.640178 -26.777319 -26.811705 -27.253512 -26.603381 -26.507578 -26.41939 -26.508035 -26.317544 -26.260572 -26.268604 -26.23649 -26.588897 -26.439223 -26.342923 -26.302844 -26.239629 -26.224048 -26.2673 -26.334041 -26.341212 -26.425157 -26.564731 -26.57203 -26.551753 -26.398015 -26.331003 -26.318171 -26.220977 -26.391865 -26.464918 -26.462347 -26.502941 -26.792328 -28.124188 -26.834207 -26.772266 -26.819665 -27.241104 -26.300305 -26.309999 -27.066358 -27.201463 -27.235668 -27.325667 -26.461779 -26.446876 -39.520249 0 
-26.610794 -26.504041 -26.532487 -26.475687 -26.473561 -26.515026 -26.365249 -26.313312 -27.209317 -26.824757 -26.81226 -26.676137 -26.583175 -26.64178 -26.552726 -26.534353 -26.533721 -26.571697 -26.660215 -26.882965 -27.462701 -27.823945 -28.255823 -28.322683 -26.836991 -26.941768 -27.017973 -26.791994 -26.612468 -26.291215 -26.235781 -26.352488 -26.635598 -26.52924 -26.697989 -26.360967 -26.298755 -30.378189 -29.163214 -26.797649 -26.589204 -26.43583 -26.421977 -26.438455 -26.480048 -26.584928 -26.918765 -26.462252 -26.388359 -26.34178 -26.41939 -26.409721 -26.285852 -26.23649 -26.242174 -26.581313 -26.39599 -26.337487 -26.342923 -26.255238 -26.239629 -26.356407 -26.341212 -26.349508 -26.345601 -26.400061 -26.716832 -26.585232 -26.551753 -26.398015 -26.331003 -26.318171 -26.877336 -26.831441 -26.782982 -27.019168 -33.339721 -27.375768 -26.772266 -26.803899 -26.940591 -27.339038 -26.309999 -26.30159 -27.453751 -27.361658 -27.325667 -27.496154 -26.446876 -26.436927 0 0 
-27.387354 -26.577298 -26.565141 -26.473561 -26.515026 -26.527891 -26.290888 -26.24559 -27.868955 -28.80541 -27.485519 -26.916936 -26.659097 -26.583175 -26.536755 -26.533721 -26.511918 -26.454223 -26.486579 -26.552158 -26.847648 -27.132153 -27.564935 -27.785137 -26.91757 -26.836991 -27.510574 -27.552875 -26.953062 -26.338718 -26.291215 -26.74205 -26.623036 -26.716605 -27.261922 -26.441456 -26.360967 0 -28.190151 -26.913559 -26.61472 -26.428385 -26.421977 -26.447319 -26.56108 -26.639815 -26.827782 -26.366953 -26.324484 -26.286869 -26.34178 -26.461402 -26.324157 -26.242174 -26.240702 -26.538586 -26.43125 -26.39599 -26.309192 -26.305137 -26.255238 -26.533872 -26.349508 -26.345601 -26.400061 -26.39282 -26.789556 -26.764937 -26.585232 -26.597787 -26.652768 -26.707618 -26.646042 -26.72257 -26.831441 -27.247967 -30.911769 -26.861924 -26.803899 -26.909876 -27.339038 -28.545912 -26.273619 -26.291916 -27.919991 -27.65042 -27.58438 -27.444447 -26.436927 -26.438881 0 0 
-30.487883 -26.914336 -26.694381 -26.542105 -26.527891 -26.546847 -26.24559 -26.234213 -27.671195 -37.184215 -28.793949 -27.074839 -26.73742 -26.659097 -26.681425 -26.511918 -26.454223 -26.486579 -26.552158 -26.503771 -26.71891 -26.812641 -27.032078 -27.564935 -27.247001 -26.91757 -28.736363 -27.432801 -26.791162 -26.32925 -26.338718 -26.853837 -26.74205 -27.067367 -28.11226 -26.495978 -26.507692 -26.90768 -26.593231 -26.563602 -26.580416 -26.602897 -26.541689 -26.547603 -26.41408 -26.396477 -26.461307 -26.266291 -26.313922 -26.263739 -26.282242 -26.361429 -26.338499 -26.240702 -26.215265 -26.565013 -26.527632 -26.43125 -26.416142 -26.309192 -26.305137 -26.895436 -26.685065 -26.511373 -26.39282 -26.526401 -27.015499 -26.978092 -26.997105 -27.038393 -26.578185 -26.652768 -26.787078 -26.646042 -26.72257 -28.306541 -26.519854 -26.655613 -26.450443 -26.552158 -26.883864 -27.366605 -26.263523 -26.273619 -28.114239 -27.773634 -27.444447 -27.311798 -26.438881 -26.440423 0 0 
-39.515726 -27.973721 -26.926916 -26.637034 -26.546847 -26.56558 -26.234213 -26.211406 -27.429896 -29.294341 -37.184215 -28.793949 -27.074839 -26.73742 -27.773773 -26.879319 -26.580998 -26.558581 -26.503771 -26.71891 -26.812641 -27.032078 -27.249072 -27.533357 -28.241262 -27.247001 -28.431011 -27.256163 -26.882792 -26.40801 -26.32925 -26.836371 -26.982777 -27.388464 -29.154372 -26.576266 -26.900797 -26.604998 -26.631755 -26.593231 -26.563602 -26.580416 -26.547603 -26.41408 -26.396477 -26.451434 -26.404362 -26.260332 -26.266291 -26.313922 -26.263739 -26.282242 -26.25449 -26.215265 -26.203686 -26.630168 -26.602897 -26.527632 -26.640723 -26.513584 -27.168495 -27.084289 -27.891034 -27.04755 -26.526401 -26.60581 -27.646807 -27.497147 -27.139585 -27.019628 -26.909876 -26.578185 -26.918765 -27.418126 0 0 -26.253063 -26.431167 -26.409498 -26.450443 -26.552158 -26.883864 -26.257981 -26.263523 -28.632013 -27.621954 -27.311798 -26.474397 -26.440423 -26.497508 0 0 
0 -38.665424 -27.665031 -26.891933 -26.56558 -26.470835 -26.211406 -26.194092 -27.294493 -28.608589 -34.945575 -39.518017 -26.992763 -27.799657 0 -27.773773 -27.147056 -27.32918 -26.914744 -26.610844 -27.072643 -27.391889 -28.118406 -30.62586 -34.156727 -29.049936 -28.068698 -27.569614 -27.19942 -26.477509 -26.40801 -26.917272 -27.181957 -27.331926 -29.684823 0 -27.718271 -26.900797 -26.604998 -26.631755 -26.883172 -27.174576 -27.25004 -26.659251 -26.451434 -26.404362 -26.48573 -26.487093 -26.260332 -26.409869 -26.325419 -26.374379 -26.324018 -26.203686 -26.244218 -26.764419 -27.910241 -27.593328 -30.19119 -27.634878 -31.809421 -28.691654 -28.669369 -28.041565 -26.60581 -26.505645 -27.850717 -28.495247 -27.531692 -27.373257 -27.010046 -26.909876 -29.102341 0 0 0 -26.220696 -26.253063 -26.431167 -26.409498 -26.550273 -26.948098 -26.292939 -26.257981 -28.242375 -27.419911 -27.621954 -26.473105 -26.473105 -26.656184 -29.518245 0 
-29.182393 -35.873014 -33.58134 -28.136656 -26.77601 -26.434479 -26.194092 -26.196812 -27.226402 -28.645278 -36.348337 -39.486911 -26.849978 -26.964549 0 0 -29.031501 -27.454032 -26.610844 -26.636746 -26.654093 -26.661376 -26.684234 -26.794308 -27.031135 -27.122078 -27.195101 -27.16608 -27.284181 -26.475297 -26.477509 -26.867556 -26.917272 -27.181957 0 -27.645606 -27.71958 -27.053418 -26.692634 -26.53756 -26.620125 -26.599534 -26.653335 -26.839794 -26.706953 -26.720264 -26.994907 -26.334387 -26.286942 -26.309956 -26.386993 -26.4864 -26.525176 -26.244218 -26.17788 -26.491763 -27.426192 0 -26.85539 -27.52445 -26.847043 -27.090049 -27.832386 -28.669369 -26.505645 -26.819337 -30.455985 -27.677405 -27.167286 -27.283597 -28.222502 -27.010046 0 0 0 -27.832683 -26.244616 -26.220696 -26.767538 -26.932815 -26.865228 -26.889788 -26.342871 -26.292939 -28.229087 -27.43162 -27.419911 -26.483649 -26.682785 -29.518245 -30.838065 0 
-27.008646 -28.020546 -29.967226 -33.58134 -27.599538 -26.431497 -26.196812 -26.203618 -27.169948 -28.468232 -39.450549 -39.522187 -26.754907 -26.849978 -39.462168 -27.790519 -30.319533 -29.031501 -26.636746 -26.654093 -26.661376 -26.684234 -26.794308 -26.905859 -26.853772 -27.207247 -27.122078 -27.195101 -27.16608 -26.467615 -26.475297 -26.809667 -26.867556 -28.592707 0 -26.656757 -27.180103 -26.880416 -26.563743 -26.531947 -26.53756 -26.653335 -26.481636 -26.706953 -26.592545 -26.404724 -26.612219 -26.260287 -26.327279 -26.286942 -26.309956 -26.386993 -26.359954 -26.17788 -26.168531 -26.359804 -26.385309 -26.896503 -26.22178 -26.480866 -26.721184 -26.847043 -26.963478 -26.833129 -26.819337 -26.658155 -26.687088 -26.500476 -26.531009 -26.757034 -26.944922 -26.77577 -29.991079 -29.386277 -27.758433 -26.949694 -26.243533 -26.274251 -27.071421 -26.865228 -26.889788 -26.682166 -26.294314 -26.290563 -27.429806 -27.804838 -27.43162 -26.97894 -26.797931 -39.53551 -28.012439 0 
-26.541585 -27.008646 -28.020546 -29.967226 -28.21552 -26.383092 -26.221276 -26.21022 -27.3526 -28.905074 -39.481141 0 -26.686774 -26.754907 -28.81591 -28.023263 -27.790519 -30.319533 0 -28.724142 -27.461281 -27.055882 -26.905859 -26.853772 -27.027988 -27.062343 -27.220962 -27.305726 -27.09534 -26.457566 -26.467615 -27.090576 -31.077521 0 0 -26.483649 -26.656757 -26.736001 -26.568328 -26.563743 -26.531947 -26.481636 -26.742539 -26.537765 -26.404724 -26.433112 -26.411101 -26.407009 -26.260287 -26.327279 -26.405962 -26.414529 -26.526401 -26.168531 -26.33334 -26.368559 -26.294544 -26.356407 -26.213675 -26.22178 -26.512418 -26.616265 -26.519543 -26.717539 -26.658155 -26.811122 -26.786996 -26.687088 -26.500476 -26.531009 -26.459214 -26.601596 -27.482396 -27.250733 -26.951696 -26.637285 -26.202935 -26.243533 -26.555966 -26.470344 -26.418301 -26.534758 -26.241423 -26.282277 -27.443523 -27.429806 -27.804838 -27.656476 -27.294493 -29.158786 -26.744498 0 
-26.406972 -26.541585 -28.032556 -39.447894 -26.850426 -26.359369 -26.216127 -26.224094 -27.297171 -28.399225 -31.897466 -39.481141 -26.607572 -26.680931 -28.767568 -28.81591 -28.023263 -32.707169 -26.653524 -26.881792 -26.83917 -26.841046 -28.318388 -33.586437 -33.24547 -30.987752 -28.80541 -27.340628 -26.550005 -26.396965 -26.457566 -27.853757 0 0 0 -26.393642 -26.483649 -26.49696 -26.4438 -26.531296 -26.621868 -26.845742 -27.228672 -27.127234 -26.556886 -26.411101 -26.445596 -26.768898 -26.407009 -26.59359 -26.63689 -26.483659 -26.414529 -26.307897 -26.368559 -26.294544 -26.356407 -26.449815 -26.292294 -26.213675 -26.688093 -26.812173 -26.616265 -26.519543 -26.717539 -26.993156 -26.846916 -26.786996 -26.941336 0 -26.330451 -26.412914 -27.625458 -27.324889 -26.901877 -26.54247 -26.218813 -26.202935 -26.499933 -26.480457 -26.470344 -26.418301 -26.266605 -26.241423 -26.951295 -27.443523 -33.98926 -27.869109 -27.247967 -26.466745 -26.36821 -26.54417 
-26.419172 -26.406972 -28.288068 -27.258334 -26.434705 -26.377296 -26.208795 -26.216127 -26.971691 -27.471763 -28.969284 -39.49362 -26.544078 -26.607572 -29.512769 -28.509118 -27.775029 -27.324111 -26.255354 -26.587517 -26.700806 -26.459897 -26.777855 0 0 0 0 -29.437858 -27.080655 -26.550005 -26.396965 -34.192256 -28.495247 -26.916899 -26.568142 -26.319116 -26.393642 -26.441094 -26.49696 -26.4438 -26.531296 -32.098246 0 -38.360228 -27.363056 -27.30106 -26.768898 -26.543162 -26.570988 -26.429036 -26.462944 -26.63689 -26.307897 -26.258459 -26.388633 -26.325185 -26.44624 -26.696051 -26.449815 -26.292294 -26.78339 -26.545499 -26.576178 -26.790829 -26.707906 -27.081742 -26.869461 -26.846916 0 0 -26.328977 -26.319387 -27.834173 -27.3335 -26.76416 -26.560662 -26.277351 -26.218813 -26.754453 -26.593075 -26.480457 -26.381531 -26.338703 -26.266605 -26.869227 -28.79153 0 -26.483856 -26.261145 -26.273553 -26.325325 -26.36821 
-26.462101 -26.419172 -28.056446 -26.591722 -26.398135 -26.434705 -26.219372 -26.208795 -26.932199 -27.530031 -29.680617 0 -26.464775 -26.542887 -30.107289 -28.052706 -27.055388 -26.304478 -26.41054 -26.255354 -26.459897 -26.777855 0 0 0 0 0 0 -29.437858 -27.080655 -26.404942 -26.527632 -26.705626 -26.525176 -26.453065 -26.363233 -26.319116 -26.479334 -26.441094 -26.506507 -27.012629 0 0 0 -29.643187 -27.363056 -26.543162 -26.999977 -26.499247 -26.441042 -26.429036 -26.462944 -26.258459 -26.2256 -26.325185 -26.430739 -26.561667 -28.846093 -26.676482 -26.553322 -26.427889 -26.341475 -26.35196 -26.466109 -26.782901 -26.924713 0 0 0 -37.167613 -26.294467 -26.252246 -28.138276 -27.204669 -26.88421 -26.76416 -26.382955 -26.277351 -27.544269 -26.907315 -26.890841 -26.562619 -26.381531 -26.338703 -29.684823 0 0 -26.245307 -26.272693 -26.261145 -26.273553 -26.325325 
-26.50517 -26.462101 -26.696094 -26.424286 -26.461298 -26.398135 -26.253271 -26.219372 -27.003489 -28.113843 -31.427992 -31.026632 -26.360379 -26.464775 -29.715151 -28.065858 -26.970104 -26.398156 -26.304478 -26.437011 -26.564166 -26.862582 -28.675698 -27.305726 -28.330357 -27.966841 -27.958308 -28.887975 -27.804838 -26.515226 -26.361256 -26.404942 -26.527509 -26.454434 -26.412039 -26.288335 -26.34045 -26.363836 -26.422894 -26.482924 -26.909912 -27.739728 0 -39.496209 -26.762765 -26.673072 -27.415902 -26.829394 -26.537778 -26.499247 -26.441042 -27.159431 -26.2256 -26.2386 -26.430739 -26.561667 -27.042037 -27.60843 -26.523787 -26.588728 -26.418783 -26.358883 -26.341475 -26.35196 -26.466109 -31.037853 0 0 -30.873586 -39.480788 -26.252246 -26.250585 -27.191945 -27.269732 -27.204669 -26.88421 -26.507692 -26.382955 -39.536683 -29.396469 -28.777787 -26.554873 -26.382955 -27.655261 -27.393608 -29.331297 -26.822952 -26.207985 -26.245307 -26.272693 -26.304602 -26.369174 
-26.521391 -26.50517 -26.459682 -26.427719 -26.424286 -26.461298 -26.292422 -26.253271 -27.312713 -28.514989 -28.092869 -27.659277 -26.293155 -26.360379 -28.10027 -28.188027 -26.936687 -26.474996 -27.552768 -26.878702 -26.601451 -26.501599 -26.445025 -26.400772 -26.637465 -26.595108 -26.512302 -26.611721 -26.981495 -26.415682 -26.333892 -26.33779 -26.365705 -26.406693 -26.423077 -26.238381 -26.288335 -26.34045 -26.363836 -26.348445 -26.482924 -27.357644 -26.51098 -26.659502 -26.533242 -26.762765 -26.673072 -28.8939 -26.496796 -26.455305 -26.615089 -27.586384 -26.2386 -26.252916 -26.647654 -27.042037 -27.246382 -26.821694 -26.523059 -26.523787 -26.423013 -26.418783 -26.358883 -26.535646 -27.110812 -27.106184 -27.228806 -26.811472 -26.801273 -27.208216 -26.250585 -26.291795 -27.269732 -27.127065 -27.037438 -26.851196 -26.690514 -26.507692 -37.256732 -28.777787 -29.901391 -26.382955 -26.397665 -27.393608 -27.092688 -27.15949 -26.41668 -26.194388 -26.207985 -26.322214 -26.401842 -26.544564 
-26.381453 -26.468849 -26.419133 -26.459682 -26.427719 -26.527004 -26.306892 -26.292422 -26.897394 -27.136944 -27.051259 -26.696696 -26.269682 -26.293155 -28.172024 -29.278073 -27.357563 -26.936687 -28.264878 -27.156519 -26.630168 -26.431415 -26.362649 -26.367431 -26.400772 -26.508149 -26.406401 -26.423085 -26.650136 -26.257569 -26.285491 -26.330243 -26.33779 -26.365705 -26.406693 -26.221159 -26.238381 -26.291497 -26.284583 -26.331757 -26.348445 -26.51098 -26.505147 -27.171892 -26.659502 -26.533242 -27.717879 -26.849786 -26.643151 -26.496796 -26.455305 -26.618901 -26.252916 -26.275782 -27.839405 -29.501325 -28.10027 -27.246382 -26.655042 -26.523059 -26.560273 -26.423013 -26.543777 -30.11103 -26.280558 -26.601195 -26.926079 -26.75795 -26.727695 -26.763152 -26.28375 -26.302471 -26.833283 -27.037438 -26.851196 -27.00153 -26.660022 -26.678067 0 -39.483791 -31.524992 -26.397665 -26.479131 -27.092688 -27.558128 -26.858971 -26.387558 -26.211196 -26.194388 -26.369053 -26.468295 -26.528002 
-26.266649 -26.381453 -26.410175 -26.419133 -26.481266 -26.601435 -26.306813 -26.306892 -26.776437 -26.897394 -26.667518 -26.438216 -26.304035 -26.269682 -29.991079 -39.530816 -28.179575 -37.036548 -27.195101 -26.542861 -26.383867 -26.362026 -26.393951 -26.321347 -26.367431 -26.404804 -26.281257 -26.283696 -26.369053 -26.244034 -26.257569 -26.285491 -26.330243 -26.381854 -26.396477 -26.258424 -26.221159 -26.322984 -26.291497 -26.284583 -26.331757 -26.505147 -26.310694 -26.613384 -27.171892 -27.310122 -27.381833 -27.982737 -26.849786 -26.643151 -27.801812 -27.79365 -26.275782 -26.302702 -29.025811 -28.392612 -28.146206 -27.621488 -26.748573 -26.655042 -26.571813 -26.59118 -27.237294 0 -26.239721 -26.280558 -26.639688 -26.926079 -26.75795 -26.727695 -26.299735 -26.28375 -26.636566 -26.628588 -26.580266 -26.259852 -26.551753 -26.638909 0 0 0 -26.479131 -26.573047 -28.173279 -28.635086 -26.466552 -26.389363 -26.241759 -26.211196 -26.330035 -26.284196 -26.497289 
-26.225656 -26.266649 -26.398824 -26.410175 -26.513841 -26.728588 -26.311698 -26.306813 -26.765871 -26.862681 -26.534113 -26.502862 -26.38265 -26.304035 -33.485786 0 0 -26.775183 -26.433653 -26.298751 -26.263155 -26.281984 -26.362026 -26.353559 -26.321347 -26.281257 -26.283696 -26.303092 -26.350877 -26.370064 -26.244034 -26.461279 -26.358832 -26.413141 -26.435334 -26.392137 -26.258424 -26.348962 -26.372126 -26.38304 -26.326464 -26.310694 -26.521439 -26.838515 -27.553837 -29.296266 -26.617225 -27.302636 -27.943134 -39.46205 0 -27.713444 -26.359335 -26.474138 -39.511437 -35.7074 -28.392612 -28.146206 -26.891862 -26.746567 -26.757161 -26.640069 -27.12409 -32.292058 -26.238497 -26.239721 -27.531484 -27.931824 -27.113223 -26.966821 -26.449546 -26.299735 -26.673012 -26.636566 -26.628588 -26.378777 -26.259852 -26.551753 0 0 0 -26.573047 -26.455995 -28.635086 -27.252121 -26.50474 -26.448474 -26.243533 -26.241759 -26.292749 -26.263124 -26.284196 
-26.251992 -26.225656 -26.414484 -26.502001 -26.769344 -26.821395 -26.313286 -26.311698 -26.909253 -26.626982 -26.463343 -26.297201 -26.445993 -26.38265 -39.516725 0 0 -26.297221 -26.315833 -26.291625 -26.298751 -26.263155 -26.281984 -26.384744 -26.353559 -26.394164 -26.303092 -26.350877 -26.486295 -26.458263 -26.370064 -26.628203 -26.465628 -26.358832 -26.413141 -26.656528 -26.392137 -26.68824 -26.996797 -26.946111 -27.180782 -27.255813 -26.838515 -26.467509 -26.744891 -27.012992 -26.376691 -26.617225 -27.302636 -28.978296 -28.013157 -31.603177 -26.880451 -29.163657 0 0 0 -35.583738 -27.182639 -26.891862 -26.746567 -26.902923 0 -32.088376 -26.242758 -26.238497 -28.964603 -33.192364 -29.65203 -29.199083 -26.435662 -26.449546 -27.224273 -26.845457 -26.681754 -26.647524 -26.378777 0 -39.536683 -28.610702 -28.183793 -26.455995 -26.339008 -27.214392 -27.210484 -26.479233 -26.438625 -26.254461 -26.243533 -26.297025 -26.292749 -26.263124 
-26.306859 -26.251992 -26.569059 -26.828937 -26.82842 -26.699633 -26.295981 -26.313286 -26.710872 -26.511362 -26.551093 -26.347613 -26.297201 -26.445993 0 0 -26.808217 -26.208342 -26.297221 -26.315833 -26.291625 -26.322112 -26.507647 -26.244086 -26.384744 -26.564886 -26.361725 -26.442114 -26.62295 -26.697277 -26.777641 -27.088787 -26.635115 -26.473651 -26.453393 -26.547576 -26.656528 -27.424661 -28.283901 0 -30.615454 -31.445016 -26.467509 -26.744891 -26.638566 -27.09327 -26.750065 -26.376691 -28.848968 -27.237023 -28.223596 -28.013157 -29.163657 0 0 0 0 0 -26.827539 -26.837115 -28.056821 0 -29.815001 -29.923774 -26.247391 -26.242758 -39.472129 0 0 0 -26.404434 -26.435662 -27.487281 -27.275472 -27.404885 -27.669959 -27.141314 -27.742145 -27.014586 -26.737926 -26.562759 -26.339008 -26.282383 -26.410093 -26.463772 -26.419546 -26.479233 -26.22919 -26.254461 -26.287381 -26.297025 -26.380566 
-26.337957 -26.306859 -26.844034 -27.016734 -26.838702 -26.653979 -26.275988 -26.295981 -26.622314 -26.572451 -26.511362 -26.398718 -26.347613 0 0 -26.846091 -26.396477 -26.191252 -26.208342 -26.357893 -26.372384 -26.4278 -26.491816 -26.267202 -26.244086 -26.361725 -26.442114 -26.569031 -26.740152 -26.65241 -26.380733 -27.261147 -26.932469 -26.708128 -26.532864 -26.776651 -26.929244 -26.98462 -27.74228 -34.349859 -26.494088 -26.88193 -27.301435 -26.638566 -27.09327 -27.456848 -27.352195 -26.750065 0 -27.572677 -27.237023 -33.072903 0 0 0 0 0 0 -26.301501 -26.706201 -26.837115 -31.317999 -29.5166 -29.815001 -26.255002 -26.247391 -37.39311 0 0 0 -26.442669 -26.404434 -27.820855 -28.2809 -37.427723 0 -26.463772 -26.397945 -26.519615 -26.452975 -26.369295 -26.282383 -26.331392 -26.414689 -26.656184 -26.463772 -26.419546 -26.169995 -26.22919 -26.259792 -26.287381 -26.346343 
-26.365355 -26.337957 -26.932469 -27.059152 -26.683861 -26.428816 -26.318877 -26.275988 -26.723659 -26.622314 -26.572451 -26.679537 -26.398718 0 -28.438629 -26.441111 -26.299187 -26.213963 -26.191252 -26.434588 -26.444973 -26.44279 -26.524591 -26.315075 -26.267202 -26.650511 -26.569031 -26.843908 -26.65241 -26.380733 -26.354036 -35.212119 -27.261147 -26.848668 -26.75767 -26.532864 -26.776651 -28.25808 -28.210096 -29.233921 -26.947382 -26.494088 -26.88193 -27.48944 -27.456848 -27.160027 -28.470663 -36.887476 0 -30.185749 -27.572677 0 0 0 0 0 0 -28.170562 -26.365639 -26.301501 -26.706201 -27.075403 -27.667121 -29.5166 -26.262112 -26.268822 -32.253703 0 -33.661117 -30.71181 -26.428873 -26.42871 -28.106346 -28.84072 -32.348696 -26.551753 -26.320748 -26.435662 -26.397945 -26.369295 -26.290525 -26.292104 -26.289185 -26.443975 -26.485417 -26.652768 -26.411664 -26.153759 -26.169995 -26.241191 -26.259792 -26.351084 
-26.472788 -26.365355 -27.327773 -27.425561 -27.127346 -26.683861 -26.428816 -26.318877 -27.009188 -26.841767 -26.999622 -26.973032 -26.664687 0 -26.866224 -26.469542 -26.441111 -26.247896 -26.213963 -26.626268 -26.566616 -26.575194 -26.616046 -26.375051 -26.315075 -27.047405 -27.057415 -27.120741 -26.835968 -26.354036 -26.279942 -26.75209 -27.77252 -27.802531 -26.848668 -26.340872 -26.888667 -28.210096 -29.234848 -28.236154 -29.233921 -26.947382 -31.25975 -27.880321 -27.160027 -28.470663 -29.699925 -27.01163 0 -31.515541 0 0 0 0 0 0 0 -39.467827 -26.459878 -26.365639 -27.62499 -27.086533 -27.075403 -35.45922 -26.281369 -26.3047 -31.220815 -33.661117 -30.247988 -26.567443 -26.42871 -26.495107 -28.409985 -30.319533 -30.344478 -26.236243 -26.237536 -26.320748 -26.435662 -26.290525 -26.292104 -26.289185 -26.39433 -26.485417 -26.480355 -26.604674 -26.482511 -26.165048 -26.153759 -26.27955 -26.241191 -26.311226 
-30.772835 -26.472788 -28.035489 -27.463555 -27.809323 -27.178255 -26.569433 -26.764367 -26.610167 -26.400843 -26.366649 -26.436885 -26.27617 -27.080138 -26.810248 -26.673414 -26.469542 -26.313962 -26.247896 -26.426555 -26.371153 -26.307364 -26.437893 -26.337341 -26.375051 -27.960349 -26.738989 -26.474757 -26.630608 -26.279942 -26.231353 -26.690874 -27.175432 -27.77252 -27.802531 -26.369597 -26.340872 -26.584837 -26.481924 -26.412921 -26.388445 -27.036438 -36.950868 0 0 0 -26.72503 -26.832822 0 0 0 0 0 0 0 0 0 -32.665571 -26.868424 -26.459878 -26.802242 -26.921842 -27.209641 -39.499973 -26.317223 -26.31973 -32.643987 -30.247988 -28.050654 -26.453959 -26.336983 -26.610068 -29.771019 -28.2809 -26.711185 -26.16512 -26.236243 -26.237536 -26.323646 -26.310126 -26.278137 -26.39433 -26.377763 -26.480355 -27.769462 -29.136835 -26.604674 -26.264326 -26.165048 -26.451055 -27.141775 0 
-26.790486 -26.369646 -27.263618 -26.983034 -27.230816 -26.569433 -26.401706 -26.363133 -26.356863 -26.327136 -26.308296 -26.27617 -26.207251 -26.406745 -27.542158 -26.810248 -26.673414 -26.366798 -26.313962 -26.657484 -26.426555 -26.371153 -26.307364 -26.325377 -26.337341 -29.382724 -27.202231 -26.738989 -26.434237 -26.231353 -26.293091 -26.500753 -26.496654 -27.233103 -39.488088 -26.455884 -26.369597 -27.644647 -26.412921 -26.388445 -26.593371 -26.84854 -27.036438 -39.523479 0 0 -26.486086 -26.598945 0 0 0 0 0 0 0 0 0 -26.557106 -31.522288 -26.868424 -27.101864 -26.802242 -28.592409 -31.685037 -26.31973 -26.317152 -29.225601 -28.050654 -27.201911 -26.336983 -26.286001 -28.054574 -28.2809 -26.836991 -26.306796 -26.186486 -26.16512 -26.24163 -26.310126 -26.278137 -26.543515 -26.377763 -26.622348 -26.622348 -26.590437 -26.605648 -26.471326 -26.182431 -26.264326 -26.495096 -26.428841 -27.141775 
-26.4406 -26.235808 -26.517791 -26.767773 -26.694231 -26.401706 -26.363133 -26.31296 -26.327136 -26.308296 -26.327331 -26.207251 -26.211896 -26.305137 -26.607768 -27.025419 -27.116306 -26.427833 -26.372944 -26.80897 -26.752617 -26.764367 -26.435561 -26.471248 -26.325377 -27.295384 -26.939416 -26.78771 -27.430168 -26.293091 -26.287414 -26.496654 -26.801558 -26.877745 -28.975155 -26.593777 -26.455884 -27.654291 -29.467436 -28.626806 -26.84854 -26.987291 -26.716059 -29.709656 -39.523479 0 -26.530622 -26.486086 0 -34.300724 0 0 0 0 0 -39.496915 -26.689481 -26.540676 -26.557106 -26.859233 -27.23533 -27.101864 -39.513435 -34.077903 -26.317152 -26.294737 -26.609722 -26.98077 -26.98094 -26.286001 -26.253418 -26.681754 -26.853127 -28.20513 -26.609903 -26.306796 -26.186486 -26.335336 0 -26.47055 -26.251521 -26.34638 -26.220502 -26.415988 -26.657714 -26.762096 -26.44485 -26.175042 -26.182431 -26.481636 -26.495096 -26.428841 
-26.452613 -26.242513 -26.524957 -26.549162 -26.406913 -26.426579 -26.31296 -26.280791 -26.392703 -26.359632 -26.383619 -26.211896 -26.295056 -26.440474 -26.557932 -29.146017 -27.025419 -26.380053 -26.448296 -26.752617 -26.867323 -27.580054 -27.427545 -26.33617 -26.511327 -27.525068 -27.295384 -26.939416 -26.78771 -26.287414 -26.50569 -26.801558 -26.877745 -28.236154 -37.568301 -28.975155 -26.739546 -28.811701 -27.636775 -30.701994 -27.052141 -26.978134 -26.823613 -26.716059 0 0 -26.724216 -27.016643 -27.28579 -28.066804 -31.712376 0 0 0 0 0 -30.265651 -26.689481 -26.540676 -26.923124 -26.859233 -27.800949 0 -33.327806 -26.294737 -26.399304 -26.549456 -26.566019 -26.810132 -26.253418 -26.405561 -26.853127 0 -26.718658 -26.513935 -26.195764 -26.267829 -26.542131 -26.47055 -26.251521 -26.34638 -26.220502 -26.21154 -26.2909 -26.494456 -26.896503 -26.391389 -26.178554 -26.175042 -26.387372 -26.407464 -26.682269 
-26.531166 -26.269091 -26.42021 -26.305881 -26.298593 -26.398732 -26.280791 -26.392703 -26.357445 -26.466099 -26.523787 -26.295056 -26.289906 -26.452539 -26.544288 -28.396932 -29.146017 -26.332564 -26.380053 -26.812231 -27.096564 -27.427545 -27.419822 -26.314623 -26.301239 -28.681102 -39.452437 -27.897234 -38.693918 -26.50569 -26.401185 -27.658668 -27.557698 -27.497246 0 0 -28.603174 -27.391288 -27.330669 -27.636775 -30.701994 0 0 0 -32.661636 0 -34.080796 0 -28.036958 -27.28579 -28.239483 0 0 0 0 0 0 -35.929482 -26.783553 -26.466639 -26.923124 -30.21467 -28.136454 -28.345371 -26.399304 -26.549456 -26.566019 -26.566019 -26.628921 -26.405561 -26.265473 -26.63001 -26.715242 -26.453147 -26.35787 -26.164238 -26.195764 -26.267829 -26.422546 -26.347174 -26.520573 -26.21154 -26.267807 -26.323725 -26.327554 -26.727226 -26.415506 -26.205914 -26.178554 -26.422602 -26.397357 -26.407464 
-26.460963 -26.277956 -26.384613 -26.427719 -26.305881 -26.298593 -26.208236 -26.357445 -26.369319 -26.343309 -26.433054 -26.289906 -26.343743 -26.505509 -26.442504 -26.637195 -39.493267 -26.393992 -26.332564 -27.092371 -27.631687 -28.022175 -27.282065 -26.301239 -26.330848 0 0 -39.452437 -27.897234 -26.401185 -26.388171 -27.557698 -27.497246 -26.901553 -26.822263 -28.996087 -27.355199 -27.050818 -27.391288 -27.330669 0 0 0 0 0 -32.661636 0 0 0 0 0 0 0 0 0 0 0 0 -26.458608 -26.458608 -30.21467 -28.136454 -28.136454 -28.160381 -26.625522 -28.133627 -26.566019 -26.628921 -26.553214 -26.265473 -26.284774 -26.593996 -26.985265 -26.414423 -26.302333 -26.170549 -26.164238 -26.294783 -26.665177 -26.422784 -26.643518 -26.267807 -26.323725 -26.327554 -26.362166 -26.790026 -26.514685 -26.236863 -26.205914 -26.428499 -26.422602 -26.397357 
-29.617596 -26.384613 -26.657197 -26.606624 -26.445271 -26.208236 -26.198934 -26.369319 -26.343309 -26.433054 -26.506678 -26.343743 -26.255817 -26.442504 -26.637195 -27.134258 0 -26.503479 -26.393992 -27.140448 -27.122134 -27.631687 -27.035629 -26.356497 -26.359049 0 0 0 0 -26.388171 -26.941297 -28.887605 -26.901553 -26.822263 -26.463068 -27.405935 -27.40218 -27.355199 -27.050818 -27.463081 -26.93467 0 -27.782881 -29.113468 -39.510673 -39.516431 -27.635944 0 0 0 0 0 0 0 0 0 0 0 -26.458608 -26.435687 -27.194026 -27.573774 -27.177395 -26.625522 -26.653165 -27.924247 -27.023559 -26.74205 -26.440311 -26.284774 -26.294344 -26.445016 -26.48398 -26.389733 -26.414423 -26.189376 -26.170549 -26.325335 -26.422784 -26.249034 -26.327559 -26.391967 -26.396359 -26.362166 -26.290956 -26.397658 -26.409312 -26.254009 -26.236863 -26.489173 -26.55475 -26.646208 
0 -26.919439 -26.880141 -27.173233 -26.836185 -26.198934 -26.231034 -26.371648 -26.456391 -26.497892 -26.445078 -26.255817 -26.192367 -26.681383 -27.134258 -27.001974 -28.721514 -26.514415 -26.503479 -26.832392 -27.140448 -27.893255 -26.876859 -26.441336 -26.390313 0 0 0 0 -26.941297 -31.729779 -28.384523 -27.107976 -26.463068 -26.610513 -27.546915 -27.405935 -27.40218 -27.73518 -27.777825 -26.660641 -26.93467 -28.193343 -26.71488 -27.633576 -27.635944 -28.355653 -39.517254 0 0 0 0 0 0 -29.59674 -28.549363 0 0 -26.435687 -26.689123 -27.573774 -27.177395 -27.269803 -26.653165 -26.70884 0 0 -29.945726 -26.677599 -26.294344 -26.297268 -26.48398 -27.006667 -26.854289 -26.389733 -26.172721 -26.189376 -26.269592 -26.249034 -26.275257 -26.243702 -26.289619 -26.26221 -26.290956 -26.274741 -26.411229 -26.44207 -26.285834 -26.254009 -26.345453 -26.304597 -26.565367 
0 -27.487379 -27.387952 -26.880141 -27.060645 -26.231034 -26.321704 -26.456391 -26.474986 -26.445078 -26.382067 -26.192367 -26.164002 -26.80307 -26.908374 -26.39953 -26.274798 -26.277696 -26.514415 -26.746518 -28.675381 -26.979875 -26.765897 -26.459719 -26.441336 0 0 0 -27.299636 -34.393332 -27.016185 -26.815312 -26.928938 -26.610513 -27.030946 -31.201564 -27.759256 -28.564426 -32.804229 -27.214784 -27.125267 -26.660641 -26.71488 -27.633576 0 0 0 0 0 0 0 0 0 0 0 -29.59674 -28.549363 -39.449664 -26.627801 -26.94283 -33.229225 -27.484444 -27.539633 -27.339356 -26.844002 0 -32.71715 -27.89883 -26.71795 -26.297268 -26.254098 -26.686461 -28.174745 -27.740533 -26.649387 -26.134896 -26.172721 -26.253364 -26.275257 -26.243702 -26.278804 -26.26221 -26.234578 -26.274741 -26.266259 -26.31652 -26.41735 -26.313491 -26.285834 -26.387518 -26.324306 -26.304597 
-37.491728 -27.179117 -27.737719 -29.552021 -27.241992 -26.321704 -26.36815 -26.474986 -26.570037 -26.632251 -26.464325 -26.164002 -26.18671 -26.684919 -26.428808 -26.274798 -26.277696 -26.258391 -26.626286 -27.072133 -26.826418 -26.548721 -26.744425 -26.428417 -26.459719 0 0 0 -26.52841 -27.016185 -26.815312 -26.771843 -26.870668 -26.961385 -26.799967 -28.092481 0 -39.517195 0 -28.9353 -27.214784 -27.125267 0 -27.864477 -27.007206 -29.656171 0 0 0 0 0 0 0 0 0 0 -29.242749 -26.672912 -26.65258 -26.627801 -29.843588 -33.229225 -27.484444 -27.552234 -27.750116 -32.71715 -28.632013 -27.165779 -26.663398 -26.254098 -26.286222 -27.495262 -27.645486 -26.674017 -26.476994 -26.124958 -26.134896 -26.247063 -26.355111 -26.278804 -26.314908 -26.234578 -26.282026 -26.266259 -26.258554 -26.328996 -26.403725 -26.338373 -26.313491 -26.394695 -26.325663 -26.324306 
0 -28.231953 -27.179117 -27.737719 -29.822755 -26.36815 -26.410705 -26.696073 -26.707928 -26.660467 -26.838328 -26.18671 -26.288689 -26.542079 -26.589296 -26.428808 -26.258391 -26.280004 -26.308233 -26.680931 -26.615895 -26.55392 -26.548721 -26.451254 -26.428417 -31.560383 -29.627377 -27.728006 -26.568371 -26.52841 -26.771843 -26.937543 -26.961385 -26.799967 -28.092481 0 -39.4759 0 0 -27.487869 -27.187305 -27.578175 -27.864477 -27.007206 -29.656171 0 0 0 0 -39.470951 -31.734146 -39.523772 0 0 0 -27.185434 -26.917272 -27.545538 -26.672912 -26.65258 -31.400715 0 -39.531286 -27.750116 -26.637411 -39.457569 -27.366357 -27.138492 -27.483273 -26.286222 -26.313443 -27.645486 -28.569974 -26.701394 -26.498938 -26.133705 -26.124958 -26.311299 -26.571697 -26.354894 -26.414849 -26.282026 -26.272223 -26.258554 -26.252729 -26.318908 -26.458254 -26.243633 -26.25582 -26.213823 -26.207491 -26.325663 
-27.652716 -30.902167 -28.231953 -29.822755 -30.241601 -26.410705 -26.378968 -26.748424 -27.168979 -27.221424 -26.773616 -26.288689 -26.658309 -26.439471 -26.542079 -26.589296 -26.280004 -26.308233 -26.3078 -26.649687 -26.680931 -26.615895 -26.55392 -26.467015 -26.451254 -30.295691 -31.560383 -29.627377 -27.376524 -26.568371 0 -32.564753 -27.889293 -28.728423 -27.655747 -27.820561 0 -39.4759 -30.600401 -28.001374 -27.365117 -27.187305 0 0 0 0 0 0 -28.764517 -27.230749 -28.153784 -28.669053 -29.765985 0 -27.034111 -26.701198 -27.185434 -26.917272 -27.545538 0 -35.99102 -32.9232 -28.171815 -26.637411 -26.557298 -26.785161 0 -27.323878 -26.848157 -26.304577 -26.304708 0 -29.103194 -26.776624 -26.449546 -26.139159 -26.133705 -26.391953 -26.669856 -26.414849 -26.468401 -26.375301 -26.297526 -26.252729 -26.318908 -26.401513 -26.396206 -26.178303 -26.220862 -26.238358 -26.213823 -26.207491 
-26.440002 -26.96459 -27.280175 -26.853708 -27.15215 -26.378968 -26.51157 -26.976019 -27.431983 -27.269517 -26.938439 -26.667834 -26.564505 -26.383684 -26.439471 -26.465052 -26.343884 -26.3078 -26.479956 -26.866889 -26.649687 -26.739861 -27.625107 -26.705296 -26.467015 -28.351725 -28.167643 -27.814852 -26.830584 -27.376524 -32.564753 -27.889293 -28.728423 -27.655747 -27.820561 0 0 0 0 -30.600401 -26.713907 -27.365117 0 0 0 0 0 0 0 -28.764517 -27.230749 -29.765985 -26.531747 -29.386277 0 -27.034111 -26.701198 -37.074457 0 -35.99102 -30.683455 -27.487771 -27.592091 -26.557298 -26.785161 0 -30.022376 -26.920752 -26.747705 -26.357208 -26.304577 -29.767242 -26.643408 -26.419304 -26.293095 -26.163023 -26.139159 -26.386047 -26.450174 -26.468401 -26.576266 -26.549764 -26.450183 -26.374156 -26.401513 -26.424222 -26.288428 -26.234252 -26.178303 -26.220862 -26.238358 -26.306934 
0 -26.440002 -26.853708 -27.15215 -26.954917 -26.51157 -26.893486 -27.431983 -27.099127 -27.572896 -27.110702 -26.525421 -26.414354 -26.564505 -26.383684 -26.343884 -26.462678 -26.479956 -27.28858 -26.67169 -26.67139 -27.149217 -26.420303 -26.403307 -26.705296 -28.021089 -28.351725 -28.167643 -26.957876 -26.830584 0 -39.444884 -37.031154 -31.275733 -39.44512 0 0 0 0 0 -26.399297 -26.713907 0 0 -28.596286 -39.461284 0 -30.145006 0 0 0 0 -26.763385 -26.531747 0 0 -27.778386 -26.817024 -26.970605 -30.683455 -27.487771 -27.592091 -33.935885 -27.387354 -26.845615 -27.060745 -27.190185 -26.878053 -26.727601 -26.557106 -26.357208 -26.575605 -26.405809 -26.312186 -26.320639 -26.291976 -26.163023 -26.62686 -26.841454 0 -27.283013 -26.9153 -26.607147 -26.44093 -26.424222 -26.513187 -26.543711 -26.288428 -26.234252 -26.508058 -26.699416 -26.912931 
-33.530746 -31.561753 -27.580054 -26.954917 -28.067372 -26.542666 -26.69005 -27.267094 -27.431983 -27.099127 -27.958308 0 -26.525421 -26.414354 0 -27.256513 -26.422111 -26.405248 -26.888807 -26.963272 -27.38251 -26.67139 -26.447744 -26.420303 -26.403307 -27.441403 -28.021089 -28.8103 -26.476773 -26.957876 -39.477196 -27.096777 -30.135133 -39.44512 -33.955467 -39.523126 0 0 0 0 -26.332657 -26.399297 -28.5779 -28.596286 -39.461284 -29.736061 -26.784888 0 -30.145006 0 0 0 -27.215635 -26.734277 0 -27.778386 -26.817024 -26.970605 -27.248519 0 0 -35.616405 -27.381072 -26.387219 -26.787902 -26.662036 -26.716901 -26.869093 -26.784616 -26.727601 -26.676543 -26.774837 -26.575605 -26.405809 -26.312186 -26.320639 -26.291976 -27.146881 -27.479869 -39.474722 -29.906794 -26.811559 -26.609508 -26.491891 -26.513187 -26.527768 -26.533974 -26.389202 -26.430657 -26.629412 -26.986989 -27.881732 
0 0 0 0 0 -26.547019 -26.542666 -29.002065 -27.267094 -28.377239 0 -26.38575 -26.583311 -26.959586 -29.002464 -26.422111 -26.405248 -26.606396 -27.64321 -26.888807 -26.963272 -27.38251 -26.535202 -26.447744 -27.01372 -27.350092 -29.568871 -29.225601 -26.354487 -26.476773 -27.096777 -26.596839 -27.054303 -33.955467 -39.523126 0 0 0 0 -28.748358 -26.339059 -26.332657 0 0 -29.736061 0 -26.951014 -26.784888 0 0 0 0 -26.734277 -27.889609 -35.999873 0 0 -27.248519 -28.963046 0 -37.973351 -26.799542 -26.705075 -26.282439 -26.387219 -26.638602 -26.662036 -26.716901 -26.869093 -26.784616 0 -27.452722 -26.774837 -26.670135 -26.581432 -27.336896 -26.79641 -28.770286 -29.05903 -39.52019 -39.52019 -26.769239 -26.661628 -26.516038 -26.35289 -26.354687 -26.382365 -26.306392 -26.365361 -26.430657 -26.629412 0 
0 0 0 0 0 -26.524969 -26.518076 -28.322444 -28.872902 -28.872902 0 -26.275873 -26.38575 -26.583311 -26.918541 -26.465743 -26.362166 -26.784534 0 -31.690771 -31.748752 -31.175323 -26.929244 -26.535202 -27.218654 -29.239491 0 -29.611705 -26.466061 -26.354487 -26.596839 -27.054303 -26.73911 -27.878912 0 -30.850543 -36.226425 0 0 -27.667737 -26.506371 -26.339059 0 0 0 0 -39.526121 -26.951014 -30.354536 -28.089769 0 0 -27.889609 -35.999873 0 0 0 -27.067014 -27.352762 -32.45584 -27.013584 -26.709598 -26.657599 -26.259816 -26.282439 -26.65758 -26.638602 -26.879319 -27.687186 -30.115528 0 0 -27.037009 -26.761633 -26.687527 -26.896574 -26.639343 -30.043274 -34.744549 -39.493385 0 -26.320671 -26.516038 -26.35289 -26.354687 -26.379452 -26.368583 -26.32285 -26.306392 -26.365361 -27.224074 0 
0 0 0 0 0 -26.498255 -26.45899 -31.663638 -28.322444 -29.441527 -27.349688 -26.242107 -26.275873 -26.686712 -26.856721 -26.362166 -26.492557 -26.587716 0 0 0 0 -32.005749 -26.929244 0 0 0 0 -26.646838 -26.466061 -27.439197 -26.73911 -27.878912 -31.958185 -30.850543 -29.463179 -31.13295 -35.384489 0 0 -27.458448 -26.506371 0 0 0 0 0 0 -28.089769 0 0 0 -29.278549 -27.93996 -39.532518 0 0 -26.837581 -27.067014 -27.741339 -27.063394 -26.713298 -26.597661 -26.290159 -26.259816 -26.642053 -26.860445 -30.145006 0 0 0 0 -27.767245 -26.687527 -28.051773 -26.580132 -26.40312 -29.975612 -30.043274 -39.484321 -26.349037 -26.269612 -26.283038 -26.526967 -26.379452 -26.368583 -26.420061 -26.369839 -26.32285 -26.689228 -29.215949 -29.416521 
0 0 0 0 0 -26.45899 -26.446823 -30.75349 -29.441527 0 -27.207376 -26.247627 -26.242107 -26.717174 -26.827691 -26.492557 -26.587716 -27.665153 0 0 0 0 0 -32.005749 0 0 0 0 -26.724867 -26.646838 0 0 -34.906742 -35.246085 -29.463179 -31.13295 -35.384489 0 0 0 -27.713054 -27.458448 0 0 -39.106735 -30.584515 0 -34.549119 0 0 0 -27.388635 -28.488095 -29.130743 -27.93996 -39.532518 -39.331248 -26.697019 -26.837581 -28.365281 -27.264893 -26.732751 -26.713298 -26.597661 -26.290159 -26.965002 0 0 0 0 0 0 -28.191427 -27.823797 -28.77369 -26.40312 -26.433711 -27.986752 -29.975612 0 -26.328996 -26.339676 -26.269612 -29.506765 -26.44754 -26.420061 -26.462963 -26.433311 -26.369839 0 -28.982231 -28.982231 
0 0 0 0 0 -26.446823 -26.462954 -32.103193 0 0 -26.930431 -26.263102 -26.247627 -26.906696 -26.804443 -26.903393 -27.012856 -27.277711 0 0 0 0 0 0 0 0 0 0 -26.697493 -26.523896 0 0 0 0 -39.529994 -32.039499 0 0 0 -28.985782 -27.345103 -27.713054 -33.520709 -28.528797 -27.213478 -39.106735 -27.393006 -26.591986 0 0 0 -26.958405 -27.388635 -28.488095 -29.130743 -39.537152 0 -26.74825 -26.697019 -28.956835 -28.365281 -27.264893 -26.732751 -26.97278 -26.67187 -27.707869 -28.303481 0 0 0 -26.75925 -26.581208 -26.689839 -27.008106 -27.495559 -26.36871 -26.490854 -26.971984 -27.927534 0 -26.327759 -26.328996 -27.015865 -27.050965 -26.977711 -26.675672 -26.887269 -26.462963 -29.041715 -32.470648 -27.201975 -29.165059 
0 0 0 0 0 -26.471641 -26.467499 -31.73852 0 -27.468411 -26.644989 -26.293163 -26.263102 0 -27.286303 -26.867623 -26.829211 -26.86344 0 0 0 0 0 0 0 0 0 0 -26.523896 -26.490832 0 0 0 0 -32.039499 0 0 0 0 0 -28.985782 -27.345103 -28.528797 0 -31.917568 -27.213478 -26.591986 -26.852225 0 0 0 -26.9327 -26.958405 -31.437145 0 0 0 -26.814253 -26.74825 -33.498221 -39.511496 -29.179255 -28.7248 -29.761591 -27.707869 -27.765725 -27.627333 -28.513309 -30.294873 -26.67766 -26.375351 -26.431629 -26.581208 -26.689839 -27.008106 -26.331115 -26.36871 -26.8786 -26.971984 0 -26.360973 -26.327759 -26.863011 -27.015865 -28.721186 -27.251704 -26.919814 -26.887269 -26.74531 -27.228405 -39.520836 -31.333078 
0 0 0 0 0 -26.561527 -26.471641 -29.698107 0 -27.084237 -26.818238 -26.320357 -26.293163 -28.830034 -26.773828 -26.456973 -26.721 -26.639597 0 0 0 0 0 0 0 0 0 0 -26.490832 -26.626025 0 -28.004396 -37.256732 0 0 0 0 0 0 0 0 0 0 0 0 -28.910319 -27.539003 -29.072774 0 0 0 -27.02152 -26.9327 0 0 0 0 -26.749268 -26.814253 0 0 0 0 -31.53991 -27.765725 -26.995346 -27.208993 -27.913642 -28.801231 -26.491388 -26.35898 -26.375351 -26.431629 -26.618223 -26.90015 -26.305087 -26.331115 -26.665628 -27.23621 0 -26.354453 -26.360973 -27.107324 -27.836262 -27.580054 -28.721186 -27.76104 -26.74531 -26.439633 -26.423855 -26.554178 0 
0 0 0 0 0 -26.67145 -26.588436 -28.120994 -39.479139 -27.386587 -27.084237 -26.403913 -26.320357 -26.773828 -26.456973 -26.400239 -26.494662 -26.650867 0 0 0 0 0 0 0 0 0 0 -26.626025 -27.033543 -28.004396 -37.256732 0 0 0 0 0 0 -27.403662 -27.98483 0 -27.092371 0 0 0 -27.13723 -28.588841 0 0 0 0 -26.942437 -26.952017 0 0 0 0 -26.689987 -26.716673 0 0 0 0 -28.617362 -26.995346 -26.997899 -26.959994 -27.268305 -27.59344 -26.423569 -26.340568 -26.345046 -26.419772 -26.73337 -26.669101 -26.366649 -26.305087 -26.712128 -27.468125 -32.071996 -26.31921 -26.354453 -27.657449 -27.685296 -26.888492 -27.015636 -32.912597 -26.439633 -26.363771 -26.408823 -26.471021 -30.749311 
0 0 0 0 0 -26.822472 -27.069795 0 0 -39.479139 -27.386587 -26.45513 -26.403913 -29.544768 -26.400239 -26.494662 -26.490555 -26.503558 0 0 0 0 -28.642182 0 0 0 0 -30.822559 -26.887583 -27.119684 -26.745162 -27.385821 -28.640018 -27.013265 0 0 0 0 0 -27.403662 -27.092371 -28.060389 0 0 0 -27.075146 -27.13723 0 0 0 0 -26.680787 -26.955443 0 0 0 0 -26.642913 -26.552199 0 0 -27.176597 -26.777962 -27.466598 -26.997899 -26.959994 -27.268305 -27.59344 -28.643419 -26.50543 -26.388111 -26.340568 -26.345046 -26.60767 -27.330355 -26.669101 -26.366649 -27.381664 -28.334938 -28.232615 -26.364977 -26.31921 -26.813607 -26.669677 -26.475677 -26.50199 -27.015636 -26.363771 -26.348881 -26.471021 -26.467838 -27.124273 
0 -28.965772 -28.051586 0 0 -27.069795 -26.75405 0 0 0 -26.400274 -26.460498 -26.45513 0 -26.996093 -26.490555 -26.503558 -26.399247 0 0 0 0 -27.220368 -28.642182 0 -28.443646 -27.242334 -27.551061 -26.579685 -26.64284 -26.765041 -26.745162 -27.385821 -28.640018 -27.013265 0 0 0 0 0 -28.060389 0 0 0 0 -27.405235 -27.075146 0 -36.057805 0 0 -26.492912 -26.680787 0 0 0 0 -26.552199 -27.031417 -33.426668 -26.85835 -26.621645 -27.176597 -26.777962 -26.928594 -27.870348 -28.078606 -28.643419 -29.951944 -26.620159 -26.50543 -26.388111 -26.503569 -27.254766 -27.20744 -29.164101 -27.809323 -28.180628 -28.075356 -28.758435 -26.391627 -26.364977 -26.783064 -26.742099 -26.528299 -26.475677 -26.50199 -26.348881 -26.398895 -26.446231 -26.451182 -27.075817 
0 -28.051586 -27.275184 -26.858742 -27.265389 -26.75405 -26.341775 -26.82915 0 0 -26.413587 -26.400274 -26.460498 0 -32.759397 -26.804989 -26.399247 -26.333094 0 0 0 0 -27.984481 -27.220368 -28.815208 -26.972403 -26.847871 -27.051357 -26.461326 -26.579685 -26.64284 -26.765041 -28.197187 -30.843256 -30.116279 0 0 0 0 0 0 0 0 0 0 -27.198846 -27.405235 -28.23085 -27.947997 -36.057805 0 -26.506541 -26.492912 0 0 0 0 -27.031417 -39.476665 0 -27.88582 -26.85835 -26.621645 -26.928594 -28.801231 -32.426429 -39.470067 0 0 -26.870232 -26.620159 -26.59121 -26.529278 -26.666907 -29.324917 -30.895787 -26.938947 -26.848891 -27.470516 -27.715398 -26.339681 -26.391627 -26.649107 -26.783064 -26.742099 -26.528299 -26.722523 -26.398895 -26.446231 -26.635616 -26.389531 -26.782756 
0 -27.275184 -26.858742 -26.483742 -26.357808 -26.341775 -26.23311 -26.461893 -29.647898 0 -26.372353 -26.413587 -27.383103 -30.729583 -27.009458 -26.82912 -26.333094 -26.293152 -39.481789 0 0 0 -39.491031 -27.984481 -29.025 -27.816312 -26.972403 -26.72031 -26.368902 -26.461326 -26.72008 -27.077096 -29.021356 -39.455976 0 0 -28.372242 -30.998799 0 -28.718564 -26.84435 -29.712707 0 0 0 -26.737829 -27.198846 -27.414394 -28.23085 -27.947997 -39.493856 -26.913041 -26.506541 0 0 0 0 0 -39.458866 0 -29.562674 -27.88582 -33.000506 -28.801231 -26.925357 -38.852956 0 0 0 -29.078222 -26.870232 -27.008421 -26.640377 -27.416969 -31.471416 -26.570166 -26.466629 -26.709219 -26.848891 -26.888632 -26.360621 -26.339681 -26.879079 -27.73438 -27.55598 -27.058506 -26.782385 -26.654985 -26.71891 -26.635885 -26.407678 -26.810135 
0 -26.952097 -26.483742 -26.357808 -26.396157 -26.23311 -26.257137 -26.570454 -28.522579 0 -26.323358 -26.372353 -27.585381 -27.383103 -26.914114 -26.583612 -26.293152 -26.261799 -28.472017 0 0 0 -39.4463 -39.491031 -39.449428 -29.025 -27.395676 -27.078434 -26.362847 -26.368902 -26.612402 -27.044013 -27.066913 -28.772328 0 -27.236006 -27.645006 -28.372242 -30.998799 -26.802384 -28.014774 -26.84435 -39.47319 -38.722541 -39.476312 -26.54056 -26.737829 -28.043783 -27.414394 -28.522015 0 -31.77523 -27.045512 0 0 0 0 -29.330313 -28.435997 0 -36.778288 -29.562674 -32.771565 -26.925357 -26.727554 -29.275694 0 0 0 0 -29.078222 -28.660872 -27.427816 -26.931853 -27.501429 -27.166864 -26.570166 -26.466629 -26.709219 -26.949654 -26.58552 -26.360621 -28.660245 -39.121975 -27.266667 -26.782385 -26.43234 -26.387425 -26.635885 -27.000509 -26.519316 -27.310345 
-28.952967 -27.582713 -26.904479 -26.580371 -26.711926 -26.257137 -26.299338 -26.664198 -28.039351 -35.964553 -26.300341 -26.323358 -27.150975 -28.322922 -39.494915 -26.573164 -26.261799 -26.226854 -27.810774 0 0 0 -28.092869 -32.707169 -33.064048 -28.432321 -27.444724 -27.395676 -26.616804 -26.362847 -26.700654 -27.74876 -26.971273 -27.066913 -28.772328 -31.640989 -27.236006 -27.645006 0 -26.623466 -26.802384 -31.174137 -32.224383 -32.536235 -31.806432 -26.434354 -26.54056 -27.321862 -28.043783 0 0 0 0 0 0 0 -29.330313 -28.435997 -30.874638 0 0 -36.778288 -30.642989 -26.727554 -27.676409 0 0 0 0 0 0 0 -37.633896 -28.062083 -26.931853 -27.501429 -27.366357 -27.311417 -27.089418 -26.918765 -26.760299 -26.58552 0 0 -28.094423 -26.43234 -26.387425 -26.273384 -27.096937 -26.806196 -26.506076 -27.147487 
-27.646447 -28.167435 -39.459987 0 -26.458897 -26.299338 -26.305455 -26.776544 -27.38268 -27.179302 -26.299898 -26.300341 -26.706267 -26.883103 0 -26.547099 -26.226854 -26.198437 -27.456002 -29.868623 0 0 -27.237497 -28.092869 -32.707169 -30.392675 -28.432321 -27.444724 -26.774704 -26.616804 0 -28.620097 -27.74876 -26.971273 0 0 0 0 0 -26.471908 -26.623466 -29.688437 -29.196365 -29.113468 -29.977714 -26.415185 -26.434354 -27.69517 0 0 0 0 0 0 0 -39.523537 -32.2868 -28.633856 -27.507547 -35.942604 0 0 0 -27.676409 -29.524838 0 0 0 0 0 0 0 -39.45462 -32.570487 -26.453822 -27.629213 -29.567179 -27.154331 -26.617817 -26.652165 -26.918765 -26.760299 0 0 0 -26.799712 -26.273384 -26.470766 -26.454333 -26.624466 -28.972804 0 
0 -39.459987 -39.455976 0 -26.521524 -26.458897 -26.322651 -26.992021 -29.093835 -26.764445 -26.321411 -26.299898 -26.566048 -26.706267 -26.883103 -26.430534 -26.198437 -26.175527 -26.997546 -28.081865 0 0 -28.030179 -27.237497 0 -39.536214 -30.392675 -29.842279 -26.986212 -27.704387 -27.076891 -26.952379 -28.620097 0 0 0 0 0 0 -26.360765 -26.471908 -28.485355 -29.688437 -29.196365 -29.113468 -26.57433 -26.415185 0 0 0 0 0 0 0 0 -34.536185 -28.633856 -27.507547 -26.974082 0 -35.447341 0 0 -29.524838 -27.610151 0 0 0 0 0 0 0 0 -39.45462 -26.433029 -26.429061 -28.138276 -29.088754 -27.154331 -26.617817 -26.652165 -27.320239 0 0 0 0 -26.470766 -26.454333 -26.624466 -26.47259 -26.775476 0 
0 -39.455976 0 0 -26.510818 -26.67229 -26.992021 -28.119401 0 -27.766001 -26.418379 -26.321411 -26.695515 -26.566048 -27.134372 -26.442183 -26.175527 -26.162066 -26.622932 -28.295515 0 0 -30.706897 -28.030179 0 0 0 0 -27.250802 -27.502129 -26.516546 -26.702858 -26.952379 0 0 -27.93996 -30.960347 -34.063473 -27.796505 -26.3026 -26.360765 -28.037694 -29.416521 -29.916285 -39.50456 -27.145949 -26.57433 0 0 0 0 -27.68908 -39.453499 -29.145141 -27.566673 -27.013812 -26.840326 -26.701089 -26.354492 -27.637131 0 -35.447341 -29.858702 -27.610151 -31.844019 0 0 0 0 0 0 0 0 0 -26.428328 -26.428328 -39.500973 -39.530464 -27.925068 -27.352438 0 0 -27.69951 -31.810917 0 0 0 -27.760079 -26.47259 -26.775476 -26.633387 0 
-31.445016 -28.873634 -37.313157 -35.851466 -26.474707 -26.613251 -26.978601 -39.512847 -31.97712 -27.044931 -26.383495 -26.418379 -26.65451 -26.695515 -39.46877 -26.719116 -26.162066 -26.174579 -26.455958 -28.19441 0 0 -29.5084 -30.706897 -39.462876 0 0 0 -26.534631 -26.633262 -26.460855 -26.516546 -26.702858 -27.71592 -27.354223 -27.929677 -27.93996 -27.863707 -26.949534 -26.328555 -26.3026 -29.088754 -30.206814 -39.471363 0 -30.177227 -27.572787 0 0 -37.897609 -28.807503 -27.10095 -27.68908 -27.729463 -27.844968 -27.469654 -26.793247 -26.354492 -26.490897 -26.804214 -28.063403 0 0 -31.844019 0 0 0 0 0 0 0 0 0 0 -26.468178 -26.732965 -39.530464 -27.925068 -29.188237 0 -39.5216 -39.445474 0 -27.69951 -31.810917 0 -34.303778 0 -27.265105 -26.633387 -26.847266 -31.420278 
0 -31.445016 -28.873634 -37.313157 -35.851466 -26.474707 -27.305047 0 0 -31.97712 -27.044931 -26.383495 -26.51492 -26.65451 0 0 0 -26.229256 -26.962123 0 0 0 0 -29.5084 -39.522539 -39.462876 0 0 0 -26.534631 -26.633262 -26.460855 -26.534163 -26.88376 -31.617122 -27.354223 -27.929677 -29.858702 -27.863707 -26.949534 -26.328555 -32.091662 -39.500267 0 0 0 0 0 0 0 -37.897609 -28.807503 -27.10095 -28.311029 -27.729463 -27.844968 -29.578491 0 -27.438853 -28.11329 0 0 0 0 0 0 0 0 0 0 0 0 0 0 0 -26.78804 0 0 0 0 0 -28.214216 0 0 0 0 0 0 0 0 0 0 
