NCOLS 42
NROWS 43
XLLCORNER 276826.32
YLLCORNER 3833378.9
CELLSIZE 10
NODATA_VALUE -9999
0 0 0 0 0 0 0 0 0 0 0 0 0 0 0 0 0 0 0 0 0 0 0 0 0 0 0 0 0 0 0 0 -68.727694 0 0 0 -42.012407 -42.19626 -38.203016 0 0 0 
0 0 0 0 0 0 0 0 0 0 0 0 0 0 0 0 0 0 0 0 0 0 0 0 0 0 0 0 0 0 0 -68.269507 -36.568707 -68.462298 -67.936774 -31.901284 -31.981042 -38.046692 -42.19626 -38.203016 0 0 
0 0 0 0 0 0 0 0 0 -67.855702 0 0 0 0 0 0 0 0 0 0 0 0 0 0 0 0 0 0 0 0 0 -50.022894 -30.72115 -36.623428 -32.34776 -35.768219 -31.901284 -31.981042 -38.046692 0 0 0 
0 0 0 0 0 0 0 0 0 -68.361306 -67.855702 0 0 0 0 0 0 0 0 0 0 0 0 0 0 0 0 -68.381894 0 0 -39.64127 -32.792916 -32.817539 -30.72115 -36.623428 -32.34776 -35.768219 0 0 0 -68.630182 0 
0 0 0 0 0 0 0 0 0 0 -68.520188 0 0 0 0 0 0 0 0 0 0 0 0 0 0 0 -37.881799 0 0 -56.6443 -32.009709 -39.64127 -32.792916 -32.817539 0 0 0 0 0 0 0 0 
0 0 0 0 0 0 0 0 0 0 0 0 0 0 0 0 0 0 0 0 0 0 0 0 0 0 -31.493357 -37.881799 -44.537572 -32.414512 -35.370758 -32.009709 -44.878708 0 0 0 0 0 0 0 0 0 
0 0 0 0 0 0 0 0 0 0 0 0 0 0 0 0 0 0 0 0 0 0 0 0 0 -31.664314 -33.64937 -31.493357 0 -44.537572 -32.414512 -35.370758 0 0 0 0 0 0 0 0 0 0 
0 0 0 0 0 0 0 0 0 0 0 0 0 0 0 0 0 0 0 0 0 0 0 0 0 -34.329753 -31.664314 -33.64937 0 0 0 0 0 0 0 0 0 0 0 0 0 0 
0 0 0 0 0 0 0 0 0 0 0 0 0 0 0 0 0 0 0 0 0 0 0 0 0 -39.791312 -34.329753 0 0 0 0 0 0 0 0 0 0 0 0 0 0 0 
0 0 0 0 0 0 0 0 0 0 0 0 0 0 0 0 0 0 0 0 0 0 0 0 0 -34.70232 -31.996934 0 0 0 0 0 0 0 0 0 0 0 0 0 0 0 
0 0 0 0 0 0 0 0 0 0 0 0 0 0 0 0 0 0 0 0 0 0 0 0 0 -31.996934 -36.719294 0 0 0 0 0 0 0 0 0 0 0 0 0 0 0 
0 0 0 0 0 0 0 -68.674853 -46.250784 0 0 0 0 0 0 0 0 0 0 0 0 0 0 0 0 -36.719294 0 0 0 0 0 0 0 0 0 0 0 0 0 0 0 0 
0 0 -67.991402 -53.8121 -47.342319 -41.933277 -35.83205 -35.301244 -68.674853 -46.250784 0 0 0 0 0 0 0 0 0 0 0 0 0 0 0 0 0 0 0 0 0 0 0 0 0 0 0 0 0 0 0 0 
-68.806751 -58.450801 -38.959793 -65.081471 -53.8121 -47.342319 -41.933277 -35.83205 -35.301244 0 0 0 0 -48.513222 0 0 0 0 0 0 0 0 0 0 0 0 0 0 0 0 0 0 0 0 0 0 0 0 0 0 0 0 
0 -68.806751 -58.450801 -38.959793 -65.081471 -66.62926 -68.032815 -68.346329 0 0 0 0 -50.733711 -40.902268 -48.513222 0 0 0 0 0 0 0 0 0 0 0 0 0 0 0 0 0 0 0 0 0 0 0 0 0 0 0 
-66.84169 -37.203512 -32.654714 -57.45579 0 0 0 0 0 0 0 0 0 -50.733711 -40.902268 0 0 0 0 0 0 0 0 0 0 -57.368351 0 0 0 0 0 0 0 0 0 0 0 0 0 0 0 0 
0 -32.654714 -30.552588 -34.922502 -37.494513 -41.142224 -48.137817 -40.298057 -33.781233 -68.089249 -68.089249 -67.953732 0 0 0 0 0 0 0 0 0 0 0 0 -57.368351 -45.216259 0 0 0 0 0 0 0 0 0 0 0 0 0 0 0 0 
0 -30.552588 -31.872111 -37.494513 -41.142224 -41.722387 -39.81664 -33.781233 -30.769035 -32.834054 -36.633438 -40.316196 -39.44622 -33.410758 0 0 0 0 0 0 0 0 0 0 -45.216259 0 0 0 0 0 0 0 0 0 0 0 0 0 0 0 0 0 
0 -31.872111 -32.157267 -44.237975 -41.722387 -39.81664 -36.653516 -30.769035 -32.834054 -36.633438 -35.011567 -38.661699 -33.410758 -31.242006 0 0 0 0 0 0 0 0 0 0 0 0 0 0 0 0 0 0 0 0 0 0 0 0 0 0 0 0 
-68.484052 -32.157267 -32.033808 0 0 -68.592923 -52.41254 -33.990606 -38.027432 -35.011567 -38.661699 -47.649403 -31.242006 -33.567298 0 0 0 0 0 0 0 0 0 0 0 0 0 0 0 0 0 0 0 0 0 0 0 0 0 0 0 0 
0 -32.033808 -31.190171 0 0 0 -68.424916 -67.951848 0 -68.445479 -59.117437 0 -33.567298 -34.489549 0 0 0 0 0 0 0 0 0 0 0 0 0 0 0 0 0 0 0 0 0 0 0 0 0 0 0 0 
0 -31.190171 -68.436133 0 0 0 -61.853123 0 0 0 0 -68.079846 -37.535638 -41.234212 -67.974453 -68.394991 0 -42.069411 -68.59106 0 0 0 0 0 0 0 0 0 0 0 0 0 0 0 0 -63.710185 0 0 0 0 0 0 
0 0 0 0 0 0 -50.203227 -61.853123 0 0 0 0 -47.382759 -67.974453 -68.394991 0 -42.069411 -33.664957 -30.914416 0 0 0 0 0 0 0 0 0 0 0 0 0 0 0 -63.710185 -68.658106 0 0 0 0 0 0 
0 0 0 0 0 0 -53.641787 -50.203227 0 0 0 -61.570591 -43.708507 0 0 -68.205725 -33.664957 -30.914416 -31.005979 0 0 -68.454824 0 0 0 0 0 0 0 0 0 0 0 0 -68.658106 -59.711031 0 0 0 0 0 0 
0 0 0 0 0 0 0 -53.641787 0 0 -61.570591 -43.708507 -42.625775 0 0 0 -68.518322 -31.005979 -34.090864 0 -68.454824 0 0 0 0 0 0 0 0 0 0 0 0 0 -59.711031 -67.889649 0 0 0 0 0 0 
0 0 0 0 0 -68.047869 0 0 0 0 0 -42.625775 0 0 0 -68.518322 -40.472256 -34.090864 -33.906627 0 0 0 0 0 0 0 0 0 0 0 0 0 0 0 -67.889649 0 0 0 0 0 0 0 
0 0 0 0 -68.047869 0 -61.237376 0 0 -67.94808 -68.263882 0 0 0 0 -40.472256 -36.407873 -33.906627 -31.080351 0 0 0 0 -68.786342 0 0 0 0 0 0 0 0 0 0 0 0 0 0 0 0 0 0 
0 0 0 0 0 -61.237376 0 0 -67.94808 -68.263882 0 0 0 0 0 0 -36.749928 -31.080351 -37.248181 -68.739922 0 0 -68.786342 -67.831175 0 0 0 0 0 0 0 0 0 0 0 0 0 0 0 0 0 0 
0 0 0 0 0 0 0 0 0 0 0 0 0 0 0 -67.902847 -42.266298 -36.673669 -41.316923 -44.193868 0 0 -67.831175 -48.072864 0 0 0 0 0 0 0 0 0 0 0 0 0 0 0 0 0 0 
-54.124013 -54.953845 0 0 0 0 0 0 0 0 0 0 0 0 -67.902847 0 -36.673669 -34.438761 -44.193868 -44.193868 -67.963151 0 -48.072864 -36.958715 0 0 0 0 0 0 0 0 0 0 -68.190708 0 0 0 0 0 0 0 
0 -68.449217 -68.497787 0 0 0 0 0 0 0 0 0 0 0 0 -41.432127 -34.438761 -34.438761 -44.193868 -37.938364 -39.740932 -68.301372 -36.958715 -35.614258 0 0 0 0 0 0 0 0 0 -68.190708 -48.312906 0 0 0 0 0 0 0 
0 0 0 -68.057276 -67.933005 -55.677218 -46.142346 -68.380022 0 0 -68.482847 -67.450057 -42.887011 -36.905762 -67.072894 0 -34.438761 -52.41254 -37.938364 -39.740932 -59.411598 -68.628319 -35.614258 -48.924841 0 0 0 0 -68.72134 0 0 0 0 -48.312906 -60.642422 0 0 0 0 0 0 0 
0 0 -68.520188 0 -55.677218 -46.142346 -55.065709 -67.9575 -68.817879 -68.389378 -39.012095 -37.788705 -35.183914 -42.348778 -36.905762 -43.708507 0 0 0 -50.518751 0 -49.424502 -49.424502 -68.486582 0 0 0 -68.72134 -51.516691 0 0 0 0 -60.642422 0 0 0 0 0 0 0 0 
0 0 0 -68.520188 0 -55.065709 -67.9575 -68.817879 -68.710187 -68.010229 -32.145531 -32.708118 -35.266873 -35.183914 -32.353121 -33.53949 -37.951007 -33.837981 -31.753846 -33.534457 -50.518751 0 -68.426785 0 0 0 0 -51.516691 -43.806306 0 0 0 0 0 0 0 0 0 0 0 0 0 
0 0 -64.481753 0 0 0 0 0 0 -38.302795 -31.423395 -32.145531 -32.708118 -30.421482 -30.666485 -32.353121 -33.53949 -36.539095 -33.837981 -31.753846 -33.534457 -68.536982 0 0 0 0 0 -43.806306 -50.924916 0 0 0 0 0 0 0 0 0 0 0 0 0 
0 -64.481753 0 0 0 0 0 0 0 -40.872807 -32.544719 -31.423395 -46.28719 -33.91217 -30.421482 -30.666485 -34.83864 -38.959793 -36.539095 -40.216997 0 0 0 0 0 0 -35.500935 -35.425546 -45.381277 0 0 0 0 0 0 0 0 0 0 0 0 0 
0 0 0 0 0 0 -41.570532 -39.551174 -67.823627 -29.397223 -29.397223 0 -68.706469 -65.354055 0 0 0 0 0 0 0 0 0 0 0 0 -31.745058 -35.500935 -35.425546 0 0 0 0 0 0 0 0 0 0 0 0 0 
0 -42.912319 0 0 0 -41.570532 -39.551174 -39.93608 -40.057603 -29.397223 -29.481597 -32.598293 -44.537572 0 0 0 0 0 0 0 0 0 0 0 0 0 -41.581282 -31.745058 0 0 0 0 0 0 0 0 0 0 0 0 0 0 
0 -36.485237 -48.671527 -38.61217 0 -66.052444 -39.93608 -40.057603 -40.057603 -29.481597 -30.848954 -33.691077 -35.332011 -48.490787 -67.942427 0 -44.193868 -44.033954 -47.162214 0 0 0 0 0 0 0 0 -41.581282 0 0 0 0 0 0 0 0 0 0 0 0 0 0 
0 -68.409955 -35.524993 -37.801033 -38.61217 -68.013994 -53.709661 -40.057603 -52.381666 -30.848954 -31.107946 -34.915453 -37.104292 -39.92748 -35.390252 -37.957339 -44.033954 -47.162214 0 0 0 0 0 0 0 0 0 0 0 0 0 0 0 0 0 0 0 0 0 0 0 0 
0 0 -45.600084 -35.524993 -37.801033 -56.355785 -53.709661 -44.894513 -47.261895 -31.107946 -32.051605 -34.024699 -33.514388 -35.390252 -37.957339 -30.174504 0 0 0 0 0 0 0 0 0 0 0 0 0 0 0 0 0 0 0 0 0 0 0 0 0 0 
0 -67.910388 -50.1773 -45.600084 -68.816025 -56.355785 -44.894513 -47.261895 -49.089009 -32.051605 -34.024699 -33.514388 -38.959793 -38.952355 -30.174504 -31.192559 0 0 0 0 0 0 0 0 0 0 0 0 0 0 0 0 0 0 0 0 0 0 0 0 0 0 
0 0 -67.910388 -50.1773 0 0 0 0 0 0 0 0 0 0 0 -32.746215 0 0 0 0 0 0 0 0 0 0 0 0 0 0 0 0 0 0 0 0 0 0 0 0 0 0 
