NCOLS 42
NROWS 41
XLLCORNER 276826.32
YLLCORNER 3833378.9
CELLSIZE 10
NODATA_VALUE -9999
0 0 0 0 0 0 0 0 0 0 55.952501 0 0 0 0 0 0 0 0 0 0 0 0 0 0 0 0 0 0 130.236 179.04529 -7.1054274e-15 0.033224946 0 -3.5527137e-15 -7.1054274e-15 0 0 0 0 0 0 
0 0 0 0 0 0 0 0 0 0 0 105.00496 0 0 0 0 0 0 0 0 0 0 0 0 0 0 50.708087 0 0 27.401631 0.046820302 0.033145797 0.046230914 0.033288712 0 0 0 0 0 0 0 0 
0 0 0 0 0 0 0 0 0 0 0 88.878251 0 0 0 0 0 0 0 0 0 0 0 0 0 188.97999 7.1054274e-15 0 205.48574 7.1054274e-15 0.015523372 0 0 0 0 0 0 0 7.4185578 0 74.543312 46.297317 
0 0 0 0 0 0 0 0 0 0 0 0 0 0 0 0 0 0 0 0 0 0 0 0 55.418175 56.188548 0 7.1054274e-15 0.028876451 -3.5527137e-15 -7.1054274e-15 0 0 0 0 0 0 0 0 0 0 0 
0 0 0 0 0 0 0 0 0 0 0 0 0 0 0 0 0 0 0 0 0 0 0 0 24.121581 0.013323492 0.020054259 0.0094466159 1.9984014e-15 0 3.5527137e-15 0 0 0 0 0 0 0 0 0 0 0 
0 0 0 0 0 0 0 0 0 0 0 0 0 0 0 0 0 0 0 0 0 0 0 0 26.600886 0 0 0 0 0 0 0 0 0 0 0 0 0 0 0 0 0 
0 0 0 0 0 0 0 0 0 0 0 0 0 0 0 0 0 0 0 0 0 0 0 0 65.741819 0 0 0 0 0 0 0 0 0 0 0 0 0 0 0 0 0 
0 0 0 0 0 0 0 0 0 0 0 0 0 0 0 0 0 0 0 0 0 0 0 0 33.155109 0 0 0 0 0 0 0 0 0 0 0 0 0 0 0 0 0 
0 0 0 0 0 0 0 0 0 0 0 0 0 0 0 0 0 0 0 0 0 0 0 16.578251 0 7.1054274e-15 0 0 0 0 0 0 0 0 0 0 0 0 0 0 0 0 
0 0 0 0 0 0 0 0 0 -1.7763568e-15 45.661846 0 0 0 0 0 0 0 0 0 0 0 0 0 43.502479 0 0 0 0 0 0 0 0 0 0 0 0 0 0 0 0 0 
0 0 0 0 0 0 0 0 0 0 48.076498 0 0 0 0 0 0 0 0 0 0 0 0 0 67.841011 6.5860036 0 0 0 0 0 0 0 0 0 0 0 0 0 0 0 0 
0 0 0 0 7.1054274e-15 0 0 0 0 0 0 0 47.844404 0 0 0 0 0 0 0 0 0 0 0 0 0 0 0 0 0 0 0 0 0 0 0 0 0 0 0 0 0 
105.52738 0 0.03767164 0.03997992 52.357439 0.036512795 0.029506811 -7.1054274e-15 3.5527137e-15 3.5527137e-15 95.387361 0 0 0 7.1054274e-15 0 0.72485518 0 0 0 0 0 0 0 0 0 0 0 0 0 0 0 0 0 0 0 0 0 0 0 0 0 
0 0.029984034 0.053090475 0.083482812 149.87413 1209.3685 470.17846 188.52333 59.051239 230.52241 0 150.87966 0 0.048326362 0 7.687073 33.222166 39.543101 0 0 0 0 0.31829027 0 0 0 0 0 0 0 0 0 0 0 0 0 0 0 0 0 0 0 
8.8817842e-16 0.018819313 0.021551513 7.1054274e-15 -1.4210855e-14 0 0.037935399 0.050233123 0.066460296 -1.4210855e-14 0.040434523 0.0076879287 0 0.021112055 596.1725 0 0 0 0 0 0 0 10.422544 0 0 0 0 0 0 0 0 0 0 0 0 0 0 0 0 0 0 0 
0 0.044506888 0.047961574 1.4210855e-14 0 1.4210855e-14 0.034409426 0 0.0392406 0.013943766 0.032186715 0.031473899 0.02116317 -1.0658141e-14 169.31917 0 0 0 0 0 0 0 53.760607 92.370178 0 0 0 0 0 0 0 0 0 0 0 0 0 0 0 0 0 0 
0 0 -3.5527137e-15 0 0 0 0.11647693 0.043699752 0 0 0 0.062195582 0.03378615 -3.5527137e-15 71.530169 0 0 0 0 0 0 0 0 28.063758 0 0 0 0 0 0 0 0 0 0 0 0 0 0 0 0 0 0 
0 0.0025387461 0 0 -8.8817842e-16 0 7.1054274e-15 0 0.066057922 0.016319064 -7.1054274e-15 0.035375038 3.5527137e-15 0 564.42745 0 0 0 0 0 0 0 0 0 0 0 0 0 0 0 0 0 0 0 0 0 0 0 0 0 0 0 
0 3.5527137e-15 0 0.027932462 0 0 0.031229061 0 0.087055386 0.047560966 0 7.1054274e-15 -7.1054274e-15 0 182.63689 675.92411 40.602111 42.836873 72.490108 0 0 0 0 0 0 0 0 0 0 0 0 0 0 0 0 0 0 0 0 0 0 0 
0 0 0 0 35.584581 0 0 0 0 -1.7763568e-15 -4.4408921e-16 0 0 -1.4210855e-14 0.05658315 0.015672323 2.220446e-15 0.01535664 0.0012887022 173.69015 0 0 0 0 0 0 0 0 0 0 0 0 38.464446 0 1.7763568e-15 0 0 0 0 0 0 0 
0 0 0 0 0 0 0 0 1.4275552 1.7763568e-15 0.0047580691 0.00053949638 1.4210855e-14 0.049588413 0.18879402 8.8817842e-16 0.038091878 -7.1054274e-15 0 163.532 41.705486 66.270021 95.166704 0 0 0 0 0 0 0 0 0 0 104.92552 0 0 0 0 0 0 0 0 
0 0 0 0 0 0 0 0 87.842447 0 -1.7763568e-15 0.025578074 7.1054274e-15 0.026568353 0 0 -7.1054274e-15 0 0.019712802 1.110223e-16 63.022463 0.021930675 31.788265 8.8844402 0 0 0 0 0 0 0 0 0 112.23827 0 0 0 0 0 0 0 0 
0 0 0 0 0 0 49.579436 10.785681 66.651539 0.021666055 0.004049396 -7.1054274e-15 7.1054274e-15 0.001706747 0 0 0.083220647 0.020175574 0 0 0 57.383224 0.065399585 0 0 0 0 0 0 0 0 0 0 95.847751 0 0 0 0 0 0 0 0 
0 0 0 0 0 0 -7.1054274e-15 82.007848 7.5784341 0 -1.7763568e-14 0.038633054 0 0 0 0 0 0 0 155.75056 0 0.044309697 45.387254 154.703 0 0 0 0 0 0 0 0 0 90.285286 1.4210855e-14 0 0 0 0 0 0 0 
0 0 0 0 0 0 0 0 0 0 0 0 0 0 0 0 0 0.011645315 0 3.5527137e-15 207.54544 34.085903 113.12352 0.087450983 328.27021 0 0 0 0 0 0 0 0 29.261747 0 0 0 0 0 0 0 0 
0 0 0 0 0 0 0 0 0 0 0.0083253943 0 0 0 7.4885724 0 0 -3.5527137e-15 0 0 1.7763568e-15 0.013472508 0.11051949 1.4210855e-14 304.2121 0 0 0 0 0 0 0 0 0 0 0 0 0 0 0 0 0 
0 0 0 0 0 0 0 0 0 0 0 0 0 0 -7.1054274e-15 0 -7.1054274e-15 -7.1054274e-15 7.1054274e-15 -7.1054274e-15 0.041486771 0.0081455689 0.050434945 0.099274578 173.86957 0 0 0 0 0 0 0 0 0 0 0 0 0 0 0 0 0 
0 0 0 0 0 0 0 0 0 0 0 0 0 0 0 0 0 0 0 0 7.1054274e-15 -1.0658141e-14 0.065389732 0.12546448 77.681731 0 0 0 0 0 0 0 56.849175 0 0 0 0 0 0 0 0 0 
47.177236 0 0 0 0 0 0 0 0 0 0 0 0 0 0 0 0 0 0 -7.1054274e-15 7.1054274e-15 0.046123478 0.009810847 0.088112191 36.983895 0 0 0 0 11.39887 0 0 77.695006 7.1054274e-15 0 0 0 0 0 0 0 0 
0 107.40955 64.000556 0 0 0 0 0 0 0 0 0 0 0 0 0 0 0 0 0 0.011495327 0.051251297 -7.1054274e-15 0.015928459 101.74314 0 0 0 0 88.315066 0 0 88.577686 0 0 0 0 0 0 0 0 0 
0 0 0 0 0.041087221 0 0 0 0 0 7.1054274e-15 0 0 0 0 0 0 0.16923998 0 0 -2.5257574e-15 0 0 0 176.2108 0 0 0 0 100.58059 0 0 78.571566 -7.1054274e-15 0 0 0 0 0 0 0 0 
0 0 0 0.12975711 10.383545 0.085447763 0 0 0 0 -3.5527137e-15 0 0.016137269 0 -7.1054274e-15 -7.1054274e-15 0 0 0 0.023062713 0 0.0027354105 0 78.973271 0 0 0 0 0 71.790129 0 0 20.908123 0 0 0 0 0 0 0 0 0 
0 0.0043760066 0.037595501 0.15965226 409.20139 374.07127 233.50712 160.47458 203.83297 0.10155191 0 0 0 0.043239975 0 0 0 0.079966686 0 -3.5527137e-15 0 0 0.053002196 4.6964529 0 0 0 0 0 75.594332 0 0 0 0 0 0 0 0 0 0 0 0 
0 0 0.024099467 0 0.033647604 0.019437056 1.7277846e-15 0.032791699 3.9968029e-15 0.035691118 0 0.17541499 18.073183 0 -3.5527137e-15 0 0 0.026175313 0 0 3.5527137e-15 -7.1054274e-15 -8.8817842e-15 88.599003 0 0 0 0 0 52.837542 0 0 0 0 0 0 0 0 0 0 0 0 
0 0.13663545 0 0 0 0.029680606 0.053541922 0 0 -3.5527137e-15 0.071084005 63.488511 0.29851225 0.11835628 140.54368 398.84447 125.12828 67.377406 35.700205 4.1145471 43.62665 85.718459 0 37.671367 0 0 0 -7.1054274e-15 0 50.525176 0 0 0 0 0 0 0 0 0 0 0 0 
0 0.020935325 570.92378 0.018742107 2.6645353e-15 -1.4210855e-14 0 0 0.026627423 0.060825963 -3.5527137e-15 0.13007292 -7.1054274e-15 0.12160274 605.44685 1777.003 0 219.925 39.378152 67.948428 3.6133748 0 113.67348 12.291235 0 0 0 0 118.59163 14.409016 0 0 0 0 0 0 0 0 0 0 0 0 
0 7.1054274e-15 0.10433797 -7.1054274e-15 1.7763568e-15 0 0 0 0.0092037434 0.031775554 0.13441505 -7.1054274e-15 0 0 0.037282352 3.5527137e-15 7.1054274e-15 7.1054274e-15 7.1054274e-15 77.277444 0 0 0 0 0 0 2.7755576e-16 0 77.473863 0 0 0 0 0 0 0 0 0 0 0 0 0 
0 0 0 0 0 0 7.1054274e-15 7.1054274e-15 0.027724034 -7.1054274e-15 3.5527137e-15 0 0 7.1054274e-15 -7.1054274e-15 0.0015832782 0.063291352 0 0.0054188735 0.04838482 3.6143532 0 0 0 0 0 0 0.0723093 0 0 0 0 0 0 0 0 0 0 0 0 0 0 
0 0 0 0 0 -7.1054274e-15 0 0 -7.1054274e-15 0 0 0 0 0 0 0.014402235 0.00070532871 0.016269085 5.5144276 0 0 0 0 0 0 0 0 0 0 0 0 0 0 0 0 0 0 0 0 0 0 0 
12.118699 0 0 0 0 0 0 0 0 0 0 0 0 0 0 0 0.5908559 0 0 0 0 0 0 0 0 0 0 0 0 0 0 0 0 0 0 0 0 0 0 0 0 0 
0 21.028924 0 0 0 0 0 0 0 0 0 0 0 0 0 0 28.346257 0 0 0 0 0 0 0 0 0 0 0 0 0 0 0 0 0 0 0 0 0 0 0 0 0 
