NCOLS 44
NROWS 39
XLLCORNER 276816.32
YLLCORNER 3833388.9
CELLSIZE 10
NODATA_VALUE -9999
0 0 0 0 0 0 0 0 0 0 0 9.8762186 0 0 0 0 0 0 0 0 0 0 0 0 0 0 0 0 0 0 6.1110635 0.084631096 0.039577538 0.010704815 0.011672384 0 0 0 0 0 0 0 0 0 
0 0 0 0 0 0 0 0 0 0 0 0 15.288912 0 0 0 0 0 0 0 0 0 0 0 0 0 11.998411 -4.4408921e-16 0 14.532518 0.019662224 0.017206225 0.0099127888 0 0 0 0 0 0 0 0 0 0 0 
0 0 0 0 0 0 0 0 0 0 0 0 0 0 0 0 0 0 0 0 0 0 0 0 0 4.6702777 2.2211909 0.061193645 0.041671651 0.058391202 0.044128956 0.032260855 0 0 0 0 0 0 0 0 0 0 0 0 
0 0 0 0 0 0 0 0 0 0 0 0 0 0 0 0 0 0 0 0 0 0 0 0 0 1.4833128 0.02292111 0.030239548 0.04121717 0.0052177088 0 0 0 0 0 0 0 0 0 0 0 0 0 0 
0 0 0 0 0 0 0 0 0 0 0 0 0 0 0 0 0 0 0 0 0 0 0 0 0 1.7094284 0.020705244 0 0 0 0 0 0 0 0 0 0 0 0 0 0 0 0 0 
0 0 0 0 0 0 0 0 0 0 0 0 0 0 0 0 0 0 0 0 0 0 0 0 0 4.5518019 -4.4408921e-16 0 0 0 0 0 0 0 0 0 0 0 0 0 0 0 0 0 
0 0 0 0 0 0 0 0 0 0 0 0 0 0 0 0 0 0 0 0 0 0 0 0 0 2.1063607 0.094756694 0 0 0 0 0 0 0 0 0 0 0 0 0 0 0 0 0 
0 0 0 0 0 0 0 0 0 0 0 0 0 0 0 0 0 0 0 0 0 0 0 0 1.0123748 0 0 0 0 0 0 0 0 0 0 0 0 0 0 0 0 0 0 0 
0 0 0 0 0 0 0 0 0 0 -1.110223e-16 6.6600759 0 0 0 0 0 0 0 0 0 0 0 0 0 2.9167588 0 0 0 0 0 0 0 0 0 0 0 0 0 0 0 0 0 0 
0 0 0 0 0 0 0 0 0 0 -8.8817842e-16 6.1675466 0 0 0 0 0 0 0 0 0 0 0 0 0 4.3917208 0.45181023 0 0 0 0 0 0 0 0 0 0 0 0 0 0 0 0 0 
0 0 0 -8.8817842e-16 0 0 0.017910177 0.014184015 0 -4.4408921e-16 0.019710483 0 0 7.0443033 0 0 0 0 0 0 0 0 0 0 0 0 0 0 0 0 0 0 0 0 0 0 0 0 0 0 0 0 0 0 
23.80056 0 3.5527137e-15 0.047679026 0.17948601 5.5092963 0.015090025 0.070385666 0 0.022308766 0 13.360014 0 0 0 0 0 0.058490355 0 0 0 0 0 0 0 0 0 0 0 0 0 0 0 0 0 0 0 0 0 0 0 0 0 0 
0.073351661 0.045791011 0.10313634 0.17719949 0.078161423 12.979782 174.77686 47.25527 18.963212 5.7997159 21.791067 0 14.310102 4.4408921e-16 0.018313568 0 0.76438903 3.8485084 3.1509334 0 0 0 0 0 0.027638913 0 0 0 0 0 0 0 0 0 0 0 0 0 0 0 0 0 0 0 
-4.4408921e-16 -4.4408921e-16 0.025184605 0.079649767 -4.4408921e-16 1.7763568e-15 0.050956599 0.091094176 0.07738943 0.10881229 8.8817842e-16 0.044306492 0.031071645 -8.8817842e-16 0.0097850426 49.266547 0 0 0 0 0 0 0 0.89094515 0.012645856 0 0 0 0 0 0 0 0 0 0 0 0 0 0 0 0 0 0 0 
8.8817842e-16 0.037030377 0.041492142 0.039645343 0.041121583 -4.4408921e-16 0.023994779 0.015338657 0.044210276 0.1002592 0 0.036950141 0.079878203 0.045963168 0 13.037233 0 0 0 0 0 0 0 4.6551856 7.5452429 0 0 0 0 0 0 0 0 0 0 0 0 0 0 0 0 0 0 0 
0 0.035299851 0.029172736 0.086134316 -8.8817842e-16 4.4408921e-16 0.048394975 0 -2.220446e-16 0.035265276 0.069140313 0.020185618 0.014119923 0.050648838 0.15118368 5.6393892 0 0 0 0 0 0 0 0 2.1852637 0 0 0 0 0 0 0 0 0 0 0 0 0 0 0 0 0 0 0 
0 0 0.054355656 -2.220446e-16 0 -3.469447e-16 0.050598305 4.4408921e-16 8.8817842e-16 0.024847517 0.0011465524 0.022076942 0 0.044072605 0.053813553 57.687607 0 0 0 0 0 0 0 0 0 0 0 0 0 0 0 0 0 0 0 0 0 0 0 0 0 0 0 0 
0 0 0.0034972167 0.015711033 0.035244063 0.056731814 0 0 8.8817842e-16 -5.5511151e-16 0 0 0 0 0.05457868 17.853571 70.533918 4.2558307 3.4608193 7.4172374 0 0 0 0 0 0 0 0 0 0 0 0 0 0 0 0 0 0 0 0 0 0 0 0 
0 0 -2.220446e-16 0.0029031408 0 7.1090421 0 0 0 0 2.220446e-16 0 0 -4.4408921e-16 0.193423 0.11305869 0.09795991 -1.6653345e-16 0.07560433 0 31.273062 0 0 0 0 0 0 0 0 0 0 0 0 3.4726785 0 -2.220446e-16 0 0 0 0 0 0 0 0 
0 0 0 0 0 0 0 0 0 0.13771603 1.110223e-16 0.019383931 0 0.090777236 0.053654835 0.16357423 -5.5511151e-16 0 0.002592617 0.06630469 18.632391 2.5074552 11.871028 15.861333 0 0 0 0 0 0 0 0 0 0 15.145896 8.8817842e-16 0 0 0 0 0 0 0 0 
0 0 0 0 0 0 0 0 -4.4408921e-16 7.3510449 0 0.014569888 0.053423741 0.047518983 0.01577117 0 0 0.0098332917 0.014899454 0.056869362 -2.0816682e-16 4.7944267 0.14844965 2.4843243 0.57940481 0 0 0 0 0 0 0 0 0 20.605498 0 0 0 0 0 0 0 0 0 
0 0 0 0 0 0 0 5.2573593 0.96009211 5.6191479 0.0028321402 0.0081998374 -8.8817842e-16 0.049635098 0 0 0 0.0012837338 0 4.4408921e-16 0.04248539 0.088879316 4.4097484 0.033439513 0 0 0 0 0 0 0 0 0 0 10.399572 0 0 0 0 0 0 0 0 0 
0 0 0 0 0 0 0 -8.8817842e-16 8.2796037 0.6401562 0 -8.8817842e-16 0.071476815 0.003698519 0 0 0 0.00888124 0.009321573 0.034783597 11.151041 0 0.025145844 3.8342151 14.331765 0 0 0 0 0 0 0 0 0 8.3543032 0 0 0 0 0 0 0 0 0 
0 0 0 0 0 0 0 -8.8817842e-16 2.220446e-16 0 -8.8817842e-16 0.049425246 0 0 0 0 0.03575512 0.010042062 0 0.014757991 0 19.652151 7.8734834 7.9571089 0.13952929 39.268595 0 0 0 0 0 0 0 0 2.7406429 0 0 0 0 0 0 0 0 0 
0 0 0 0 0 0 0 -4.4408921e-16 0 0 0 0.0007410886 0 0 0 0.70330634 0 0.0076501811 2.220446e-16 8.8817842e-16 0 0.083896287 0.11001252 0.041959437 0.058285466 29.64756 0 0 0 0 0 0 0 0 0 0 0 0 0 0 0 0 0 0 
0 0 0 0 0 0 0 0 0 0 0 0 0 0 0 0 0 -4.4408921e-16 0.028170337 -4.4408921e-16 0.026210691 0 0.095729361 0.082613599 0.19571043 16.318582 0 0 0 0 0 0 0 0 0 0 0 0 0 0 0 0 0 0 
0 0 0 0 0 0 0 0 0 0 0 0 0 0 0 0 0 -4.4408921e-16 0 0 0 0.076197097 0.087856444 0.18073323 0 7.7111907 0 0 0 0 0 0 0 7.1065713 0 0 0 0 0 0 0 0 0 0 
0 0 0 0.021090019 0 0 0 0 0 0 0 0 0 0 0 0 0 0 4.4408921e-16 0 0 0.072886152 0.037039095 8.8817842e-16 0.038614291 5.4347587 0 0 0 0 2.6290388 0 0 8.7136631 0 0 0 0 0 0 0 0 0 0 
2.1247023 0 17.828199 13.424132 0 0 0 0 0 0 0 0 0 0 0 0 0 0 0 0 0.013239038 0.058427567 0 -1.7763568e-15 -8.8817842e-16 12.883007 0 0 0 -1.7763568e-15 18.977155 0 0 7.9879008 4.4408921e-16 0 0 0 0 0 0 0 0 0 
0 5.464059 0 0.053738267 0 0.026142166 0.0059980399 0 0 0 0 1.7763568e-15 0.03882961 0 0 0 0 0.011078423 0 0 0 0.013222922 0 0 0 22.442364 0 0 0 1.7763568e-15 13.942091 0 0 6.8635321 -8.8817842e-16 0 0 0 0 0 0 0 0 0 
0 0 0 0.046620033 0.084392444 1.3075711 0.15346048 0 0 0 0 0 0.018500008 0.03741125 0.044621034 0.016221119 -4.4408921e-16 0.059076017 0 0 0.001896929 0.0070298239 0 0.03240874 12.810982 0 0 0 0 0 5.677808 0 0 1.8544788 0 0 0 0 0 0 0 0 0 0 
0 0 0.0069751289 0.040398166 0.093456534 61.470575 41.76029 24.293637 27.90676 34.216658 0.0022248251 4.4408921e-16 6.6613381e-16 0 0.063412132 0 0 0.018054033 0 0 0 0.038953484 0 -8.8817842e-16 0.51202063 0 0 0 0 0 6.0503461 0 0 0 0 0 0 0 0 0 0 0 0 0 
0 2.7016678e-05 0.0068115269 0.064267743 0.019372906 0 0 0 -1.110223e-16 0.031125435 0.1450554 0.071272339 0.17917386 4.4895441 0 0.060854818 0.038151842 0.027739821 0.03806725 0.054270044 0.032883586 0.022229337 0 0.0041106527 16.60872 0 0 0 -4.4408921e-16 0 3.9207851 0 0 0 0 0 0 0 0 0 0 0 0 0 
0 0 2.1702563 2.4338438 0 0 1.110223e-16 0.074714823 0.01197142 0.057484036 0.03263179 0.22988996 4.9630738 0.22399572 0.24932746 10.858888 28.205855 8.4138015 3.8773638 2.1396743 0.071377173 2.9234175 5.375156 0 2.9075155 0 0 0 0 0.042383582 3.4493213 0 0 0 0 0 0 0 0 0 0 0 0 0 
0 0 0.039736607 48.416969 -6.6613381e-16 -3.3306691e-16 4.4408921e-16 4.4408921e-16 0.031690504 0.010360364 0.054962375 0.030784547 0.20154868 8.8817842e-16 0.27789858 34.181923 146.83432 0 14.152397 2.8214039 3.9681595 0.2285448 0 6.5506112 0.97809935 0 0 0 0 7.7302747 0.96340445 0 0 0 0 0 0 0 0 0 0 0 0 0 
0 0 0.02589798 0.025151776 0.032175509 -8.8817842e-16 0.035730822 0.022744913 0.01071405 0.056238433 0.087674919 0.046928847 0 0 0 -3.5527137e-15 0 0.07075826 0.059749608 0 4.6224728 0 0 0 0 0 0 0.0053729133 0 5.5771496 0 0 0 0 0 0 0 0 0 0 0 0 0 0 
0 0 0.030416083 -4.4408921e-16 0.065018496 -4.4408921e-16 0 0 0 0.047590904 0.020169311 0.017803262 0 0 0 0.022636976 0.024713704 0.035952883 0.0039377555 0.070108864 0.0065148494 0 0 0 0 0 0 0 0 0 0 0 0 0 0 0 0 0 0 0 0 0 0 0 
0 0 0 0 0 -8.8817842e-16 0 0 0 0 0 0 0 0 0 0.006109269 0 0.014304826 0.071153676 0 0 0 0 0 0 0 0 0 0 0 0 0 0 0 0 0 0 0 0 0 0 0 0 0 
0 0 0 0 0 0 0 0 0 0 0 0 0 0 0 0 0 1.5781106 0 0 0 0 0 0 0 0 0 0 0 0 0 0 0 0 0 0 0 0 0 0 0 0 0 0 
