NCOLS 28
NROWS 151
XLLCORNER 276906.32
YLLCORNER 3833378.9
CELLSIZE 10
NODATA_VALUE -9999
0 2.9606515 0 20.942285 0 0.0044369886 0.037537654 -3.5527137e-15 108.61779 0 0 18.148811 96.041928 0.032985459 63.887156 35.051206 0 0.024339472 39.733486 0 0 0 0 0 0 0 0 0 
27.108565 94.438365 -4.4408921e-16 0 0 0 0 0 0 531.0848 0 0 0.025567723 -7.1054274e-15 0.014913993 7.1054274e-15 0.048274038 0 57.057666 3.5527137e-15 0 0 0 0 0 0 0 0 
38.290326 -7.1054274e-15 0 0 0 0 0 0.017926612 0.035459412 2116.4063 78.247998 0.031953793 0 0 0.047863383 0.027920029 0 0.032196204 0.027729972 0 0 0 0 0 0 0 0 0 
0 3.5527137e-15 0 0 0 3.5527137e-15 0 0.0099455021 0.074363974 7.0407115 0.64454403 0.76500099 0 -3.5527137e-15 0 0 0 0 0 0 0 0 0 0 0 0 0 0 
8.0119552 7.1054274e-15 0 0 0 0 0 0.047354116 0.070387862 0 3.5527137e-15 0.13706077 0.53135479 0 0 0 0 0 0 0 0 0 0 0 0 0 0 0 
0 0 0 0 0 0 0 0.084513638 1.0658141e-14 0.014431012 0.052882637 0.49976021 0.33118454 3.5527137e-15 0 0 0 0 0 0 0 0 0 0 0 0 0 0 
0 0 0 0 0 0 0 0.0035966785 -3.5527137e-15 0 -7.1054274e-15 0.07204302 0.050955449 12.681323 3.5527137e-15 -3.5527137e-15 0 3.5527137e-15 0 0 0 0 0 0 0 0 0 0 
0 0 0 0 0 0 0 1.0643579 0.068813263 0.068546978 0.04048384 0.1008215 11.44457 -3.5527137e-15 27.487212 -1.4210855e-14 3.5527137e-15 -7.1054274e-15 0 0 0 0 0 0 0 0 0 0 
0 0 0 22.757146 50.597516 0 0.037954515 0.013657935 0.01887154 0.02635044 0.0086636214 0.023322712 -1.0658141e-14 9.1002731 7.1054274e-15 2.9976022e-15 6.6613381e-16 0.036647346 0 0 0 0 0 0 0 0 0 0 
0 0 0 1.7763568e-15 -8.8817842e-16 64.587139 -3.5527137e-15 0 0.032564171 0.03388619 0.059392188 3.5527137e-15 0.0070323789 164.85498 109.05927 0 394.08098 0.0088596977 0.016452721 0 0 0 0 0 0 0 0 0 
0 0 0 -8.8817842e-16 0 0 0.00016330243 0 0.026308374 3.5527137e-15 0 0.011566799 0 0.11509905 160.29521 92.452328 111.58209 5.7150895 0 0 0 0 0 0 0 0 0 0 
0 0 0 0 0 0 0 0 4.7184479e-16 0 0 0 7.1054274e-15 0.011855788 0.029066521 -7.1054274e-15 2.117523 0.049596617 7.1054274e-15 0 0 0 0 0 0 0 0 0 
0 0 0 0 0 0 0 0 0 0 0.064594155 0.021243117 3.5527137e-15 0 0 0 0 0.11212244 0.061118889 41.113818 0 0 0 0 0 0 0 0 
0 0 0 0 0 0 0 -8.8817842e-16 6.0625106 0 0 0 0 0 0 0 0 -3.5527137e-15 -3.5527137e-15 0 27.539611 0 0 0 0 0 0 0 
0 0 0 0 0 0 0 0 0 0 0 0 -2.220446e-16 1.0247232 0 0 0 -2.9976022e-15 -3.1086245e-15 0 0 0 0 0 0 0 0 0 
0 0 0 0 0 0 0 0 0 0 0 0 0 0 0 0 37.992481 0 0 0 0 0 2.4082393 0 0 0 0 0 
0 0 0 0 0 0 0 0 0 0 0 0 0 0 0 0 0 -3.5527137e-15 5.2180482e-15 2.3592239e-16 0 5.8963951 -8.8817842e-16 2.3255941 0 0 0 0 
0 0 0 0 0 0 0 0 0 0 0 0 0 0 0 0 23.09408 3.5527137e-15 0 79.998107 0 52.82827 -1.7763568e-15 8.8817842e-16 0 0 0 0 
0 0 0 0 0 0 0 0 0 0 0 0 0 0 0 0 0 -7.1054274e-15 0 22.61361 44.56583 4.8385625 3.5527137e-15 0 0 0 0 0 
0 0 0 0 0 0 0 0 0 0 0 0 0 0 0 0 0 0 0 -8.8817842e-16 0.014102804 0 0 0 0 0 0 0 
0 0 0 0 0 0 0 0 0 0 0 0 0 0 0 0 0 0 -8.8817842e-16 -1.6653345e-16 0 0.41888701 0 0 0 0 0 0 
0 0 0 0 0 0 0 0 0 0 0 0 0 0 0 0 0 0 0 0 0 0 0 0 0 0 0 0 
0 0 0 0 0 0 0 0 0 0 0 0 0 0 0 0 0 0 0 0 0 0 0 0 0 0 0 0 
0 0 0 0 0 0 0 0 0 0 0 0 0 0 0 0 0 0 0 0 0 0 0 0 0 0 0 0 
0 0 0 0 0 0 0 0 0 0 0 0 0 0 0 0 0 0 0 0 0 0 0 0 0 0 0 0 
0 0 0 0 0 0 0 0 0 0 0 0 0 0 0 0 0 0 0 0 0 0 0 0 0 0 0 0 
0 0 0 0 0 0 0 0 0 0 0 0 0 0 0 0 0 0 0 0 0 0 0 0 0 0 0 0 
0 0 0 0 0 0 0 0 0 0 0 0 0 0 0 0 0 0 0 0 0 0 0 0 0 0 0 0 
0 0 0 0 0 0 0 0 0 0 0 0 0 0 0 0 0 0 0 0 0 0 0 0 0 0 0 0 
0 0 0 0 0 0 0 0 0 0 0 0 0 0 0 0 0 0 0 0 0 0 0 0 -3.5527137e-15 0 0 0 
0 0 0 0 0 0 0 0 0 0 0 0 0 0 0 0 0 0 0 0 0 0.022917418 0 0 0 0 0 0 
0 0 0 0 0 0 0 0 0 0 0 0 0 0 0 0 0 0 0 0 0 0 0.011438531 0.057510065 0.016636414 0 -3.5527137e-15 0 
0 0 0 0 0 0 0 0 0 0 0 0 0 0 0 0 0 0 0 0 4.4408921e-16 0 169.34458 88.666601 113.81922 105.10485 108.98494 68.623555 
0 0 0 0 0 0 0 0 0 0 0 0 0 0 0 0 0 0 0 0 0 0 0 0 0 0.033051602 0 5.9244526 
0 0 0 0 0 0 0 0 0 0 0 0 0 0 0 0 0 0 0 0 0 0 0 0 0 0 0 0 
0 0 0 0 0 0 0 0 0 0 0 0 0 0 0 0 0 0 0 0 0 0 0 0 0 0 0 25.379506 
0 0 0 0 0 0 0 0 0 0 0 0 0 0 0 0 0 0 0 0 0 0 0 0 0 0 0 0 
0 0 0 0 0 0 0 0 0 0 0 0 0 0 0 0 0 0 0 0 0 0 0 0 0 0 0 0 
0 0 0 0 0 0 0 0 0 0 0 0 0 0 0 0 0 0 0 0 0 0 0 0 0 0 0 0 
0 0 0 0 0 0 0 0 0 0 0 0 0 0 0 0 0 0 0 0 0 0 0 0 0 0 0 0 
0 0 0 0 0 0 0 0 0 0 0 0 0 0 0 0 0 0 0 0 0 0 0 0 0 0 0 0 
0 0 0 0 0 0 0 0 0 0 0 0 0 0 0 0 0 0 0 0 0 0 0 0 0 0 0 0 
0 0 0 0 0 0 0 0 0 0 0 0 0 0 0 0 0 0 0 0 0 0 0 0 0 0 0 0 
0 0 0 0 0 0 0 0 0 0 0 0 0 0 0 0 0 0 0 0 0 0 0 0 0.028938389 0 0 0 
0 0 0 0 0 0 0 0 0 0 0 0 0 0 0 0 0 0 3.6853118 0 0 0 0 0 0 0.06742738 0 77.312855 
0 0 0 0 0 0 0 0 0 0 0 0 0 0 0 0 0 0 0 46.997202 0 0 0 0 -3.5527137e-15 155.94159 21.726066 0.071434077 
0 0 0 0 0 0 0 0 0 0 0 0 0 0 0 0 0 0 0 36.23355 0 0 0 3.5527137e-15 -7.1054274e-15 80.214362 79.000908 75.63103 
0 0 0 0 0 0 0 0 0 0 0 0 0 0 0 0 0 0 0 27.919403 0 0 0 0 7.1054274e-15 47.526058 0 0 
0 0 0 0 0 0 0 0 0 0 0 0 0 0 0 0 0 0 -7.1054274e-15 58.576739 0 0 0 0.0077294077 116.3782 5.0632918 0 0 
0 0 0 0 0 0 0 0 0 0 0 0 0 0 0 0 0 0 0 48.733449 0 0 0 0 79.831012 0 0 0 
-3.5527137e-15 0 -3.5527137e-15 0 0 0 0 0 0 0 0 0 0 0 0 0 0 0 0 11.177572 0 0 0 0 27.507316 0 0 0 
0 0 0 0 -3.5527137e-15 0 0 0 0 0 0 0 0 0 0 0 0 -7.1054274e-15 0 23.351282 0 0 0 0 0 0 0 0 
44.892518 3.5527137e-15 0 3.5527137e-15 7.1054274e-15 0 0 0 0 0 0 0 0 0 0 0 0 0 146.2223 0 0 0 0 0 0 0 0 0 
27.564636 15.394625 49.0995 -3.5527137e-15 -3.5527137e-15 -7.1054274e-15 7.1054274e-15 -3.5527137e-15 0 0 0 -3.5527137e-15 0 0 0 0 0 0 13.355112 0 0 0 0 0 0 0 0 0 
11.799142 0.0057149221 49.737035 90.282767 0 7.1054274e-15 3.5527137e-15 0 0 0 0 0 0 0 0 0 0 0 0 0 0 0 0 0 0 0 0 0 
0 0 0 0 0.019630138 0 0 -3.5527137e-15 83.731657 29.162268 -3.5527137e-15 0 0 0 0 0 0 0 0 0 0 0 0 0 0 0 0 0 
56.16435 -3.5527137e-15 0 0 0 0.21423446 3.5527137e-15 0 0 -3.5527137e-15 0 0.0098523236 0 0 0 0 0 0 0 12.698364 0 34.030342 0 0 0 0 0 0 
13.09557 0.028963612 0 0 0 0.015350904 0.11405438 0 0.031078505 -3.5527137e-15 3.5527137e-15 0 0 0 0 0 0 0 0 0 3.5527137e-15 0 95.610236 0.065801704 0.031907953 0 0 0 
0 0.086745948 0 0 116.422 0.18818153 0.095902566 0.099215484 -7.1054274e-15 3.5527137e-15 0 0 0 0 0 0 0 0 0 0 3.5527137e-15 0.075640892 7.1054274e-15 0 0.069270976 0.17341434 0.19343851 0 
0.0378961 0 0 0 0.19356762 0.17019584 0.096211935 103.24305 252.72709 0.037230143 0 7.1054274e-15 0 0 0 0 0 0 0 0.028326002 0.012615323 3.5527137e-15 -3.5527137e-15 0.027973045 0.095093556 0.027843764 0.021466825 0.21638723 
-5.5511151e-17 0.025143111 0 0 93.444749 0.28678206 0.19440852 73.90298 772.57978 0.15974996 0 -3.5527137e-15 0 0 0 0 0 0 0 0 0 -3.5527137e-15 -3.5527137e-15 0.0092409848 0.0073394929 0.012358993 0.0056529932 0.1068424 
0.041861297 0.077752956 0 667.36735 383.78399 0.5617056 0.16691056 0.14080718 0.12679721 0.26015849 0.076796501 0 3.5527137e-15 0 0 0 0 0 0 0 0 0 0 0 0 0 0 3.5527137e-15 
421.24493 0.027000123 159.3421 0 0.036311447 0.0024309666 0 0.022358637 3.5527137e-15 0.0071411082 0.063296537 21.20779 3.5527137e-15 0 0 0 0 0 0 0 0 0 27.127047 0 0 0 0 0 
10.03347 0.056174131 0.082486472 0.048947797 -1.0658141e-14 0.044663418 -7.1054274e-15 -5.3290705e-15 -7.1054274e-15 0 3.5527137e-15 0.026150909 0.028728956 0 0 0 0 0 0 0 0 0 11.022867 0 0 0 0 0 
0.028931662 0.041528217 0.045808762 0.085370396 0.020586084 0.019399607 0.039748872 5.7731597e-15 0 0 -3.5527137e-15 3.5527137e-15 0.0032160786 0 0 0 0 0 0 0 0 0 34.198526 0 0 0 0 3.5527137e-15 
0.023275321 -3.5527137e-15 0.025459056 0.063051217 0.043963239 -3.5527137e-15 0.060330452 0 0 0 0 0 0 0 0 0 0 0 0 1.872546 0 0 17.219861 -8.8817842e-16 3.5527137e-15 0.017824224 0.094750111 0 
54.05762 0.0018745745 0.0039075899 0.020571454 0.054413891 0 0 1.7763568e-15 3.5527137e-15 0 0 0 0 0 0 0 0 0 0 0 0 0.010197058 95.895569 0 0 -3.5527137e-15 0.05140647 0.037176353 
6.5919492e-16 0.051006913 7.1054274e-15 0.0052715025 0.028079142 7.1054274e-15 -1.7763568e-15 1.7763568e-15 -7.1054274e-15 0 0 0 0 0 0 0 0 0 0 0 0 0 100.40251 0 0 0.010787016 -3.5527137e-15 0.0147844 
0 -8.8817842e-16 3.5527137e-15 0 0.0068244914 2.7755576e-17 -4.4408921e-16 -8.8817842e-16 -1.7763568e-15 0 0 0 0 0 0 0 0 0 0 0 0 0 0 0 0 55.060295 0.042381335 31.006289 
0.016040834 0 0 0 0 0 0 0 0 0 0 0 0 0 0 0 0 0 0 0 3.5527137e-15 92.684061 0 0 0 0 0.37645444 54.401116 
7.1054274e-15 0 0 0 0 0 0 0 0 0 0 0 0 0 0 0 0 0 0 0 0 40.398482 0 0 0 0 0.0072845786 9.7402309 
-3.5527137e-15 0.018011465 0 0 0 0 0 0 0 0 0 0 0 0 0 0 0 0 0 0 0 6.9889864 0 0 0 0 8.8817842e-16 48.059192 
1.3877788e-16 -3.5527137e-15 3.5527137e-15 0 0 0 0 0 0 0 0 0 0 0 0 0 0 0 0 0 0 0 20.180052 0 0 0 0 73.198813 
0 3.5527137e-15 0.035597463 -3.5527137e-15 -3.5527137e-15 0 0 0 0 0 0 0 0 0 0 0 0 0 0 0 0 0.55083835 18.510393 53.066227 0 -3.5527137e-15 0.054437236 44.427393 
0.071469573 0.027562349 0.017325904 3.5527137e-15 0 3.5527137e-15 0 0 0 0 0 0 0 0 0 0 0 0 0 0 0 -3.5527137e-15 0 16.896964 0.048456662 7.1054274e-15 82.447836 0 
0.055220896 0.014065444 0 0 3.5527137e-15 0 0 0.025269639 0 7.1054274e-15 0 0 0.02375216 3.5527137e-15 0 0 0 0 0 0 0 0 0 0.043071529 0 7.1054274e-15 58.338219 0 
0.031539879 0 0.060229816 0.062331164 0.06442162 0 0 0.030206436 0 0 0 0.01296676 0.036146344 -3.5527137e-15 0 0 0 0 0 0 0 0 4.4408921e-16 0 0.014436683 -4.4408921e-16 56.742776 0 
0.057248746 0.035658383 0.057667023 -3.5527137e-15 3.5527137e-15 0.0021120196 0.027189335 0.056014314 0.11901612 3.5527137e-15 -3.5527137e-15 0.087030338 0.17219207 0 0 0 8.8817842e-16 0 0 0 0 0 0 0 -3.5527137e-15 142.12477 0 0 
0.026979608 0.031544504 0.010284649 0.043721487 0.11434341 0.069604263 0.10970565 0.016125531 0 0 0.1847836 0.05569927 0.059469937 0 0.051793174 0 0 0 0 0 0 0 0 0 0 68.805417 0 0 
261.862 0.086720469 0.19997687 0.18205851 0.042281263 0.094041227 0.045957025 0.031350193 0.04807137 0.21509543 0.050102057 0.053904653 0.024493578 0.036908024 0.049441917 0.015261118 0 -3.5527137e-15 0 0 0 0 0 3.5527137e-15 3.5527137e-15 24.817322 0 0 
253.4332 0.097031998 -7.1054274e-15 0.29531844 0.12332891 0.15401474 -7.1054274e-15 0.062866686 0.09299094 0.41074527 0.64489646 0.092551666 0.024590823 0.088035792 0.085000114 7.1054274e-15 0.02569851 0 0 0 0 0 0 -3.5527137e-15 0 45.080013 0 0 
338.94936 227.98452 0.1138854 0.13939207 0.065752099 0.034963946 0.050212589 0.06880641 0.4292782 0.42891861 0.12608555 0.22397821 0.062819393 0.16820937 0.018869658 3.5527137e-15 0 3.5527137e-15 0 0 0 0 0 0 0 73.655832 54.45776 0 
0 177.81853 1.7763568e-15 0.10131547 0.035720571 0.081570702 0.070616156 0.99784783 0.51258359 0.17016971 0.19970574 0.062330724 1.4210855e-14 -7.1054274e-15 0.03782214 0 0 0 0 0 0 0 0 0 0 0 0 92.341504 
0 0 0.056809176 0.02391857 0.11628631 0.64193522 1.1287447 0.3904254 0.28461482 0.18146285 0.011106841 0.074566764 0.023746067 3.5527137e-15 0 0 0 0.013360237 0 0 0 0 0 0 0 0 7.1054274e-15 36.333795 
0 0.16076229 14.654256 0.2013171 1.5866914 0.90238713 0.39083281 0.34451162 0.3844687 3.5527137e-15 0 0 -3.5527137e-15 0 0 0 0 0 0 0 7.1054274e-15 0.014207952 0 0 0 0 0 33.209259 
0 9.8692607 417.62509 134.69977 0.67040771 1.3986533 0.68333997 0.80748029 0.06292948 7.1054274e-15 -7.1054274e-15 0 0 0 0 0 0 0 0 0.019768551 9.3674905e-06 0.02576562 -3.5527137e-15 0 0 0 0 0 
0 0 1.7763568e-15 1957.9326 172.73353 0.81994427 0.3768231 0.033245272 -7.1054274e-15 0.038911068 0 0 0 0.014845825 -3.5527137e-15 0 0 0 3.5527137e-15 0.042580313 0.029363281 0.058654854 0 0.025995877 0 0 0 0 
0 0 0 0 1262.6902 0.1092126 0.032790439 -3.5527137e-15 1.0658141e-14 0.08766107 0.022559814 0.027807321 -3.5527137e-15 0.044170571 0.085207436 0 0 0 -3.5527137e-15 0.048294312 0.051235219 0.030461366 0.045813088 -7.1054274e-15 0 0.0054285181 0 0 
0 0 0 0 216.85683 0.062633837 0.12657876 0.08688331 0.16392561 0.072013512 0.086837458 0 0.074025128 3.5527137e-15 -3.5527137e-15 0 -3.5527137e-15 0 0.039861563 0.057266701 0.074709328 0 0.0015671022 0.016502427 0 0 0 0 
0 0 0 0 379.79289 0.068795305 0.020542126 0.076416421 0.19008471 0.12446001 0.037395838 0.20385882 0 0.028907772 0.045342535 0.055107918 0 0 0.053576733 0.20790088 0.10652743 0.10390907 0.044428935 0.010139338 0.023573326 0 0 0 
0 0 0 0 0 424.49367 0.064238893 0.25654618 0.11385613 7.1054274e-15 0.0053043614 7.1054274e-15 3.5527137e-15 0.055996888 0.0270053 0 0 0 0.19246368 0.093734157 0.11042762 0.082623204 0.0039726242 0.0080586089 0.037839655 0 0 0 
0 0 0 0 0 120.42975 0.1484681 0.058006264 -3.5527137e-15 0.067241399 3.5527137e-15 0.14345625 0.16487721 0.024822119 0.052129373 3.5527137e-15 0 0.44556293 0.22915527 0.18401883 0.42215112 0.055154785 0 0.068678318 0.043098254 0 0 0 
0 0 0 0 0 79.340032 0.11180257 0.10989794 0.024708769 0.062689527 0.0056023976 0.16582975 0.072737869 0.048638005 3.5527137e-15 7.1054274e-15 0 0.30486666 0.282983 0.75216347 0.058293869 0.040770247 0.049800834 0.049053256 0 0 0 0 
0 0 0 0 0 71.765272 0.26676151 0.037261711 0.10025863 0.017263339 0.095240093 0.25364452 92.322496 148.70167 0.056318812 0.056542437 0.34034646 0.20842454 0.62662408 0.12480341 0.10226638 0.056091747 0.0067387637 0.02264117 0.033383346 37.329733 0 0 
0 0 0 0 0 78.697602 110.59073 0.11860224 0.12790476 0.074208574 0.13094464 0.14013865 11.169262 51.705979 0.12360696 0.6555808 0.39758093 0.36821882 0.72497761 0.27155512 0.057879317 0 0.017121726 0.011168744 0.035311951 0 0 0 
0 0 0 0 0 0 219.372 0.093059134 0.11514998 0.022724403 0.2674353 40.472627 63.018967 80.625288 1.9096523 0.72582083 0.1444703 614.75584 535.18781 0.014206463 0.047878604 -3.5527137e-15 0.0082050968 0.1187062 0.039444337 0 0 0 
0 0 0 0 0 -3.5527137e-15 0.22064316 0.1335028 0.21227066 0.0022986918 0.022179339 0 0 0 1591.5873 0.26418096 0 0 25.836558 105.12838 -3.5527137e-15 0 1.7763568e-15 0.091251832 0.05234503 0 0 0 
0 0 0 0 -7.1054274e-15 0.10903647 0.31063467 0.21044353 0.040423905 0.0037500075 0.015651994 0 0 0 57.312148 0 0 0 53.323022 0 0.042544782 0.053471315 0.076576035 15.938292 3.5527137e-15 27.617475 0 0 
0 0 0 0 0 523.24269 0.32003529 0.04297767 0.028923674 0.02645115 0 0 -7.1054274e-15 0 0.0086412511 0 0 0 0 25.58072 0.099364936 0 0 13.690029 0 0 0 0 
0 0 0 0 0.0012235241 35.104106 260.02537 0.017844323 0.046132129 0 0 154.71011 0.05084279 0.043895571 0 0 0 0 4.4368052 46.004305 0.024534001 -2.220446e-16 11.582977 0 4.4408921e-16 0 0 0 
0 0 0 0 0.015174887 69.333987 72.955972 6.1380826 0 0.011487992 0 89.941517 8.8817842e-16 -3.5527137e-15 0 0 0 0.69147069 0.03892953 0 0.025888527 0 1.8273262 0 0 0 0 0 
0 0 0 0 36.33449 0 0 3.6820165 -5.5511151e-17 0 0 22.565905 0.0098123618 0.0086200172 0 0 0 0 0.047191446 0 0 0 0 0 0 0 0 0 
0 0 0 0 0 0 0 0.21391989 0.025370898 0 0 0 16.099334 0.17123463 0 0.036744304 39.13695 1.0234057 0.00671295 0.062209436 0 0 0 0 0 0 0 0 
0 0 0 0 0 0 0 0.22562417 0 0 0 0 0 0.085523453 0.09786502 -2.9143354e-16 0 0 0 8.8817842e-16 0 32.551268 0 0 0 0 0 0 
0 0 0 0 0 0 0 0 0 0 0 0 43.949411 97.989024 5.689893e-16 0.0090227194 0 0 0.061634232 0.0091780858 0 0 0 0 0 0 0 0 
0 0 0 0 0 0 0 0 0 0 0 0 0.039722433 0.25512151 0 0 0 0.024704747 0 0.031460403 28.438495 0 0 0 0 0 0 0 
0 0 0 0 0 0 0 0 0 0 0.054708989 0.016873388 0 0 0 0 0 82.494252 120.01711 0 0 0 0 0 0 0 0 0 
0 0 0 0 0 0 0 0 0 0 0 0 0 0 0 0 0 0 0 11.794166 0 0 0 0 0 0 0 0 
0 0 0 0 0 0 0 0 0 0 0 0 0 0 0 0 0 0 0 0 0 0 8.4969858 0.061855381 7.1054274e-15 -3.5527137e-15 0 0 
0 0 0 0 0 0 0 0 0 0 0 0 0 0 0 0 0 0 0 0 0 0 170.62373 7.1054274e-15 -7.1054274e-15 0 0.0050666654 19.443187 
0 0 0 29.823728 0 0 0 0 0 0 0 0 0 0 0 0 0 0 0 0 0 99.518131 335.74514 0.016167061 1.0658141e-14 0 0.027770287 0 
0 0 0 53.560776 0 0 0 0 0 0 0 0 0 0 0 0 0 0 28.202134 0 0 21.807679 0.040200269 0.026001033 0 0.025023533 3.5527137e-15 0 
0 0 0 51.920051 0 0 0 0 0 0 0 0 0 0 0 0 0 146.61955 0 0 153.84594 0 0.013175167 -3.5527137e-15 -3.5527137e-15 0 0 0 
0 0 0 0 0 0 0 0 0 0 0 0 0 0 0 0 47.562085 45.300386 7.1054274e-15 -3.5527137e-15 0.018909631 0.038435826 0 0 0 0 0 0 
0 0 0 0 0 0 0 0 0 0 0 0 0 0 0 0 20.816472 0.049726514 0.013680766 0.0080841164 -8.8817842e-16 0 0 0 0 0 0 0 
0 0 0 0 0 0 0 0 0 0 0 0 0 0 0 0 21.933176 0 0 0 0 0 0 0 0 0 0 0 
0 0 0 0 0 0 0 0 0 0 0 0 0 0 0 0 50.986858 0 0 0 0 0 0 0 0 0 0 0 
0 0 0 0 0 0 0 0 0 0 0 0 0 0 0 0 27.211169 0 0 0 0 0 0 0 0 0 0 0 
0 0 0 0 0 0 0 0 0 0 0 0 0 0 0 14.042575 3.5527137e-15 0 0 0 0 0 0 0 0 0 0 0 
0 0 8.405306 0 0 0 0 0 0 0 0 0 0 0 0 0 34.850071 -3.5527137e-15 0 0 0 0 0 0 0 0 0 0 
0 0 26.260112 0 0 0 0 0 0 0 0 0 0 0 0 0 56.178191 5.1567196 0 0 0 0 0 0 0 0 0 0 
0 8.3266727e-16 0 0 21.14563 0 0 0 0 0 0 0 0 0 0 0 0 0 0 0 0 0 0 0 0 0 0 0 
0 0 0.23910846 0 0 0 -3.5527137e-15 0 0.4652999 0 0 0 0 0 0 0 0 0 0 0 0 0 0 0 0 0 0 0 
6.0373299 45.621436 0 56.832436 0 3.5527137e-15 0 4.3172798 16.726634 25.84902 0 0 0 0 0.18150561 0 0 0 0 0 0 0 0 0 0 0 0 0 
-1.7763568e-15 0.037112873 0 0.041890664 0 0 345.35162 0 0 0 0 0 0 0 5.9604655 0 0 0 0 0 0 0 0 0 0 0 0 0 
0 0 0.024290728 0 0.049718149 -3.5527137e-15 119.13683 0 0 0 0 0 0 0 30.810463 58.224947 0 0 0 0 0 0 0 0 0 0 0 0 
0 0 0 0.018289323 0.027368472 7.1054274e-15 52.829307 0 0 0 0 0 0 0 0 18.939541 0 0 0 0 0 0 0 0 0 0 0 0 
0 0 0 0.028655551 0 7.1054274e-15 277.53447 0 0 0 0 0 0 0 0 0 0 0 0 0 0 0 0 0 0 0 0 0 
0 0 0 3.5527137e-15 0 -7.1054274e-15 109.94944 292.39408 24.867591 30.427918 54.008688 0 0 0 0 0 0 0 0 0 0 0 0 0 0 0 0 0 
0 0 0 0 0 -3.5527137e-15 0.0022584878 0.067240872 4.4408921e-16 0.010678532 0 119.20283 0 0 0 0 0 0 0 0 0 0 0 0 0 0 0 0 
0 0 0 0 3.5527137e-15 0.01589528 0.044106662 -1.7763568e-15 0.02782271 0.038339045 0 122.96144 36.269227 39.786827 58.843246 0 0 0 0 0 0 0 0 0 0 25.794694 0 0 
0 0 0 0 0 0.022391933 0 0 3.5527137e-15 3.5527137e-15 0.031619652 0 49.830898 0.051504597 22.011816 6.3628358 0 0 0 0 0 0 0 0 0 37.67806 0 0 
0 0.011226734 0.040559471 0 3.5527137e-15 0 0 0 0.030561232 0.0017135051 0 0 7.1054274e-15 39.709391 0.087560632 0 0 0 0 0 0 0 0 0 0 28.009827 0 0 
0 0 -1.7763568e-15 -3.5527137e-15 0.03453431 0 0 0.038138362 0.029557564 0 0 115.90954 0 0 30.864869 104.40752 0 0 0 0 0 0 0 0 0 28.972604 0 0 
0 -3.5527137e-15 0 0 0 0 0 0 3.5527137e-15 0.0085058608 -3.5527137e-15 0 146.55566 20.998486 85.286461 0.090421134 215.45838 0 0 0 0 0 0 0 0 8.7041103 0 0 
0 0 0 0 0 0 3.6516657 0 0.03972082 0 -3.5527137e-15 0 3.5527137e-15 0.010441558 0.11732523 0.090853383 190.16794 0 0 0 0 0 0 0 0 0 0 0 
0 0 0 0 0 0 0 0 7.1054274e-15 3.5527137e-15 0 0.055646958 -3.5527137e-15 0.057381686 0.035354219 0.041427765 112.37519 0 0 0 0 0 0 0 0 0 0 0 
0 0 0 0 0 0 0 0 0 0 0 0 0 3.5527137e-15 0.085139241 0.077700699 55.268996 0 0 0 0 0 0 0 29.1375 0 0 0 
0 0 0 0 0 0 0 0 7.1054274e-15 3.5527137e-15 3.5527137e-15 3.5527137e-15 0 0.033902747 0.036281893 0.015456758 24.416522 0 0 0 0 7.0138254 0 0 42.769683 0 0 0 
0 0 0 0 0 0 0 0 0 0 0 0 0.048072125 0.028950242 0.034672209 0.046173804 67.723349 0 0 0 0 54.339643 0 0 53.019584 0 0 0 
0 0 0 0 0 0 0 0 0 0.13871502 0 0 -2.6229019e-15 0 0 0 109.38475 0 0 0 0 62.292705 0 0 44.330438 0 0 0 
1.0648663 0 0 0 0.0096743716 0 -3.5527137e-15 0 0.022919568 0 0 0.014385124 0 0.033021488 0 46.160228 0 0 0 0 0 47.426611 0 0 11.468941 0 0 0 
0 0 7.1054274e-15 3.5527137e-15 0 0.097311762 0 0 3.5527137e-15 0.024309222 0 0 0 0 0.003111054 2.8595087 0 0 0 0 0 49.103654 0 0 0 0 0 0 
0 0 3.5527137e-15 0.047231771 14.360506 0 0 0 -3.5527137e-15 0.013564048 -3.5527137e-15 3.5527137e-15 3.1086245e-15 0 0.030282168 54.955316 0 0 0 0 0 37.916949 0 0 0 0 0 0 
0 0 0.03387274 46.056569 0.089964463 0.026051264 102.43801 315.78498 99.146581 53.568297 29.629375 3.3355714 35.343932 71.9117 0 27.657389 0 0 0 0 3.5527137e-15 39.697801 0 0 0 0 0 0 
0 0 3.5527137e-15 0.016030906 3.5527137e-15 0.11530522 357.5201 844.14796 0 164.58693 30.901325 50.84498 3.0548208 0 86.373799 8.2368244 0 0 0 -3.5527137e-15 97.147373 11.574557 0 0 0 0 0 0 
0 0.010562715 0.017925787 -7.1054274e-15 1.0658141e-14 3.5527137e-15 0.028508255 3.5527137e-15 7.1054274e-15 3.5527137e-15 0.070573842 57.004395 0 0 0 0 0 0 -6.9388939e-17 0 57.600205 0 0 0 0 0 0 0 
0 0.036902598 0.037130004 3.5527137e-15 3.5527137e-15 0 0 0.040236418 0.050877211 -3.5527137e-15 0.042909283 0.035782453 3.0996909 0 0 0 0 0 0 0.051805736 0 0 0 0 0 0 0 0 
0 0 0 0 3.5527137e-15 3.5527137e-15 0 0.011577341 0.00059924175 0.014648724 4.8071473 0 0 0 0 0 0 0 0 0 0 0 0 0 0 0 0 0 
0 0 0 0 0 0 3.5527137e-15 -3.5527137e-15 0.44352902 0 0 0 0 0 0 0 0 0 0 0 0 0 0 0 0 0 0 0 
0 0 0 0 0 0 0 0 24.082758 0 0 0 0 0 0 0 0 0 0 0 0 0 0 0 0 0 0 0 
