NCOLS 89
NROWS 112
XLLCORNER 543650.24
YLLCORNER 4083886.8
CELLSIZE 10
NODATA_VALUE -9999
0 0 0 0 0 0 0 0 0 0 0 0 0 0 0 0 0 0 0 0 0 0 0 0 0 0 0 0 0 0 0 0 0 0 0 0 0 0 -56.244012 -36.711676 0 0 0 0 0 0 0 0 0 0 0 0 0 -29.913554 0 -40.384654 -31.372405 -32.555179 -29.320504 -35.170863 -43.294665 0 0 0 0 0 0 -42.510266 0 0 0 0 0 0 0 0 0 0 0 0 0 0 0 0 0 0 0 0 0 
0 0 0 0 0 0 0 0 0 0 0 0 0 0 0 0 0 0 0 0 0 0 0 0 0 -55.800136 0 0 0 0 0 0 0 0 0 0 0 0 0 -56.244012 -36.711676 0 0 0 0 0 0 0 0 0 0 0 0 -32.114732 -29.913554 -55.890381 -40.384654 -31.372405 -29.572814 -29.320504 -35.170863 -43.294665 0 -33.520655 0 0 0 -38.312881 -42.510266 0 0 0 0 0 0 0 0 0 0 0 0 0 0 0 0 0 0 0 0 
0 0 0 0 0 0 0 0 0 0 0 0 0 0 0 0 0 0 0 0 0 0 0 0 0 -49.100889 -55.800136 0 0 0 0 0 0 0 0 0 0 0 0 0 0 0 0 0 0 0 0 0 0 0 0 0 0 -33.933036 -32.114732 0 -55.890381 -56.165152 -31.500725 -29.572814 -35.038644 -56.066313 -55.846609 -32.804185 -33.520655 0 0 -37.462421 -38.312881 0 0 0 0 0 0 0 0 0 0 0 0 0 0 0 0 0 0 0 0 
0 0 0 0 0 0 0 0 0 0 0 0 0 0 0 0 0 0 0 0 0 0 0 0 0 -56.014808 -49.100889 0 0 0 0 0 0 0 0 0 -56.2427 0 0 0 0 0 0 0 0 0 0 0 0 0 0 0 0 -35.825641 -33.933036 0 0 0 -35.31469 -31.500725 0 0 0 -55.846609 -32.804185 -56.004234 -48.279925 -37.509182 -37.462421 0 0 0 0 0 0 0 0 0 0 0 0 0 0 0 0 0 0 0 0 
0 0 0 0 0 0 0 0 0 0 0 0 0 0 0 0 0 0 0 0 0 0 0 0 0 0 -56.014808 0 0 0 0 0 0 0 -33.171745 -56.203292 0 -56.2427 0 0 0 0 0 0 0 0 0 0 0 0 0 0 0 -36.035348 -35.825641 0 0 0 -37.785644 -35.31469 0 0 0 0 -56.233509 0 -56.004234 -48.279925 -37.509182 0 0 0 0 0 0 0 0 0 0 0 0 0 0 0 0 0 0 0 0 
0 0 0 0 0 0 0 0 0 0 0 0 0 0 0 0 0 0 0 0 0 0 0 0 0 0 0 0 0 0 0 0 0 0 -29.889275 -33.171745 -56.203292 0 0 0 0 0 0 0 0 0 0 0 0 0 0 0 0 -36.993426 -36.035348 0 0 0 -42.755408 -37.785644 0 0 0 0 0 0 0 -38.94866 -56.031984 0 0 0 -47.034071 0 0 0 0 0 0 0 0 0 0 0 0 0 0 0 0 
0 0 0 0 0 0 0 0 0 0 0 0 0 0 0 0 0 0 0 0 0 0 0 0 0 0 0 0 0 0 0 0 0 0 -28.75607 -29.889275 0 0 0 0 0 0 0 0 0 0 0 0 0 0 0 0 0 -35.148558 -36.993426 0 0 0 -50.666205 -42.755408 0 0 0 -56.250575 0 0 0 -31.937773 -38.8895 -56.096654 0 0 -31.038953 -47.034071 0 0 0 0 0 0 0 0 0 0 0 0 0 0 0 
0 0 0 0 0 0 0 0 0 0 0 0 0 0 0 0 0 0 0 0 0 0 0 0 0 0 0 0 0 0 0 0 0 0 -28.90956 -28.75607 0 0 0 0 0 0 0 0 0 0 0 0 0 0 0 0 0 -33.117465 -35.148558 0 0 0 -36.434351 -50.666205 0 0 0 -56.259761 -56.250575 0 0 -30.603196 -29.984019 0 0 0 -37.960524 -31.038953 0 0 0 0 0 0 0 0 0 0 0 0 0 0 0 
0 0 0 0 0 0 0 0 0 0 0 0 0 0 0 0 0 0 0 0 0 0 0 0 0 0 0 0 0 0 0 0 0 0 -29.976998 -28.90956 0 0 0 -50.138582 0 0 0 0 0 -32.719107 0 0 0 0 0 0 0 -31.875938 -33.117465 0 0 0 -37.090665 -36.434351 0 0 0 -56.171731 -56.259761 0 0 -29.984019 -30.17412 0 0 0 0 -37.960524 0 0 0 0 0 0 0 0 0 0 0 0 0 0 0 
0 0 0 0 0 0 0 0 0 0 0 0 0 0 0 0 0 0 0 0 0 0 0 0 0 0 0 0 0 0 0 0 0 0 -31.65226 -29.976998 -49.388156 0 0 -36.671159 -50.138582 0 0 0 -32.719107 -31.51686 0 0 0 0 0 0 0 -31.508781 -31.875938 0 0 0 -36.762757 -37.090665 0 0 0 -56.125651 -56.171731 0 0 -30.17412 -30.17412 0 0 0 0 0 0 0 0 0 0 0 0 0 0 0 0 0 0 0 0 
0 0 0 0 0 0 0 0 0 0 0 0 0 0 0 0 0 0 0 0 0 0 0 0 0 0 -56.173047 0 0 0 0 0 0 0 -32.513558 -37.156453 -35.80856 0 0 -35.238434 -36.671159 0 0 0 -31.51686 -33.011333 0 0 0 0 0 0 0 -31.021017 -31.508781 0 0 0 -35.291682 -36.762757 0 0 0 0 -56.125651 0 0 -30.214653 -33.622251 -40.42142 0 0 0 -52.900583 0 0 0 0 0 0 0 0 0 0 0 0 0 0 0 
0 0 0 0 0 0 0 0 0 0 0 0 0 0 0 0 0 0 0 0 0 0 0 0 0 -56.173047 -55.797478 0 0 0 0 0 0 0 0 -35.591796 -32.078502 0 0 -34.063411 -35.238434 0 0 0 -33.011333 -37.60386 0 0 0 -55.800136 0 0 0 -30.08054 -31.021017 0 0 0 -34.494351 -35.291682 0 0 0 -55.922186 0 0 0 -37.474075 -40.42142 0 0 0 -52.900583 -56.136189 0 0 0 0 0 0 0 0 0 0 0 0 0 0 0 
0 0 0 0 0 0 0 0 0 0 0 0 0 0 0 0 0 0 0 0 0 0 0 0 0 -55.797478 -46.13341 0 0 0 0 0 0 0 0 -32.078502 -30.840118 0 0 -32.215775 -34.063411 0 0 0 -37.897474 -41.793932 0 0 0 -41.076503 -55.800136 0 0 -29.865296 -30.08054 0 0 0 -33.382887 -34.494351 0 0 0 -55.843954 -55.922186 0 0 0 0 0 0 0 -56.136189 0 0 0 0 0 0 0 0 0 0 0 0 0 0 0 0 
0 0 0 0 0 0 0 0 0 0 0 0 0 0 0 0 0 0 0 0 0 0 0 0 0 -46.13341 -39.315349 0 0 0 0 0 0 0 0 -30.840118 -31.182428 0 0 -31.199141 -30.970154 0 0 0 -39.787122 -39.770298 0 0 0 -36.473086 -41.076503 0 0 -29.445194 -29.865296 0 0 0 -32.461345 -33.382887 0 0 0 -47.034071 -55.843954 0 0 0 0 0 0 0 0 0 0 0 0 0 0 0 0 0 0 0 0 0 0 0 0 
0 0 0 0 0 0 0 0 0 0 0 0 0 0 0 0 0 0 0 0 0 0 0 0 0 -39.315349 -43.926562 0 0 0 0 0 0 0 0 -31.182428 -32.2295 0 0 -29.414959 -30.233627 0 0 0 -34.737705 -38.700908 0 0 0 -33.586382 -36.473086 0 0 -30.396935 -29.445194 -34.011888 0 0 -31.387795 -32.461345 0 0 0 -42.730567 -47.034071 0 0 0 0 0 0 0 -56.057074 0 0 0 0 0 0 0 0 0 0 0 0 0 -50.666205 0 0 
0 0 0 0 0 0 0 0 0 0 0 0 0 0 0 0 0 0 0 0 0 0 0 0 0 -43.926562 -56.199349 0 0 0 0 0 0 0 0 -31.314215 -32.605057 0 0 -28.763494 -29.414959 0 0 0 -31.888201 -34.737705 0 0 0 -31.615694 -33.586382 0 0 -34.270241 -28.527658 -30.010923 0 0 -30.405518 -31.387795 0 0 0 -37.847511 -42.730567 0 0 0 0 0 0 0 -50.294484 -56.057074 0 0 0 0 0 0 0 0 0 0 0 0 0 -50.666205 0 
0 0 0 0 0 0 0 0 0 0 0 0 0 0 0 0 0 0 0 0 0 0 0 0 0 -56.199349 0 0 0 0 0 0 0 0 0 -30.155674 -31.314215 0 -56.24795 -28.368999 -28.763494 0 0 0 -32.278019 -31.888201 0 0 0 -30.48965 -31.615694 0 -54.751082 -35.946892 -28.366515 -28.527658 -55.875795 0 -29.762204 -30.405518 0 0 0 -43.841534 -37.847511 0 0 0 0 0 0 0 -46.763161 -50.294484 0 0 0 0 0 0 0 0 0 0 0 0 0 -33.27344 -42.534457 
0 0 0 0 0 0 0 0 0 0 0 0 0 0 0 0 0 0 0 0 0 0 0 0 0 0 0 0 0 0 -47.43358 0 0 0 0 -29.813054 -30.155674 0 -34.650629 -28.336141 -28.368999 0 0 0 -35.133749 -32.278019 0 0 0 -30.983323 -30.48965 0 -55.957938 -35.118987 -28.671258 -28.366515 -41.016318 -55.875795 -30.43844 -29.762204 0 0 0 0 -43.841534 0 0 0 0 0 0 0 -55.784191 -46.763161 0 0 0 0 0 0 0 0 0 0 0 0 0 -36.982727 -33.27344 
0 0 0 0 0 0 0 0 0 0 0 0 0 0 0 0 0 0 0 0 0 0 0 0 0 0 0 0 0 0 -37.87244 -47.43358 0 -56.205921 0 -30.131332 -29.813054 -55.804121 -33.208395 -29.695671 -28.336141 0 0 0 -37.797965 -35.133749 0 0 0 -33.081733 -30.983323 0 0 -55.957938 -31.184809 -28.671258 -45.306714 0 -35.2158 -30.43844 0 0 0 0 0 0 0 0 0 0 0 0 -56.262385 -55.784191 0 0 0 0 0 0 0 0 0 0 0 0 0 -43.869787 -36.982727 
0 0 0 0 0 0 0 0 0 0 0 0 0 0 0 0 0 0 0 0 0 0 0 0 0 0 0 0 0 0 -36.671159 -37.87244 0 -56.276813 -56.205921 -31.107371 -30.131332 -46.994937 -36.68126 -33.208395 -29.695671 0 0 0 -37.145434 -37.797965 0 0 0 -33.790641 -32.292021 0 0 0 -32.420904 -31.184809 0 0 -39.992263 -38.101614 0 0 0 0 0 0 0 0 0 0 0 0 0 -56.262385 0 0 0 0 0 0 0 0 0 0 0 0 0 -42.705799 -55.15283 
0 0 0 0 0 0 0 0 0 0 0 0 0 0 0 0 0 0 0 0 0 0 0 0 0 0 0 0 0 0 -35.911945 -36.671159 0 0 -56.276813 -31.672148 -31.107371 -56.062354 -46.994937 -36.68126 0 0 0 0 -33.320624 -37.145434 0 0 0 -32.292021 -31.885131 0 0 0 -31.20874 -32.320212 0 0 -34.966823 -42.414206 0 0 0 0 0 0 0 0 0 0 0 0 0 0 0 0 0 0 0 0 0 0 0 0 0 0 0 -40.079551 0 
0 0 0 0 0 0 0 0 0 0 0 0 0 0 0 0 0 0 0 0 0 0 0 0 0 0 0 0 0 0 -32.715109 -35.911945 0 0 0 -31.344417 -31.672148 0 -56.062354 -56.141457 0 0 0 0 -31.65226 -33.320624 0 0 0 -30.429729 -31.692175 0 0 0 -29.563787 -31.20874 0 0 -33.162641 -34.966823 0 0 0 0 0 0 0 0 0 0 0 0 0 0 0 0 0 0 0 0 0 0 0 0 0 0 0 0 0 
0 0 0 0 0 0 0 0 0 0 0 0 0 0 0 0 0 0 0 0 0 0 0 0 0 0 0 0 0 0 -31.649431 -32.715109 0 0 0 -31.61849 -31.344417 0 0 0 0 0 0 0 -32.17496 -31.65226 0 0 0 -29.33227 -30.429729 -37.947861 -32.605057 -37.973214 -28.726768 -29.563787 0 0 -32.20211 -33.162641 0 0 0 0 0 0 0 0 0 0 0 0 0 0 0 0 0 0 0 0 0 0 0 0 0 0 0 0 0 
0 0 0 0 0 0 0 0 0 0 0 0 0 0 0 0 0 0 0 0 0 0 0 0 0 0 0 0 0 0 -31.959724 -31.649431 0 0 0 -32.6557 -31.61849 0 0 0 0 0 0 0 -32.921031 -32.17496 0 0 0 -29.010466 -29.33227 -31.934651 -31.809389 -32.605057 -28.745342 -28.726768 -56.236135 0 -31.249935 -32.20211 0 0 0 0 0 0 0 0 0 0 0 0 0 0 0 0 0 0 0 0 0 0 0 0 0 0 0 0 0 
0 0 0 0 0 0 0 0 0 0 0 0 0 0 0 0 0 0 0 0 0 0 0 0 0 0 0 0 0 0 -32.337961 -31.959724 0 0 0 -32.468753 -32.6557 0 0 0 0 0 0 0 -37.101576 -32.921031 0 0 0 -29.935391 -29.010466 -54.106595 -31.934651 -31.809389 -29.474898 -28.745342 0 -56.236135 0 -31.249935 0 0 0 0 0 0 0 0 -55.97514 0 0 0 0 0 0 0 0 0 0 0 0 0 0 0 0 0 0 0 0 
0 0 0 0 0 0 0 0 0 0 0 0 0 0 0 0 0 0 0 0 0 0 0 0 0 0 0 0 0 0 -32.687253 -32.337961 0 0 0 -32.82889 -32.468753 0 0 0 0 0 0 0 -56.108519 -37.101576 0 0 0 -31.959724 -29.935391 0 -55.735974 0 -30.459488 -29.474898 0 0 0 -30.573347 -39.299656 0 0 -56.228256 0 0 0 0 -53.423563 -55.97514 0 0 0 0 0 0 0 0 0 0 0 0 0 0 0 0 0 0 0 
0 0 0 0 0 0 0 0 0 0 0 0 0 0 0 0 0 0 0 0 0 0 0 0 0 0 0 0 0 0 -32.771521 -32.687253 0 0 0 -35.868604 -32.82889 0 0 0 0 0 0 0 0 -56.108519 0 0 0 -32.091627 -33.38772 -55.780204 -45.540736 -54.461031 -30.278572 -29.601319 0 0 0 -33.176306 -30.573347 0 0 -51.217408 -56.228256 0 0 0 -42.583052 -53.423563 0 0 0 0 0 0 0 0 0 0 0 0 0 0 0 0 0 0 0 
0 0 0 0 0 0 0 0 0 0 0 0 0 0 0 0 0 0 0 0 0 0 0 0 0 0 0 0 0 0 -32.566622 -32.771521 0 0 0 -35.478999 -35.868604 0 0 0 0 0 0 0 0 0 0 0 0 -33.38772 -34.910183 -45.540736 -54.461031 -54.036764 -29.601319 -29.437847 0 0 0 -32.532411 -31.304224 0 0 -48.192295 -51.217408 0 0 0 -38.94866 -42.583052 0 0 0 0 0 0 0 0 0 0 0 0 0 0 0 0 0 0 0 
0 0 0 0 0 0 0 0 0 0 0 0 0 0 0 0 0 0 0 0 0 0 0 0 0 0 0 0 0 0 -31.985011 -32.566622 0 0 0 -37.663828 -35.478999 0 0 0 0 0 0 0 0 0 0 0 0 -34.910183 -34.133149 -55.889055 -50.666205 -47.597666 -29.437847 -29.771005 0 0 0 -31.304224 -30.792837 0 0 -56.045192 -48.192295 0 0 0 0 -38.94866 0 0 0 0 0 0 0 0 0 0 0 0 0 0 0 0 0 0 0 
0 0 0 0 0 0 0 0 0 0 0 0 0 0 0 0 0 0 0 0 0 0 0 0 0 0 -56.220375 0 0 0 -31.362194 -31.985011 0 0 0 -55.502749 -37.663828 0 0 0 0 0 0 0 0 0 0 0 0 -34.133149 -36.263529 -50.666205 -47.597666 -39.854831 -29.732341 -29.776052 0 0 0 -30.792837 -30.724612 0 0 -55.977786 -56.116427 0 0 0 0 0 0 0 0 0 0 0 0 0 0 0 0 0 0 0 0 0 0 0 0 
0 0 0 0 0 0 0 0 0 0 0 0 0 0 0 0 0 0 0 0 0 0 0 0 0 0 -56.071592 -56.220375 0 0 -30.667936 -31.362194 0 0 0 -56.267632 -55.502749 0 0 0 0 0 0 0 0 0 0 0 0 -36.263529 -40.936813 -55.867837 -39.854831 -41.533054 -29.63496 -29.538088 0 0 0 -30.724612 -31.369849 0 0 -56.116427 0 0 0 0 0 0 0 0 0 0 0 0 0 0 0 0 0 0 0 0 0 0 0 0 0 
0 0 0 0 0 0 0 0 0 0 0 0 0 0 0 0 0 0 0 0 0 0 0 0 0 0 -55.833336 -56.071592 0 0 -29.550332 -30.667936 0 0 0 0 -56.267632 0 0 0 0 0 0 0 0 0 0 0 0 -40.760971 -42.755408 0 -41.533054 -49.339783 -29.40774 -29.439943 0 0 0 -31.369849 -33.39256 0 0 0 0 0 0 0 0 0 0 0 0 0 0 0 0 0 0 0 0 0 0 0 0 0 0 0 0 
0 0 0 0 0 0 0 0 0 0 0 0 0 0 0 0 0 0 0 0 0 0 0 0 0 0 -51.734986 -55.833336 0 0 -29.092978 -29.550332 0 0 0 0 0 0 0 0 0 0 0 0 0 0 0 0 0 -38.845483 -40.760971 0 -49.339783 -55.843954 -29.251615 -29.338184 0 0 0 -34.282381 -35.2158 0 0 0 0 0 0 0 0 -56.1691 0 0 0 0 0 0 0 0 0 0 0 0 0 0 0 0 0 0 0 
0 0 0 0 0 0 0 0 0 0 0 0 0 0 0 0 0 0 0 0 0 0 0 0 0 0 -44.128146 -51.734986 0 0 -30.436695 -29.092978 -44.454247 0 0 0 0 0 0 0 0 0 0 0 0 0 0 0 0 -35.060415 -38.845483 -56.14014 -43.869787 -55.818731 -28.786697 -29.251615 0 0 0 -41.816068 -37.358584 0 0 0 0 0 0 0 -55.927485 -56.279435 0 0 0 0 0 0 0 0 0 0 0 0 0 0 0 0 0 0 0 
0 0 0 0 0 0 0 0 0 0 0 0 0 0 0 0 0 0 0 0 0 0 0 0 0 0 -40.760971 -44.128146 0 0 -34.468852 -30.17721 -32.285012 0 0 0 0 0 0 0 0 0 0 0 0 0 0 0 0 -33.456057 -35.060415 -50.938761 -41.49041 -43.869787 -28.488638 -28.786697 0 0 0 -46.763161 -41.816068 0 0 0 0 0 0 0 -47.933491 -55.927485 0 0 0 -51.217408 -56.1862 0 0 0 0 0 0 0 0 0 0 0 0 0 0 
0 0 0 0 0 0 0 0 0 0 0 0 0 0 0 0 0 0 0 0 0 0 0 0 0 0 -36.929542 -40.760971 0 0 0 -30.987728 -30.17721 0 0 0 0 0 0 0 0 0 0 0 0 0 0 0 0 -32.450266 -33.456057 -36.950754 -35.185793 -34.981095 -28.415654 -28.488638 0 0 0 -49.195857 -46.763161 0 0 0 0 0 0 0 -46.31463 -47.933491 0 0 0 -38.476236 -50.399541 0 0 0 0 0 0 0 0 0 0 0 0 0 0 
0 0 0 0 0 0 0 0 0 0 0 0 0 0 0 0 0 0 0 0 0 0 0 0 0 0 -34.854253 -36.929542 0 0 0 -31.319225 -30.987728 0 0 0 0 0 0 0 0 0 0 0 0 0 0 0 0 -29.618641 -32.450266 -31.885131 -32.098211 -33.09509 -28.448677 -28.415654 0 0 0 -48.774538 -49.195857 0 0 0 0 0 0 0 -44.0412 -46.31463 0 0 0 -33.955406 -38.366855 0 0 0 0 0 0 0 0 0 0 0 0 0 0 
0 0 0 0 0 0 0 0 0 0 0 0 0 0 0 0 0 0 0 0 0 0 0 0 0 0 -34.799022 -34.854253 0 0 0 -31.189577 -31.319225 0 0 0 0 0 0 0 0 0 0 0 0 0 0 0 0 -28.865963 -29.618641 -31.442362 -31.885131 -32.098211 -28.467956 -28.448677 0 0 0 -40.551594 -48.774538 0 0 0 0 0 0 0 -41.363871 -44.0412 0 0 0 -32.212353 -33.955406 0 0 0 0 0 0 0 0 0 0 0 0 0 0 
0 0 0 0 0 0 0 0 0 0 0 0 0 0 0 0 0 0 0 0 0 0 0 0 0 0 -38.140672 -34.799022 0 0 0 -31.538521 -31.189577 0 0 0 0 0 0 0 0 0 0 0 0 0 0 0 0 -30.16334 -28.865963 -29.275209 -31.442362 -32.306085 -28.606474 -28.467956 0 0 0 -39.923208 -40.551594 0 0 0 -56.136189 0 0 0 -39.571568 -41.363871 0 0 0 -32.795989 -32.212353 0 0 0 0 0 0 0 0 0 0 0 0 -37.101576 0 
0 0 0 0 0 0 0 -56.038588 0 0 0 0 0 0 0 0 0 0 0 0 0 0 0 0 0 0 -33.373239 -38.140672 0 0 0 -33.162641 -31.538521 0 0 0 0 0 0 0 0 0 0 0 0 0 0 0 0 -30.756474 -28.345366 -28.446554 -53.22508 -37.18964 -28.731388 -28.606474 0 0 0 -41.096673 -39.923208 0 0 0 -34.051904 -56.136189 0 0 -39.474338 -39.571568 0 0 0 -34.331299 -32.795989 0 0 0 0 0 0 0 0 0 0 0 0 -33.117465 0 
0 0 0 0 0 0 0 -47.07335 -56.038588 0 0 0 0 0 0 0 0 0 0 0 0 0 0 0 0 0 -33.334899 -33.373239 0 0 0 -30.746471 -33.162641 0 0 0 0 0 0 0 0 0 0 0 0 0 0 0 0 0 -28.441789 -28.345366 0 0 -28.926917 -28.731388 0 0 0 0 -41.096673 0 0 0 -30.642968 -34.051904 -56.215119 0 -36.993426 -39.474338 0 0 0 -33.320624 -34.331299 0 0 0 0 0 0 0 0 0 0 0 0 -36.405487 0 
0 0 0 0 0 0 0 -56.124333 -47.07335 0 0 0 0 0 0 0 0 0 0 0 0 0 0 0 0 0 -32.80829 -33.334899 0 0 0 -30.146512 -30.746471 0 0 0 0 0 0 0 0 0 0 0 0 0 0 0 0 0 -28.546481 -28.441789 0 0 -29.031492 -28.926917 0 0 0 0 0 0 0 0 -30.117764 -30.642968 -49.148276 0 -34.04043 -36.993426 0 0 0 -32.212353 -33.320624 0 0 0 0 0 0 0 0 0 0 0 0 0 0 
0 0 0 -56.1862 0 0 0 0 -56.124333 0 0 0 -42.155713 0 0 0 0 0 0 0 0 0 0 0 0 0 -31.612901 -32.80829 0 0 0 -29.238551 -30.146512 0 0 0 0 0 0 0 0 0 0 0 0 0 0 0 0 0 -28.683326 -28.546481 0 0 -28.923127 -29.031492 0 0 0 0 0 0 0 0 -30.894702 -30.117764 0 0 -40.167935 -34.04043 0 0 0 -31.669298 -32.212353 0 0 0 0 0 0 0 0 0 0 0 0 0 0 
0 0 0 -39.053508 -56.1862 0 0 0 0 0 0 0 -42.01812 -42.155713 0 0 0 0 0 0 0 -56.038588 0 0 0 0 -31.463441 -31.612901 0 0 0 -28.702606 -29.238551 0 0 0 0 0 0 0 0 0 0 0 0 0 0 0 0 0 -28.364037 -28.683326 0 0 -29.140317 -28.923127 0 0 0 -39.686791 0 0 0 0 -30.994351 -30.894702 0 0 0 -40.167935 0 0 0 -40.239445 -31.669298 0 0 0 0 0 0 0 0 0 0 0 0 0 0 
0 0 0 0 -39.053508 0 0 0 0 0 0 0 -43.374548 -42.01812 0 0 0 0 0 0 0 0 -56.038588 0 0 0 -32.108113 -31.463441 0 0 0 -28.427084 -28.702606 0 0 0 0 0 0 0 0 0 0 0 0 0 0 0 0 0 -28.102026 -28.364037 0 0 -28.650553 -29.140317 0 0 0 -56.138823 -39.686791 0 0 0 -31.601756 -30.994351 0 0 0 0 0 0 0 0 -40.239445 0 0 0 0 0 0 0 0 0 0 0 0 0 0 
0 0 0 0 0 0 0 0 0 0 0 0 -40.293554 -43.374548 0 0 0 0 0 0 0 0 0 0 0 0 -31.563095 -32.108113 0 0 -37.580045 -28.749355 -28.427084 0 0 0 0 0 0 0 0 0 0 0 0 0 0 0 0 -56.211178 -28.173693 -28.102026 -55.906286 -38.531656 -28.360575 -28.650553 0 0 0 -33.66887 -56.138823 0 0 0 -55.885077 -31.601756 0 0 0 -32.513558 -56.157256 0 0 0 0 0 0 0 0 0 0 0 0 0 0 0 0 0 0 
0 0 0 0 0 0 0 0 0 0 0 0 -35.038644 -40.293554 0 0 0 0 0 0 0 0 0 0 0 0 -30.123783 -31.563095 -38.44871 -35.407876 -31.753116 -30.941859 -28.749355 0 0 0 0 0 0 0 0 0 0 0 0 0 0 0 0 -56.066313 -28.188447 -28.173693 -38.476236 -34.751257 -28.529925 -28.360575 0 0 0 -32.000924 -33.66887 0 0 0 -31.824381 -55.885077 0 0 0 -55.97514 -32.513558 0 0 0 0 0 0 0 0 0 0 0 0 0 0 0 0 -33.566036 -56.279435 
0 0 0 0 0 0 0 -50.720238 0 0 0 0 -31.800431 -35.038644 0 0 0 0 0 0 0 0 0 0 0 0 -29.026614 -30.123783 -37.211875 -38.44871 -35.407876 -31.753116 -31.289307 0 0 0 0 0 0 0 0 0 0 0 0 0 0 0 0 -56.175678 -28.361563 -28.188447 -40.703273 -34.771664 -28.784634 -28.529925 0 0 0 -31.827389 -32.000924 0 0 0 -32.388191 -31.824381 0 0 0 -31.012097 -55.97514 0 0 0 0 0 0 0 0 0 0 0 0 0 0 0 0 -30.12982 -33.566036 
0 0 0 0 0 0 0 -37.347162 -50.720238 0 0 0 -31.552146 -31.800431 0 0 0 0 0 0 0 0 0 0 0 0 -28.250868 -29.026614 -32.874652 -37.211875 -39.923208 -38.615714 0 0 0 0 0 0 0 0 0 0 0 0 0 -56.113791 0 0 0 0 -28.887967 -28.361563 -56.028021 -38.758345 -30.96578 -28.784634 -55.820058 0 0 -33.05076 -31.827389 0 0 0 -35.964458 -32.388191 0 0 0 -30.17412 -31.012097 0 0 0 0 0 0 0 0 0 0 0 0 0 0 0 0 -28.796365 -30.12982 
0 0 0 -47.152351 0 0 0 -35.575518 -37.347162 0 0 0 -34.910183 -31.552146 0 0 0 0 0 0 0 0 0 0 0 -48.062134 -28.251767 -28.250868 -34.526441 -56.259761 0 0 0 0 0 0 0 0 0 0 0 0 0 0 0 -56.07555 -56.113791 0 0 0 -29.207256 -28.887967 -56.061034 -50.774509 -35.20828 -34.644003 -33.921898 0 0 -42.656483 -33.05076 0 0 0 -56.14014 -35.964458 0 0 0 -30.371386 -30.17412 0 0 0 0 0 0 0 0 0 0 0 0 0 0 0 0 -31.070652 -28.796365 
0 0 0 -35.407876 -46.31463 0 0 -36.254202 -35.575518 0 0 0 -56.0267 -34.910183 0 0 0 0 0 0 0 0 0 0 0 -36.198599 -29.072765 -28.251767 0 0 0 0 0 0 0 0 0 0 0 0 0 0 0 0 0 0 -56.07555 0 0 0 -29.411861 -29.207256 -56.025379 -42.272193 -36.814328 -33.368424 -31.291787 0 0 -51.049478 -55.898334 0 0 0 0 -56.14014 0 0 0 -30.073176 -30.371386 0 0 0 0 0 0 0 0 0 0 0 0 0 0 0 -52.77294 -31.070652 -46.085065 
0 0 0 -38.643985 -35.407876 0 0 -36.773032 -36.254202 0 0 0 0 -56.0267 0 0 0 0 0 0 0 0 0 0 -55.981754 -42.656483 -32.370161 -29.072765 0 0 0 0 0 0 0 0 0 0 0 0 0 0 0 0 0 0 0 0 0 0 -29.654974 -29.517136 -52.583731 -36.814328 -55.502749 -31.291787 -30.573347 0 0 -55.898334 0 0 0 0 0 -38.193144 0 0 0 -34.468852 -30.073176 0 0 0 0 0 0 0 0 0 0 0 0 0 0 0 -38.816305 -38.062806 -37.301705 
0 0 0 -35.973265 -38.643985 0 0 -56.012164 -36.773032 0 0 0 0 0 0 0 0 0 0 0 0 0 0 0 -55.919537 -55.981754 -42.656483 -32.370161 0 0 0 0 0 0 0 0 0 0 0 0 0 0 0 0 0 0 0 0 0 0 -29.618641 -29.692044 0 -55.502749 0 -30.573347 -31.579598 0 0 0 0 0 0 0 -38.193144 -35.276405 0 0 -56.058394 -30.531112 -28.488638 0 0 0 0 0 0 0 0 0 0 0 0 0 0 -56.212492 -44.637114 -38.816305 -38.062806 
0 0 0 -35.510955 -35.973265 0 0 0 -33.250075 -39.36265 0 0 0 0 0 0 0 0 0 0 0 0 0 0 -56.038588 -55.919537 0 0 0 0 0 0 0 0 0 0 0 0 0 0 0 0 0 0 0 0 0 0 0 0 -29.806623 -29.618641 0 0 0 -31.579598 -32.787814 0 0 0 0 0 0 0 -35.276405 -34.412035 0 0 -46.241752 -28.488638 -30.257587 0 0 0 0 0 0 0 0 0 0 0 0 0 0 -56.216433 -48.774538 -44.637114 -48.062134 
0 0 0 -35.766117 -35.510955 0 0 0 -33.637728 -33.250075 0 0 0 0 0 0 0 0 0 0 0 0 -41.096673 -56.088741 0 -56.038588 0 0 0 0 0 0 0 0 0 0 0 0 0 0 0 0 0 0 0 0 0 0 0 0 -30.627736 -29.806623 0 0 0 -32.787814 -33.679308 0 0 0 0 0 0 0 -34.412035 -36.244893 0 0 0 -30.257587 -31.476698 0 0 0 0 0 0 0 0 0 0 0 0 -56.149357 0 -53.290921 -38.573544 -48.774538 -50.452412 
0 0 0 -35.616317 -34.011888 0 0 0 -33.861194 -33.637728 0 0 0 0 0 0 0 0 0 0 0 0 -32.84131 -41.096673 -56.088741 0 0 0 0 0 0 0 0 0 0 0 0 0 0 0 0 0 0 0 0 0 0 0 0 0 -30.972344 -30.627736 0 0 0 -33.679308 -35.141148 0 0 0 0 0 0 0 -36.244893 -38.114605 0 0 0 -31.476698 -31.900517 0 0 0 0 0 0 0 0 0 0 0 0 -42.2254 -56.149357 -50.666205 -43.869787 -38.573544 -55.122066 
0 0 0 -34.011888 -31.563095 0 0 0 -33.617106 -33.861194 0 0 0 0 0 0 0 0 0 0 0 0 -30.772567 -32.84131 -55.821386 0 0 0 0 0 0 0 0 0 0 0 0 0 0 0 0 0 0 0 0 0 0 0 0 0 -31.571334 -30.972344 0 0 0 -35.141148 -35.518978 0 0 0 0 0 0 0 -38.114605 -42.040889 0 0 0 -31.900517 -32.624444 0 0 0 0 0 0 0 0 0 0 0 0 -35.649208 -42.2254 0 -50.666205 -43.869787 0 
0 0 0 -31.563095 -30.08054 0 0 0 -33.710791 -33.617106 0 0 0 0 0 0 0 0 0 0 0 0 -29.522626 -30.772567 0 0 0 0 0 0 0 0 0 0 0 0 0 0 0 0 0 0 0 0 0 0 0 0 0 0 -31.909787 -31.571334 0 0 0 -35.518978 -36.961391 0 0 0 0 0 0 0 -42.040889 -46.917106 0 0 0 -32.624444 -34.663912 0 0 0 0 0 0 0 0 0 0 0 0 -32.96804 -32.081778 0 0 0 0 
0 0 0 -30.08054 -29.854734 0 0 0 -33.731924 -33.250075 0 0 0 0 0 0 0 0 0 0 0 0 -28.931479 -29.522626 0 0 0 0 0 0 0 0 0 0 0 0 0 0 0 0 0 0 0 0 0 0 0 0 0 0 -32.472463 -31.909787 0 0 0 -36.961391 -39.008366 0 0 0 0 0 0 0 -46.917106 -56.166468 0 0 0 -34.663912 -36.424712 0 0 0 0 0 0 0 0 0 0 0 0 -31.439738 -30.17721 0 0 0 0 
0 0 0 -29.854734 -30.281819 0 0 0 -33.250075 -31.621289 0 0 0 0 0 0 0 0 0 0 0 0 -28.948329 -28.931479 0 0 0 0 0 0 0 0 0 0 0 0 0 0 0 0 0 0 0 0 0 0 0 0 0 0 -33.072856 -32.472463 0 0 0 -42.607457 -40.384654 0 0 0 0 0 0 0 -56.166468 0 0 0 0 -36.424712 -43.241816 0 0 0 0 0 0 0 0 0 0 0 0 -30.17721 -29.589862 0 0 0 0 
0 0 0 -30.281819 -31.700802 0 0 0 -31.621289 -31.012097 0 0 0 -56.100609 0 0 0 0 0 0 0 0 -29.205434 -28.948329 0 0 0 0 0 0 0 0 0 0 0 0 0 0 0 0 0 0 0 0 0 0 0 0 0 0 -34.45616 -33.072856 0 0 0 -44.274933 -42.607457 0 0 0 0 0 0 0 0 0 0 0 0 -43.241816 -56.155939 0 0 0 0 0 0 0 0 0 0 0 0 -29.589862 -29.371092 0 0 0 0 
0 0 0 -31.700802 -36.161864 0 0 0 -31.012097 -30.972344 0 0 -56.100609 -54.751082 0 0 0 0 0 0 0 0 -29.842919 -29.205434 0 0 0 0 0 0 0 0 0 0 0 0 0 0 0 0 0 0 0 0 0 -55.79615 0 0 0 0 -36.41509 -34.45616 0 0 0 -41.448 -44.274933 0 0 0 0 0 0 0 0 0 0 0 0 -56.155939 0 0 0 0 0 0 0 0 0 0 0 0 0 -29.371092 -29.435753 0 0 0 0 
0 0 0 -36.161864 -45.574631 0 0 0 -30.972344 -31.576841 0 0 -54.751082 -41.301374 -55.780204 0 0 0 0 0 0 0 -30.455966 -30.448939 0 0 0 0 0 0 0 0 0 0 0 0 0 0 0 0 0 0 0 0 0 0 -55.79615 0 0 0 -40.403013 -36.41509 0 0 0 -37.439182 -41.448 0 0 0 0 0 0 0 0 0 0 0 0 0 0 0 0 0 0 0 0 0 0 0 0 0 0 -29.435753 -29.68963 0 0 0 0 
0 0 0 -45.574631 -41.137174 0 0 0 -31.576841 -32.759353 0 0 -41.301374 -55.780204 -53.96728 0 0 0 0 0 0 0 -31.218375 -32.636131 0 0 0 0 0 0 0 0 0 0 0 0 0 0 0 0 0 0 0 0 0 0 -29.256307 -33.642901 0 0 -50.666205 -40.403013 0 0 0 -34.325153 -37.439182 0 0 0 0 0 0 0 0 0 0 0 0 0 0 0 0 0 0 0 0 0 0 0 0 0 0 -29.68963 -29.981208 0 0 0 0 
0 0 0 -41.137174 -34.539346 0 0 0 -32.532411 -33.358814 0 0 0 -53.96728 -55.782862 0 0 0 0 0 0 0 -32.636131 -34.080733 0 0 0 0 0 0 0 0 0 0 0 0 0 0 0 0 0 0 0 0 0 -37.392986 -30.087931 -29.256307 0 0 -49.832706 -50.666205 0 0 0 -33.421731 -34.325153 0 0 0 0 0 0 0 0 0 0 0 0 0 0 0 0 0 0 0 0 0 0 0 0 0 0 -29.981208 -30.516604 0 0 0 0 
0 0 0 -34.412035 -31.057018 0 0 0 -31.87288 -32.532411 0 0 0 -55.809434 -55.349288 0 0 0 0 0 0 0 -34.080733 -55.897009 0 0 0 0 0 0 0 0 0 0 0 0 0 0 0 0 0 0 0 0 -40.2215 -38.94866 -34.617599 -30.087931 0 0 -41.076503 -49.832706 0 0 0 -34.046163 -33.421731 0 0 0 0 0 0 0 0 0 0 0 0 0 0 0 0 0 0 0 0 0 0 0 0 0 0 -30.516604 -32.185113 0 0 0 0 
0 0 0 -31.057018 -30.06291 0 0 0 -32.124689 -31.87288 0 0 0 -56.223002 -55.809434 0 0 0 0 0 0 0 -55.897009 0 0 0 0 0 0 0 0 0 0 0 0 0 0 0 0 0 0 0 0 0 -48.913267 -40.2215 -38.94866 -34.617599 0 0 -36.961391 -41.076503 0 0 0 -34.325153 -34.046163 0 0 0 0 0 0 0 0 0 0 0 0 0 0 0 0 0 -56.19409 0 0 0 0 0 0 0 0 -32.185113 -43.841534 0 0 0 0 
0 0 0 -30.06291 -30.974536 0 0 0 -32.96804 -32.124689 0 0 0 0 -56.223002 0 0 0 0 0 0 0 0 0 0 0 0 0 0 0 0 0 0 0 0 0 0 0 0 0 0 0 0 -46.536447 0 -48.913267 0 0 0 0 -36.855942 -36.961391 0 0 0 -34.799022 -34.325153 0 0 0 0 0 0 0 0 0 0 0 0 0 0 0 0 0 -46.573888 -56.19409 0 0 0 0 0 0 0 -43.841534 0 0 0 0 0 
0 0 0 -30.924606 -31.607323 0 0 0 -32.431883 -31.721033 0 0 0 0 0 0 0 0 0 0 0 0 0 0 0 0 0 0 0 0 0 0 0 0 0 0 0 0 0 0 0 0 -56.175678 -40.858146 -46.536447 0 0 0 0 0 -39.114187 -36.855942 0 0 0 -35.616317 -34.799022 0 0 0 0 0 0 0 0 0 0 0 0 0 0 0 0 0 -40.917069 -46.573888 0 0 0 0 0 0 0 0 0 0 0 0 0 
0 0 0 -31.582358 -30.924606 0 0 0 -31.721033 -31.718134 0 0 0 0 0 0 0 0 0 0 0 0 0 0 0 0 0 0 0 0 0 0 0 0 0 0 0 0 0 0 0 0 -45.339802 -56.126968 -40.858146 0 0 0 0 0 -41.49041 -39.114187 0 0 0 -47.112777 -35.616317 0 0 0 0 0 0 0 0 0 0 0 0 0 0 0 0 0 -51.105205 -40.917069 0 0 0 0 0 0 0 0 0 0 0 0 0 
0 0 0 -31.677855 -31.582358 0 0 0 -31.718134 -33.254736 0 0 0 0 -56.082146 0 0 0 0 0 0 0 0 0 0 0 0 0 0 0 0 0 0 0 0 0 0 0 0 0 0 -32.96804 -42.202105 -45.339802 -56.126968 0 0 0 0 0 -44.761052 -41.49041 0 0 0 0 -47.112777 0 0 0 0 0 0 0 0 0 0 0 0 0 0 0 0 0 0 -51.105205 0 0 0 0 0 0 0 0 0 0 0 0 0 
0 0 0 -35.624519 -31.677855 0 0 0 -32.406324 -34.50075 0 0 0 -55.814747 -55.927485 0 0 0 0 0 0 0 0 0 0 0 0 0 0 0 0 0 0 0 0 0 0 0 0 0 0 -29.222828 -32.96804 -42.202105 0 0 0 0 0 0 -56.010843 -44.761052 0 0 0 0 0 0 0 0 0 0 0 0 0 0 0 0 0 0 0 0 0 0 0 0 0 0 0 0 0 0 0 0 0 0 0 0 0 
0 0 0 -31.100446 -35.624519 0 0 0 -36.940137 -32.406324 0 0 0 -39.268381 -51.273886 0 0 0 0 0 0 0 0 0 0 0 0 0 0 0 0 0 0 0 0 0 0 0 0 0 0 -29.234838 -29.222828 -55.951319 0 0 0 0 0 0 0 -56.010843 0 0 0 0 0 0 0 0 0 0 0 0 0 0 0 0 0 0 0 0 0 0 0 0 0 0 0 0 0 0 0 0 0 0 0 0 0 
0 0 0 -30.443683 -31.100446 0 0 0 -33.72663 -36.940137 0 0 0 -55.800136 -39.268381 0 0 0 0 0 0 0 0 0 0 0 0 0 0 0 0 0 0 0 0 0 0 0 0 0 0 -30.40896 -29.234838 0 0 0 0 0 0 0 0 0 0 0 0 0 0 0 0 0 0 0 0 0 0 0 0 0 0 0 0 0 0 0 0 -56.072911 0 0 0 0 0 0 0 0 0 0 0 0 0 
0 0 0 -30.532932 -30.443683 0 0 0 -37.416037 -33.72663 0 0 0 -40.275472 -55.800136 0 0 0 0 0 0 0 0 0 0 0 0 0 0 0 0 0 0 0 0 0 0 0 0 -56.178309 -56.167784 -34.565272 -30.40896 0 0 0 0 0 0 0 0 -56.238761 0 0 0 0 0 0 0 0 0 0 0 0 0 0 0 0 0 0 0 0 0 0 -56.072911 -56.201978 0 0 0 0 0 0 0 0 0 0 0 -56.233509 0 
0 0 0 -31.372405 -30.532932 0 0 0 -41.157506 -37.416037 0 0 0 -38.28607 -40.275472 0 0 0 0 0 0 0 0 0 0 0 0 0 0 0 0 0 0 0 0 0 0 0 -47.556409 -37.450789 -56.178309 -56.167784 -34.565272 0 0 0 0 0 0 0 0 -56.04255 -56.238761 0 0 0 0 0 0 0 0 0 0 0 0 0 0 0 0 0 0 0 0 0 -56.201978 -56.24795 0 0 0 0 0 0 0 0 0 0 0 -43.618688 0 
0 0 0 -32.081778 -31.372405 -30.200534 0 0 -44.186577 -36.855942 0 0 0 -40.044505 -38.28607 0 0 0 0 0 0 0 0 0 0 0 0 0 0 0 0 0 0 0 0 0 0 -54.898336 -33.185445 -47.556409 -37.450789 0 -56.257137 0 0 0 0 0 0 0 0 -55.845281 -56.04255 0 0 0 0 0 0 0 0 0 0 0 0 0 0 0 0 0 0 0 0 0 -56.24795 0 0 0 0 0 0 0 0 0 0 0 0 0 0 
0 0 0 -31.863725 -30.200534 -29.680004 0 0 -36.855942 -33.38772 0 0 0 -39.023378 -38.772786 0 0 0 0 0 0 0 0 0 0 0 0 0 0 0 0 0 0 0 0 0 0 -34.399512 -34.180315 -33.185445 -56.028021 0 0 0 0 0 0 0 0 0 0 -55.818731 -55.845281 0 0 0 0 0 0 0 -56.095335 0 0 0 0 0 0 0 0 0 0 0 0 0 0 0 0 0 0 0 0 0 0 0 0 0 0 0 0 
0 0 0 0 -29.680004 -29.370085 0 0 -33.38772 -31.732658 0 0 0 -38.772786 -34.228031 0 0 0 0 0 0 0 0 0 0 0 0 0 0 0 0 0 0 0 0 0 0 -28.758765 -28.758765 -43.673876 0 0 0 0 0 0 0 0 0 0 0 -53.290921 -55.818731 0 0 0 0 0 0 0 -55.907612 -56.095335 0 0 0 0 0 0 0 0 0 0 0 0 0 0 0 0 0 0 0 0 0 0 0 0 0 0 0 
0 0 0 0 -29.370085 -29.704163 0 0 -31.732658 -32.891445 0 0 0 -34.228031 -31.824381 0 0 0 0 0 0 0 0 0 0 0 0 0 0 0 0 0 0 0 0 0 0 -28.288295 -28.758765 0 0 0 0 0 0 0 0 0 0 0 0 -52.213224 -53.290921 0 0 0 0 0 0 0 -51.049478 -55.907612 0 0 0 0 0 0 0 0 0 0 0 0 0 0 0 0 0 0 0 0 0 0 0 0 0 0 0 
0 0 0 0 -29.704163 -32.124689 0 0 -32.891445 -50.612407 0 0 0 -31.824381 -31.346949 0 0 0 0 0 0 0 0 0 0 0 0 0 0 0 0 0 0 0 0 0 0 -28.703901 -28.288295 0 0 0 0 0 0 0 0 0 0 0 0 0 -52.213224 0 0 0 0 0 0 0 -41.927685 -51.049478 0 0 0 0 0 0 0 0 0 0 0 0 0 0 0 0 0 0 0 0 0 0 0 0 0 0 0 
0 0 0 0 -31.005427 -33.199197 0 0 -34.717455 -55.829353 0 0 0 -31.346949 -32.853775 0 0 0 0 0 0 0 0 0 0 0 0 0 0 0 0 0 0 0 0 0 -55.964555 -29.616322 -28.703901 0 0 0 0 0 0 0 0 0 0 0 0 -46.424936 0 0 0 0 0 0 0 0 -36.492562 -41.927685 0 0 0 0 0 0 0 0 0 0 0 0 -55.910262 0 0 0 0 0 0 0 0 0 0 0 0 0 0 
0 0 0 0 -30.718685 -31.005427 0 0 -32.547572 -34.717455 0 0 0 -32.853775 -34.41831 0 0 0 0 0 0 0 0 0 0 0 0 0 0 0 0 0 0 0 0 0 -43.347838 -32.278019 -29.616322 0 0 0 0 0 0 0 0 0 0 0 0 -48.728667 -46.424936 0 0 0 0 0 0 0 0 -36.492562 0 0 0 0 0 0 0 0 0 0 0 0 -55.851917 -55.910262 0 0 0 0 0 0 0 0 0 0 0 0 0 
0 0 0 0 -30.620157 -30.718685 0 0 -32.980972 -32.547572 0 0 0 -38.272708 -33.402258 0 0 0 0 0 0 0 0 0 0 0 0 0 0 0 0 0 0 0 0 0 -56.238761 -43.347838 -32.278019 0 0 0 0 0 0 0 0 0 0 0 0 0 -48.728667 0 0 0 0 0 0 0 -47.192074 0 0 0 0 0 0 0 0 0 0 0 0 0 -55.846609 -55.851917 0 0 0 0 0 0 0 0 0 0 0 0 0 
0 0 0 0 -30.90534 -30.620157 0 0 -35.016977 -32.980972 0 0 0 -49.388156 -38.272708 0 0 0 0 0 0 0 0 0 0 0 0 0 0 0 0 0 0 0 0 -56.070272 0 -56.238761 -55.873142 0 0 0 0 0 0 0 0 0 0 0 0 0 0 0 0 0 0 0 0 0 0 -47.192074 0 0 0 0 0 0 0 0 0 0 0 0 -56.257137 -55.846609 0 0 0 0 0 0 0 0 0 0 0 0 0 
0 0 0 0 -31.709455 -30.90534 0 0 -35.690638 -35.016977 0 0 0 -53.290921 -49.388156 0 0 0 0 0 0 0 0 0 0 0 0 0 0 0 0 0 0 0 0 0 -56.070272 0 0 0 0 0 0 0 0 0 0 0 0 0 0 0 0 0 0 0 0 0 0 0 0 0 0 0 0 0 0 0 0 0 0 0 0 0 0 -56.257137 0 0 0 0 0 0 0 0 0 0 0 0 0 
0 0 0 0 -32.933789 -31.709455 0 0 -40.897376 -35.690638 -46.649182 0 0 -51.049478 -53.290921 0 0 0 0 0 0 0 0 0 0 0 0 0 0 0 0 0 -56.275501 0 0 0 0 0 0 0 0 0 0 0 0 0 0 0 0 0 0 0 0 0 0 0 0 0 0 0 0 0 0 0 0 0 0 0 0 0 0 0 0 0 0 0 0 0 0 0 0 0 0 0 0 0 0 0 0 
0 0 0 0 -33.130958 -32.933789 0 0 -54.678016 -33.52567 -36.600987 0 0 -46.205509 -51.049478 0 0 0 0 0 0 0 0 0 0 0 0 0 0 0 0 0 -36.376782 -56.275501 0 0 0 0 0 0 0 0 0 0 0 0 0 0 0 0 0 0 0 0 0 0 0 0 0 0 0 0 0 0 0 0 0 0 0 0 0 0 0 0 0 0 0 0 0 0 0 0 0 0 0 0 0 0 0 
0 0 0 0 -33.296956 -33.130958 0 0 0 -33.555904 -33.52567 0 0 -43.189289 -46.205509 0 0 0 0 0 0 0 0 0 0 0 0 0 0 0 0 0 -32.42456 -36.376782 0 0 0 0 0 0 0 0 0 0 0 0 0 0 0 0 0 0 0 0 0 0 0 0 0 0 0 0 0 0 0 0 0 0 0 0 0 0 0 0 0 0 0 0 0 0 0 0 0 0 0 0 0 0 0 
0 0 0 0 -33.149028 -33.296956 0 0 0 -32.993952 -33.555904 0 0 -39.410289 -43.189289 0 0 0 0 0 0 0 0 0 0 0 0 0 0 0 0 0 -31.744331 -32.42456 0 0 0 0 0 0 0 0 0 0 0 0 0 0 0 0 0 0 0 0 0 0 0 0 0 0 0 0 0 0 0 0 0 0 0 0 0 0 0 0 0 0 0 0 0 0 0 0 0 0 0 0 0 0 0 
0 0 0 0 -34.571778 -33.149028 0 0 0 -32.751266 -32.993952 0 0 -37.392986 -39.410289 0 0 0 0 0 0 0 0 0 0 0 0 0 0 0 0 0 -32.775587 -31.744331 0 0 0 0 0 0 0 0 0 0 0 0 0 0 0 0 0 0 0 0 0 0 0 0 0 0 0 0 0 0 0 0 0 0 0 0 0 0 0 0 0 0 0 0 0 0 0 0 0 0 0 0 0 0 0 
0 0 0 0 -35.353292 -34.717455 0 0 0 -34.300658 -32.751266 0 0 -42.956826 -37.392986 0 0 0 0 0 0 0 0 0 0 0 0 0 0 0 0 0 -39.331079 -32.775587 0 0 0 0 0 0 0 0 0 0 0 0 0 0 0 0 0 0 0 0 0 0 0 0 0 0 0 0 0 0 0 0 0 0 0 0 0 0 0 0 0 0 0 0 0 0 0 0 0 0 0 0 0 0 0 
0 0 0 0 -35.774576 -35.392216 0 0 0 -36.395901 -34.300658 0 0 -55.935431 -42.956826 0 0 0 0 0 0 0 0 0 0 0 0 0 0 0 0 0 0 -39.331079 0 0 0 0 0 0 0 0 0 0 0 0 0 0 0 0 0 0 0 0 0 0 0 0 0 0 0 0 0 0 0 0 0 0 0 0 0 0 0 0 0 0 0 0 0 0 0 0 0 0 0 0 0 0 0 
0 0 0 0 -35.471043 -35.246003 0 0 0 -35.920658 -36.263529 0 0 0 -55.935431 0 0 0 0 0 0 0 0 0 0 0 0 0 0 0 0 0 0 0 0 0 0 0 0 0 0 0 0 0 0 0 0 0 0 0 0 0 0 0 0 0 0 0 0 0 0 0 0 0 0 0 0 0 0 0 0 0 0 0 0 0 0 0 0 0 0 0 0 0 0 0 0 0 0 
0 0 0 0 -34.875144 -33.158098 0 0 0 -35.58365 -35.415726 0 0 0 0 0 0 0 0 0 0 0 0 0 0 0 0 0 0 0 0 0 0 0 0 0 0 0 0 0 0 0 0 0 0 0 -56.199349 0 0 0 0 0 0 0 0 0 0 0 0 0 0 0 0 0 0 0 0 0 0 0 0 0 0 0 0 0 0 0 0 0 0 0 0 0 0 0 0 0 0 
0 0 0 0 -33.158098 -33.011333 0 0 0 -35.268786 -35.223332 0 0 0 0 0 0 0 0 0 0 0 0 0 0 0 0 0 0 0 0 0 0 0 0 0 0 0 0 0 0 0 0 0 0 0 -56.006877 -56.199349 0 0 0 0 0 0 0 0 0 0 0 0 0 0 0 0 0 0 0 0 0 0 0 0 0 0 0 0 0 0 0 0 0 0 0 0 0 0 0 0 0 
0 0 0 0 -33.011333 -34.288465 0 0 0 -35.223332 -34.697299 0 0 0 -55.816075 0 0 0 0 0 0 0 0 0 0 0 0 0 0 0 0 0 0 0 0 0 0 0 0 0 0 0 0 0 0 0 0 -56.006877 0 0 0 0 0 0 0 0 0 0 0 0 0 0 0 0 0 0 0 0 0 0 0 0 0 0 0 0 0 0 0 0 0 0 0 0 0 0 0 0 0 
0 0 0 0 -34.288465 -35.299338 0 0 0 -34.697299 -34.02328 0 0 -55.816075 0 0 0 0 0 0 0 0 0 0 0 0 0 0 0 0 0 0 0 0 0 0 0 0 0 0 0 0 0 0 0 0 0 -56.221688 0 0 0 0 0 0 0 0 0 0 0 0 0 0 0 0 0 0 0 0 0 0 0 0 0 0 0 0 0 0 0 0 0 0 0 0 0 0 0 0 0 
0 0 0 0 -35.299338 -35.825641 0 0 0 -34.02328 -33.839349 0 0 0 0 0 0 0 0 0 0 0 0 0 0 0 0 0 0 0 0 0 0 0 0 0 0 0 0 0 0 0 0 0 0 0 0 0 -56.221688 0 0 0 0 0 0 0 0 0 0 0 0 0 0 0 0 0 0 0 0 0 0 0 0 0 0 0 0 0 0 0 0 0 0 0 0 0 0 0 0 
0 0 0 0 -35.825641 -34.252098 0 0 0 -33.839349 -33.363616 0 0 0 0 0 0 0 0 0 0 0 0 0 0 0 0 0 0 0 0 0 0 0 0 0 0 0 0 0 0 0 0 0 0 0 0 0 0 0 0 0 0 0 0 0 0 0 0 0 0 0 0 0 0 0 0 0 0 0 0 0 0 0 0 0 0 0 0 0 0 0 0 0 0 0 0 0 0 
0 -55.895683 0 0 -34.252098 -33.04196 0 0 0 -33.363616 -33.176306 0 0 0 0 0 0 0 0 0 0 0 0 0 0 0 0 0 0 0 0 0 0 0 0 0 0 0 0 0 0 0 0 0 0 0 0 0 0 0 0 0 0 0 0 0 0 0 0 0 0 0 0 0 0 0 0 0 0 0 0 0 0 0 0 0 0 0 0 0 0 0 0 0 0 0 0 0 0 
0 -56.034626 0 0 -33.04196 -32.687253 0 0 0 -33.176306 -33.535721 0 0 0 0 0 0 0 0 0 0 0 0 0 0 0 0 0 0 0 0 0 0 0 0 0 0 0 0 0 0 0 0 0 0 0 0 0 0 0 0 0 0 0 0 0 0 0 0 0 0 0 0 0 0 0 0 0 0 0 0 0 0 0 0 0 0 0 0 0 0 0 0 0 0 0 0 0 0 
0 -56.049153 0 0 -32.687253 -33.705526 0 0 0 -33.535721 -35.155981 0 0 0 0 -55.960585 0 0 0 0 0 0 0 0 0 0 0 0 0 0 0 0 0 0 0 0 0 0 0 0 0 0 0 0 0 0 0 0 0 0 0 0 0 0 0 0 0 0 0 0 0 0 0 0 0 0 0 0 0 0 0 0 0 0 0 0 0 0 0 0 0 0 0 0 0 0 0 0 0 
0 -56.159888 0 0 -33.705526 -35.238434 0 0 0 -35.155981 -34.717455 0 0 0 -55.960585 -42.202105 0 0 0 0 0 0 0 0 0 0 0 0 0 0 0 0 0 0 0 0 0 0 0 0 0 0 0 0 0 0 0 0 0 0 0 0 0 0 0 0 0 0 0 0 0 0 0 0 0 0 0 0 0 0 0 0 0 0 0 0 0 0 0 0 0 0 0 0 0 0 0 0 0 
0 -56.058394 0 0 -35.238434 -36.226325 0 0 0 -34.717455 -34.910183 0 0 0 -42.202105 -36.561301 0 0 0 0 0 0 0 0 0 0 0 0 0 0 0 0 0 0 0 0 0 0 0 0 0 0 0 0 0 0 0 0 0 0 0 0 0 0 0 0 0 0 0 0 0 0 0 0 0 0 0 0 0 0 0 0 0 0 0 -55.980431 0 0 0 0 0 0 0 0 0 0 0 0 0 
0 -55.906286 0 0 -36.226325 -36.671159 0 0 0 -34.910183 -35.246003 0 0 0 -36.561301 -35.200772 0 0 0 0 0 0 0 0 0 0 0 0 0 0 0 0 0 0 0 0 0 0 0 0 0 0 0 0 0 0 0 0 0 0 0 0 0 0 0 0 0 0 0 0 0 0 0 0 0 0 0 0 0 0 -55.881099 0 0 0 0 -53.5575 -55.980431 0 0 0 0 0 0 0 0 0 0 0 0 
0 -49.339783 0 0 -36.671159 -34.597901 0 0 0 -35.246003 -34.840381 0 0 0 -35.200772 -34.966823 0 0 0 0 0 0 0 0 0 0 0 0 0 0 0 0 0 0 0 0 0 0 0 0 0 0 0 0 0 0 0 0 0 0 0 0 0 0 0 0 0 0 0 0 0 0 0 0 0 0 0 0 0 0 -55.951319 -55.881099 0 0 0 -41.838266 -53.5575 0 0 0 0 0 0 0 0 0 0 0 0 
-56.279957 -45.175487 0 0 -34.597901 -33.769186 0 0 0 -34.840381 -33.446217 0 0 0 -34.966823 -47.764283 0 0 0 0 0 0 0 0 0 0 0 0 0 0 0 0 0 0 0 0 0 0 0 0 0 0 0 0 0 0 0 0 0 0 0 0 0 0 0 0 0 0 0 0 0 0 0 0 0 0 0 0 0 0 0 -55.951319 0 0 0 -39.490447 -41.838266 0 0 0 0 0 0 0 0 0 0 0 0 
-56.265009 -56.265009 0 0 -33.769186 -34.115602 0 0 0 -33.446217 -32.370161 0 0 0 -47.764283 0 0 0 0 0 0 0 0 0 0 0 0 0 0 0 0 0 0 0 0 0 0 0 0 0 0 0 0 0 0 0 0 0 0 0 0 0 0 0 0 0 0 0 0 0 0 0 0 0 0 0 0 0 0 0 0 0 0 0 0 -51.79381 -39.490447 0 0 0 0 0 0 0 0 0 0 0 0 
-56.096901 -40.384654 0 0 -34.115602 -40.495519 0 0 0 -32.370161 -31.732658 0 0 0 0 0 0 0 0 0 0 0 0 0 0 0 0 0 0 0 0 0 0 0 0 0 0 0 0 0 0 0 0 0 0 0 0 0 0 0 0 0 0 0 0 0 0 0 0 0 0 0 0 0 0 0 0 0 0 0 0 0 0 0 0 0 -51.79381 0 0 0 0 0 0 0 0 0 0 0 0 
-53.163456 -35.361051 0 0 -40.495519 -34.854253 -32.243286 0 0 -31.732658 -32.431883 0 0 0 0 0 0 0 0 0 0 0 0 0 0 0 0 0 0 0 0 0 0 0 0 0 0 0 0 0 0 0 0 0 0 0 0 0 0 0 0 0 0 0 0 0 0 0 0 0 0 0 0 0 0 0 0 0 0 0 0 0 0 0 0 0 0 0 0 0 0 0 0 0 0 0 0 0 0 
-35.361051 -47.43358 0 0 0 0 -34.074951 0 0 0 -32.431883 0 0 0 0 0 0 0 0 0 0 0 0 0 0 0 0 0 0 0 0 0 0 0 0 0 0 0 0 0 0 0 0 0 0 0 0 0 0 0 0 0 0 0 0 0 0 0 0 0 0 0 0 0 0 0 0 0 0 0 0 0 0 0 0 0 0 0 0 0 0 0 0 0 0 0 0 0 0 
