NCOLS 42
NROWS 41
XLLCORNER 276826.32
YLLCORNER 3833378.9
CELLSIZE 10
NODATA_VALUE -9999
0 0 0 0 0 0 0 0 0 -60.957695 0 0 0 0 0 0 0 0 0 0 0 0 0 0 0 0 0 0 0 0 0 -45.218315 -29.77692 -34.498742 -31.078208 -33.814575 0 0 0 0 0 -64.129593 
0 0 0 0 0 0 0 0 0 -63.889104 -60.957695 0 0 0 0 0 0 0 0 0 0 0 0 0 0 0 0 -63.907518 0 0 -36.913016 -31.434333 -31.454031 -29.77692 -34.498742 -31.078208 -33.814575 0 0 0 -64.129593 0 
0 0 0 0 0 0 0 0 0 0 -64.031212 0 0 0 0 0 0 0 0 0 0 0 0 0 0 0 -35.505439 0 0 -50.51544 -30.807767 -36.913016 -31.434333 -31.454031 0 0 0 0 0 0 0 0 
0 0 0 0 0 0 0 0 0 0 0 0 0 0 0 0 0 0 0 0 0 0 0 0 0 0 -30.394686 -35.505439 -40.830058 -31.13161 -33.496606 -30.807767 -41.102966 0 0 0 0 0 0 0 0 0 
0 0 0 0 0 0 0 0 0 0 0 0 0 0 0 0 0 0 0 0 0 0 0 0 0 -30.531451 -32.119496 -30.394686 0 -40.830058 -31.13161 -33.496606 0 0 0 0 0 0 0 0 0 0 
0 0 0 0 0 0 0 0 0 0 0 0 0 0 0 0 0 0 0 0 0 0 0 0 0 -32.663803 -30.531451 -32.119496 0 0 0 0 0 0 0 0 0 0 0 0 0 0 
0 0 0 0 0 0 0 0 0 0 0 0 0 0 0 0 0 0 0 0 0 0 0 0 0 -37.033049 -32.663803 0 0 0 0 0 0 0 0 0 0 0 0 0 0 0 
0 0 0 0 0 0 0 0 0 0 0 0 0 0 0 0 0 0 0 0 0 0 0 0 0 -32.961856 -30.797547 0 0 0 0 0 0 0 0 0 0 0 0 0 0 0 
0 0 0 0 0 0 0 0 0 0 0 0 0 0 0 0 0 0 0 0 0 0 0 0 0 -30.797547 -34.575435 0 0 0 0 0 0 0 0 0 0 0 0 0 0 0 
0 0 0 0 0 0 0 -64.169549 -42.200627 0 0 0 0 0 0 0 0 0 0 0 0 0 0 0 0 -34.575435 0 0 0 0 0 0 0 0 0 0 0 0 0 0 0 0 
0 0 -63.558251 -48.24968 -43.073855 -38.746622 -33.86564 -33.440996 -64.169549 -42.200627 0 0 0 0 0 0 0 0 0 0 0 0 0 0 0 0 0 0 0 0 0 0 0 0 0 0 0 0 0 0 0 0 
-64.287522 -51.96064 -36.367834 -57.265177 -48.24968 -43.073855 -38.746622 -33.86564 -33.440996 0 0 0 0 -44.010578 0 0 0 0 0 0 0 0 0 0 0 0 0 0 0 0 0 0 0 0 0 0 0 0 0 0 0 0 
0 -64.287522 -51.96064 -36.367834 -57.265177 -58.503408 -63.595293 -63.875708 0 0 0 0 -45.786969 -37.921814 -44.010578 0 0 0 0 0 0 0 0 0 0 0 0 0 0 0 0 0 0 0 0 0 0 0 0 0 0 0 
-58.673352 -34.962809 -31.323771 -51.164632 0 0 0 0 0 0 0 0 0 -45.786969 -37.921814 0 0 0 0 0 0 0 0 0 0 -51.094681 0 0 0 0 0 0 0 0 0 0 0 0 0 0 0 0 
0 -31.323771 -29.642071 -33.138001 -35.19561 -38.113779 -43.710253 -37.438446 -32.224986 -63.645769 -63.645769 -63.524559 0 0 0 0 0 0 0 0 0 0 0 0 -51.094681 -41.373007 0 0 0 0 0 0 0 0 0 0 0 0 0 0 0 0 
0 -29.642071 -30.697689 -35.19561 -38.113779 -38.57791 -37.053312 -32.224986 -29.815228 -31.467243 -34.506751 -37.452957 -36.756976 -31.928607 0 0 0 0 0 0 0 0 0 0 -41.373007 0 0 0 0 0 0 0 0 0 0 0 0 0 0 0 0 0 
0 -30.697689 -30.925813 -40.59038 -38.57791 -37.053312 -34.522813 -29.815228 -31.467243 -34.506751 -33.209253 -36.129359 -31.928607 -30.193605 0 0 0 0 0 0 0 0 0 0 0 0 0 0 0 0 0 0 0 0 0 0 0 0 0 0 0 0 
-63.998892 -30.925813 -30.827047 0 0 -64.096269 -47.130032 -32.392485 -35.621946 -33.209253 -36.129359 -43.319522 -30.193605 -32.053838 0 0 0 0 0 0 0 0 0 0 0 0 0 0 0 0 0 0 0 0 0 0 0 0 0 0 0 0 
0 -30.827047 -30.152137 0 0 0 -63.945998 -63.522873 0 -63.964391 -52.49395 0 -32.053838 -32.79164 0 0 0 0 0 0 0 0 0 0 0 0 0 0 0 0 0 0 0 0 0 0 0 0 0 0 0 0 
0 -30.152137 -63.956031 0 0 0 -54.682498 0 0 0 0 -63.637359 -35.22851 -38.18737 -63.543092 -63.919233 0 -38.855529 -64.094602 0 0 0 0 0 0 0 0 0 0 0 0 0 0 0 0 -56.168148 0 0 0 0 0 0 
0 0 0 0 0 0 -45.362582 -54.682498 0 0 0 0 -43.106207 -63.543092 -63.919233 0 -38.855529 -32.131965 -29.931533 0 0 0 0 0 0 0 0 0 0 0 0 0 0 0 -56.168148 -64.15457 0 0 0 0 0 0 
0 0 0 0 0 0 -48.113429 -45.362582 0 0 0 -54.456473 -40.166806 0 0 -63.749948 -32.131965 -29.931533 -30.004783 0 0 -63.972749 0 0 0 0 0 0 0 0 0 0 0 0 -64.15457 -52.968825 0 0 0 0 0 0 
0 0 0 0 0 0 0 -48.113429 0 0 -54.456473 -40.166806 -39.30062 0 0 0 -64.029543 -30.004783 -32.472692 0 -63.972749 0 0 0 0 0 0 0 0 0 0 0 0 0 -52.968825 -62.219966 0 0 0 0 0 0 
0 0 0 0 0 -63.608757 0 0 0 0 0 -39.30062 0 0 0 -64.029543 -37.577805 -32.472692 -32.325301 0 0 0 0 0 0 0 0 0 0 0 0 0 0 0 -62.219966 0 0 0 0 0 0 0 
0 0 0 0 -63.608757 0 -54.189901 0 0 -63.519503 -63.801965 0 0 0 0 -37.577805 -34.326298 -32.325301 -30.064281 0 0 0 0 -64.269267 0 0 0 0 0 0 0 0 0 0 0 0 0 0 0 0 0 0 
0 0 0 0 0 -54.189901 0 0 -63.519503 -63.801965 0 0 0 0 0 0 -34.599942 -30.064281 -34.998545 -64.227748 0 0 -64.269267 -60.099428 0 0 0 0 0 0 0 0 0 0 0 0 0 0 0 0 0 0 
0 0 0 0 0 0 0 0 0 0 0 0 0 0 0 -62.735818 -39.013038 -34.538935 -38.253538 -40.555095 0 0 -60.099428 -43.658292 0 0 0 0 0 0 0 0 0 0 0 0 0 0 0 0 0 0 
-48.49921 -49.163076 0 0 0 0 0 0 0 0 0 0 0 0 -62.735818 0 -34.538935 -32.751009 -40.555095 -40.555095 -63.532983 0 -43.658292 -34.766972 0 0 0 0 0 0 0 0 0 0 -63.736516 0 0 0 0 0 0 0 
0 -63.967734 -64.011176 0 0 0 0 0 0 0 0 0 0 0 0 -38.345702 -32.751009 -32.751009 -40.555095 -35.550691 -36.992746 -63.835497 -34.766972 -33.691406 0 0 0 0 0 0 0 0 0 -63.736516 -43.850325 0 0 0 0 0 0 0 
0 0 0 -63.617171 -63.50602 -49.741774 -42.113877 -63.905844 0 0 -63.997813 -59.160046 -39.509609 -34.724609 -58.858315 0 -32.751009 -47.130032 -35.550691 -36.992746 -52.729278 -64.127928 -33.691406 -44.339873 0 0 0 0 -64.211128 0 0 0 0 -43.850325 -53.713937 0 0 0 0 0 0 0 
0 0 -64.031212 0 -49.741774 -42.113877 -49.252567 -63.527929 -64.297475 -63.914212 -36.409676 -35.430964 -33.347131 -39.079023 -34.724609 -40.166806 0 0 0 -45.615001 0 -44.739601 -44.739601 -64.001154 0 0 0 -64.211128 -46.413353 0 0 0 0 -53.713937 0 0 0 0 0 0 0 0 
0 0 0 -64.031212 0 -49.252567 -63.527929 -64.297475 -64.201153 -63.575091 -30.916424 -31.366494 -33.413498 -33.347131 -31.082497 -32.031592 -35.560806 -32.270385 -30.603077 -32.027565 -45.615001 0 -63.94767 0 0 0 0 -46.413353 -40.245044 0 0 0 0 0 0 0 0 0 0 0 0 0 
0 0 -56.785402 0 0 0 0 0 0 -35.842236 -30.338716 -30.916424 -31.366494 -29.537186 -29.733188 -31.082497 -32.031592 -34.431276 -32.270385 -30.603077 -32.027565 -64.046234 0 0 0 0 0 -40.245044 -45.939933 0 0 0 0 0 0 0 0 0 0 0 0 0 
0 -56.785402 0 0 0 0 0 0 0 -37.898246 -31.235775 -30.338716 -42.229752 -32.329736 -29.537186 -29.733188 -33.070912 -36.367834 -34.431276 -37.373598 0 0 0 0 0 0 -33.600748 -33.540437 -41.505021 0 0 0 0 0 0 0 0 0 0 0 0 0 
0 0 0 0 0 0 -38.456426 -36.84094 -59.843761 -28.717779 -28.717779 0 -64.197827 -57.483244 0 0 0 0 0 0 0 0 0 0 0 0 -30.596046 -33.600748 -33.540437 0 0 0 0 0 0 0 0 0 0 0 0 0 
0 -39.529855 0 0 0 -38.456426 -36.84094 -37.148864 -37.246083 -28.717779 -28.785278 -31.278635 -40.830058 0 0 0 0 0 0 0 0 0 0 0 0 0 -38.465025 -30.596046 0 0 0 0 0 0 0 0 0 0 0 0 0 0 
0 -34.38819 -44.137222 -36.089736 0 -58.041955 -37.148864 -37.246083 -37.246083 -28.785278 -29.879163 -32.152862 -33.465609 -43.99263 -63.514447 0 -40.555095 -40.427163 -42.929771 0 0 0 0 0 0 0 0 -38.465025 0 0 0 0 0 0 0 0 0 0 0 0 0 0 
0 -63.932617 -33.619994 -35.440827 -36.089736 -63.578459 -48.167729 -37.246083 -47.105333 -29.879163 -30.086357 -33.132362 -34.883434 -37.141984 -33.512201 -35.565871 -40.427163 -42.929771 0 0 0 0 0 0 0 0 0 0 0 0 0 0 0 0 0 0 0 0 0 0 0 0 
0 0 -41.680068 -33.619994 -35.440827 -50.284628 -48.167729 -41.11561 -43.009516 -30.086357 -30.841284 -32.419759 -32.01151 -33.512201 -35.565871 -29.339603 0 0 0 0 0 0 0 0 0 0 0 0 0 0 0 0 0 0 0 0 0 0 0 0 0 0 
0 -63.037242 -45.34184 -41.680068 -64.295817 -50.284628 -41.11561 -43.009516 -44.471207 -30.841284 -32.419759 -32.01151 -36.367834 -36.361884 -29.339603 -30.154047 0 0 0 0 0 0 0 0 0 0 0 0 0 0 0 0 0 0 0 0 0 0 0 0 0 0 
0 0 -63.037242 -45.34184 0 0 0 0 0 0 0 0 0 0 0 -31.396972 0 0 0 0 0 0 0 0 0 0 0 0 0 0 0 0 0 0 0 0 0 0 0 0 0 0 
