NCOLS 44
NROWS 39
XLLCORNER 276816.32
YLLCORNER 3833388.9
CELLSIZE 10
NODATA_VALUE -9999
0 0 0 0 0 0 0 0 0 0 0 28.615655 0 0 0 0 0 0 0 0 0 0 0 0 0 0 0 0 1.6140359 0 64.419477 0.0035657756 0 0 0 0 0 0 0 0 0 0 0 0 
0 0 0 0 0 0 0 0 0 0 0 0 33.032312 0 0 0 0 0 0 0 0 0 0 0 0 0 176.44132 -3.5527137e-15 0 152.23122 0 0.013128873 0 0 0 0 0 0 0 0 0 0 0 0 
0 0 0 0 0 0 0 0 0 0 0 0 0 0 0 0 0 0 0 0 0 0 0 0 0 47.397932 44.402741 -3.5527137e-15 3.5527137e-15 0.018618829 0.038321631 3.5527137e-15 0 0 0 0 0 0 0 0 0 0 0 0 
0 0 0 0 0 0 0 0 0 0 0 0 0 0 0 0 0 0 0 0 0 0 0 0 0 20.755151 0.049564703 0.013475985 0.0080578634 -2.220446e-16 0 0 0 0 0 0 0 0 0 0 0 0 0 0 
0 0 0 0 0 0 0 0 0 0 0 0 0 0 0 0 5.2086201 0 0 0 0 0 0 0 0 21.833526 -3.5527137e-15 0 0 0 34.792615 0 0 0 4.9728967 51.284874 21.981684 0 0 0 0 0 0 0 
0 0 0 0 0 0 0 0 0 0 0 0 0 0 0 11.46263 0 51.924371 0 0 0 0 0 0 0 50.612878 0 0 0 4.3053549 0 0 0 0 0 0 0 0 0 0 0 0 0 0 
0 0 0 0 0 0 0 0 0 0 0 0 0 0 0 0 0 9.5891477 0 0 0 0 0 0 0 27.082346 0 0 0 0 0 0 32.738912 0 0 0 0 0 0 0 0 0 0 0 
0 0 0 0 0 0 0 0 0 0 0 0 0 0 0 0 0 0 0 0 0 0 0 0 13.991215 3.9968029e-15 0 0 0 0 12.547193 32.83264 0 0 0 0 0 0 0 0 0 0 0 0 
0 0 0 0 0 0 0 0 0 0 0 59.670489 0 0 0 0 0 0 0 0 0 0 0 0 0 64.049692 0 0 0 0 0 0 0 0 0 0 0 0 0 0 0 0 0 0 
0 0 0 0 0 0 0 0 0 0 0 35.240921 0 0 0 0 0 0 0 0 0 0 0 0 0 55.924919 14.786199 0 0 0 0 0 0 0 0 0 0 0 0 0 0 0 0 0 
0 0 0 0 0 0 0 0 0 3.5527137e-15 4.4408921e-16 0 0 28.146174 0 0 0 0 0 0 0 0 0 0 0 0 0 0 0 0 0 0 0 0 0 0 0 0 0 0 0 0 0 0 
64.393466 0 0.07334946 0.10041337 0.070390648 41.166452 0.02181772 0.018917282 0.029117892 0 1.7763568e-15 62.231135 0 0 0 0 0 0.45601188 0 0 0 0 0 0 0 0 0 0 0 0 0 0 0 0 0 0 0 0 0 0 0 0 0 0 
3.5527137e-15 0.03086554 0.025894348 0.082406109 0.082270802 83.775676 1159.2711 327.22925 122.64772 78.006041 163.51175 0 96.185997 0 -3.5527137e-15 -7.1054274e-15 4.7212693 20.600859 25.370127 0 0 0 0 0.17560799 0 0 0 0 0 0 0 0 0 0 0 0 0 0 0 0 0 0 0 0 
-3.5527137e-15 0 0.016146756 0.018543144 0.060449708 3.5527137e-15 -3.5527137e-15 0.033275646 0.04407264 0.062374323 0.036919074 -1.0658141e-14 0.041326306 0 0.038953678 397.38962 0 0 0 0 0 0 0 5.7686245 0 0 0 0 0 0 0 0 0 0 0 0 0 0 0 0 0 0 0 0 
0 3.5527137e-15 0.014852619 0.042079669 -3.5527137e-15 1.0658141e-14 3.5527137e-15 0.04461728 0.03305408 0.020393932 0.047574516 0.024083473 0.016357461 0.052118637 3.5527137e-15 119.26583 0 0 0 0 0 0 0 29.825874 60.846552 0 0 0 0 0 0 0 0 0 0 0 0 0 0 0 0 0 0 0 
0 0 0.038294186 -3.5527137e-15 3.5527137e-15 1.0658141e-14 0.039276951 0.063063336 3.5527137e-15 -7.1054274e-15 0 -3.5527137e-15 0.055564046 0.027225557 -3.5527137e-15 53.582936 0 0 0 0 0 0 0 0 65.508248 0 14.626396 0 0 0 0 0 0 0 0 0 0 0 0 0 0 0 0 0 
0 0 0.0022273997 3.5527137e-15 -7.1054274e-15 -2.7755576e-17 0.05397044 0 0 0.020950892 0.012363428 0 0.028505915 3.5527137e-15 0 489.54355 0 0 0 0 0 0 0 0 0 7.8288465 0 0 0 0 0 0 0 0 0 0 0 0 0 0 0 0 0 0 
0 0 0 0 0.024506885 -1.3877788e-17 0 0.076047383 0.075906913 0.098753282 0.064756815 0.017907701 0.013174135 0.0078371418 0.0066583092 133.03325 502.3705 60.798612 35.649137 51.877654 0 0 0 0 0 0 0 0 0 0 0 0 0 0 0 0 0 0 0 0 0 0 0 0 
0 0 0 0 0 18.127877 0 0 0 0 -2.6645353e-15 1.3322676e-15 0 -3.5527137e-15 0.0078246337 0.071764919 0.069583811 -7.1054274e-15 0.010567677 0 103.9979 0 0 0 0 0 0 0 0 0 0 0 0 19.523763 0 0 0 0 0 0 0 0 0 0 
0 0 0 0 0 0 0 0 0 3.51441 0.97620577 0.0021708783 0.00030196086 0.018866892 0.1872608 0.16963937 0 0.027533878 0.038252089 0 116.26844 36.16743 33.847699 51.337032 0 0 0 0 0 0 0 0 0 0 53.232773 0 0 0 0 0 0 0 0 0 
0 0 0 0 0 0 0 0 -3.5527137e-15 51.957379 0 0.010272798 0.046388417 0.075447573 0.091887911 -3.1086245e-15 0 0 0 0.030701768 0 49.064009 0.077378623 21.551625 6.2883903 0 0 0 0 0 0 0 0 0 57.670191 0 0 0 0 0 0 0 0 0 
0 0 0 0 0 0 0 22.779919 5.6503545 38.908448 0.013638187 0.038055843 0 0 0 -3.3306691e-15 0 0.029436616 0.0016177152 -7.1054274e-15 0 7.1054274e-15 38.94277 0.086922052 0 0 0 0 0 0 0 0 0 0 49.216794 -3.5527137e-15 0 0 0 0 0 0 0 0 
0 0 0 0 0 0 0 -3.5527137e-15 39.255242 4.4083116 1.4210855e-14 1.7763568e-15 0.019114318 0.060574895 0 0 0.036006317 0.02790521 3.5527137e-15 0 114.41955 0 0 30.198587 101.64716 0 0 0 0 0 0 0 0 0 43.184873 0 0 0 0 0 0 0 0 0 
0 0 0 0 0 0 -1.7763568e-15 0 -1.7763568e-15 0 0 0.036176358 5.884182e-15 0 0 0 0 -3.5527137e-15 0.00841756 0 0 142.18557 17.837863 84.482895 0.084902684 219.78999 0 0 0 0 0 0 0 0 13.569953 0 0 0 0 0 0 0 0 0 
0 0 0 0 0 0 0 0 0 0 0 0.0043614703 0 0 0 3.447527 0 0.03750031 0 -3.5527137e-15 -1.4210855e-14 -3.5527137e-15 0.010366576 0.12103522 0.083640173 201.8954 0 0 0 0 0 0 0 0 0 0 0 0 0 0 0 0 0 0 
0 0 0 0 0 0 0 0 0 0 0 0 0 0 0 0 0 0 0 0 0.052536131 -7.1054274e-15 0.053907169 0.034478634 0.041004405 110.76898 0 0 0 0 0 0 0 0 0 0 0 0 0 0 0 0 0 0 
0 0 0 0 0 0 0 0 0 0 0 0 0 0 0 0 0 0 3.5527137e-15 0 0 0 -7.1054274e-15 0.08429304 0.11160102 53.209305 0 0 0 0 0 0 0 26.452111 0 0 0 0 0 0 0 0 0 0 
0 0 0 0 0 0 0 0 0 0 0 0 0 0 0 0 0 0 -3.5527137e-15 0 0 -3.5527137e-15 0.033272295 0.035932899 0.015383222 22.252465 0 0 0 0 5.9118205 0 0 39.875571 0 0 0 0 0 0 0 0 0 0 
21.727237 0 70.330506 31.438912 0.023450663 0 0 0 0 0 0 0 0 0 0 0 0 0 0 3.5527137e-15 0 0.04701081 0.028671771 0.034507255 0.045954131 63.183697 0 0 0 0 46.573694 0 0 51.19983 0 0 0 0 0 0 0 0 0 0 
0 45.563003 0 0 0.025551718 0 0.028715151 0 0 0 0 3.5527137e-15 0 -7.1054274e-15 0 0 -3.5527137e-15 0 0.13805508 0 0 -1.8873791e-15 0 0 0 129.30795 0 0 0 0 57.711169 0 0 42.815657 0 0 0 0 0 0 0 0 0 0 
0 0 0 0.025410534 0.097318963 9.5794374 0.10220226 -3.5527137e-15 0 -7.1054274e-15 0 -3.5527137e-15 0 0.0078264353 0 0 0 0.021823497 0 0 0.014059387 0 0.032316219 0 46.700643 0 0 0 0 0 46.58505 0 0 11.038714 0 0 0 0 0 0 0 0 0 0 
0 0 4.4408921e-16 0.082727259 0.093487043 314.01811 286.91449 179.08728 88.247224 188.84848 0.037438286 0 0 0 0.096202929 0 0 0 0.023969197 0 0 -3.5527137e-15 3.5527137e-15 0.0030984319 3.6621542 0 0 0 0 0 48.163345 0 0 0 0 0 0 0 0 0 0 0 0 0 
0 0.00027736424 0 0.070750845 0 0.016915033 0.028531983 1.4210855e-14 0.059812371 0.034136649 0.050224638 0.075844895 0.20724617 16.039853 0 -3.5527137e-15 0 3.5527137e-15 0.012915382 0 0 7.1054274e-15 3.5527137e-15 0.029596458 47.162747 0 0 0 0 0 37.461957 0 0 0 0 0 0 0 0 0 0 0 0 0 
0 0 23.239311 5.1697857 0 0 0 0 -3.5527137e-15 0 3.5527137e-15 0.20431265 45.533488 0.094290439 0.099738929 101.03711 302.8383 98.473606 53.239867 29.501055 3.3178621 66.10693 77.773252 0 28.377713 0 0 0 0 0 39.42896 0 0 0 0 0 0 0 0 0 0 0 0 0 
0 0 0.01002142 337.81756 0.010140148 -7.1054274e-15 0 0.031114005 0 0.014086994 0.027624588 7.1054274e-15 0.071736985 -3.5527137e-15 0.091612421 434.81546 1167.1726 0 180.07763 30.697198 36.127249 3.0433179 0 68.430285 8.0066727 0 0 0 0 96.661231 11.510119 0 0 0 0 0 0 0 0 0 0 0 0 0 
0 0 0 0.015315475 0 0 3.5527137e-15 -3.5527137e-15 0 0.0067202001 0.058209759 0.1145524 3.5527137e-15 3.5527137e-15 0 0.028284507 0 0 0 0.088734025 45.909079 0 0 0 0 0 0 3.469447e-17 0 57.038464 0 0 0 0 0 0 0 0 0 0 0 0 0 0 
0 0 -3.5527137e-15 0 0 0 0 0 -3.5527137e-15 -3.5527137e-15 0 -3.5527137e-15 -3.5527137e-15 -3.5527137e-15 3.5527137e-15 3.5527137e-15 0.038741454 0.05059548 -3.5527137e-15 0.088958768 0.051161656 0.83554377 0 0 0 0 0 0 0.051206071 0 0 0 0 0 0 0 0 0 0 0 0 0 0 0 
0 0 0 0 -3.5527137e-15 0 0 0 0 0 0 0 0 0 -3.5527137e-15 0 0.011513232 4.4408921e-16 0.014621895 0 0 0 0 0 0 0 0 0 0 0 0 0 0 0 0 0 0 0 0 0 0 0 0 0 
0 0 0 0 0 0 0 0 0 0 0 0 0 0 0 0 0 19.891159 0 0 0 0 0 0 0 0 0 0 0 0 0 0 0 0 0 0 0 0 0 0 0 0 0 0 
