NCOLS 41
NROWS 57
XLLCORNER 277417.98
YLLCORNER 3857991.5
CELLSIZE 10
NODATA_VALUE -9999
0 0 0 0 0 0 0 0 0 0 0 0 0 0 0 0 0 0 0 0 0 0 0 0 0 0 0 0 0 0 0 -27.64752 0 0 0 0 0 0 0 0 -30.336131 
0 0 0 0 0 0 0 0 0 0 0 0 0 0 0 0 0 0 0 0 0 0 0 0 0 0 -27.136143 -29.970018 -29.45364 -29.023379 -28.124188 -26.530484 -26.53756 -28.774372 -39.53199 0 0 -34.405836 -27.068377 -30.336131 0 
0 0 0 0 0 0 0 0 0 0 0 0 0 0 0 0 0 0 0 0 0 0 0 0 0 0 0 0 -33.042007 -28.376989 -27.438921 -26.53756 -26.448029 -28.306541 0 0 0 -27.068377 -28.402289 -28.337598 0 
0 0 0 0 0 0 0 0 0 0 0 0 0 0 0 0 0 0 0 0 0 0 0 0 0 0 0 0 0 0 -27.949849 -26.448029 -26.988805 -27.610381 -28.948338 0 0 -28.402289 -28.337598 -30.827716 0 
0 0 0 0 0 0 0 0 0 0 0 0 0 0 0 0 0 0 0 0 0 0 0 0 0 0 0 0 0 0 0 -26.988805 -27.610381 -28.948338 0 0 0 0 -30.827716 -29.802788 0 
0 0 0 0 0 0 0 0 0 0 0 0 0 0 0 0 0 0 0 0 0 0 0 0 0 0 0 0 0 0 0 0 0 0 0 0 0 0 0 0 0 
0 0 0 0 0 0 0 0 0 0 0 0 0 0 0 0 0 0 0 0 0 0 0 0 0 0 0 0 0 0 0 0 0 0 0 0 0 0 0 0 0 
0 0 0 0 0 0 0 0 0 0 0 0 0 0 0 0 0 0 0 0 0 0 0 0 0 0 0 0 0 0 0 0 0 0 0 0 -39.526708 0 0 0 0 
0 0 0 0 0 0 0 0 0 0 0 0 0 0 0 0 0 0 0 -30.911769 0 0 0 0 0 0 0 0 0 0 0 0 0 0 0 0 0 -39.526708 0 0 0 
0 0 0 0 0 0 0 0 0 0 0 0 0 0 0 0 0 0 0 -27.16608 -30.911769 0 0 0 0 -28.019642 -31.077521 -30.901102 0 0 0 0 0 0 0 0 0 0 0 0 0 
0 0 0 0 0 0 0 0 0 0 0 0 0 -28.140304 0 -29.141201 -28.35467 0 0 -26.744253 -27.16608 -30.706897 -28.995292 -28.586764 -28.019642 -27.029864 -28.921621 -28.063969 -28.224692 -39.451965 0 0 0 0 0 0 0 0 0 0 0 
0 0 0 0 0 0 0 0 0 0 0 0 0 -26.539487 -27.423493 -28.148453 -29.141201 -28.35467 -26.721415 -26.414461 -26.744253 -28.995292 -28.586764 -28.213782 -27.029864 -26.680315 -28.063969 -28.224692 -39.451965 0 0 0 0 0 0 0 0 0 0 0 0 
0 0 0 0 0 0 0 0 0 0 0 0 -28.158728 -26.450443 -26.539487 -27.423493 -28.148453 0 -26.692846 -26.721415 -26.414461 -27.612682 -28.352216 -27.499135 -26.680315 -26.952901 -28.560353 -29.0896 0 0 0 -27.713054 -27.563525 0 0 0 0 -29.518245 -27.535862 0 0 
0 0 0 0 0 0 0 0 0 0 0 -29.326387 -27.587723 -26.494999 -26.450443 -27.497147 -31.043482 -29.12381 -30.395241 -26.692846 0 0 0 0 -26.952901 -28.387045 -29.0896 -32.058955 -36.876982 0 -27.713054 -27.563525 -27.707869 -28.983414 0 0 -29.518245 -27.535862 -26.799627 -27.89899 0 
0 0 0 0 0 0 0 -27.780631 0 0 -39.487323 -28.362063 -26.4738 -26.455995 -26.494999 -27.587723 -27.497147 -30.395241 0 0 -28.580848 0 0 0 -28.387045 0 -32.058955 -36.876982 0 0 -33.933096 -27.707869 -28.983414 0 0 0 0 -26.799627 -27.89899 -27.605798 0 
0 0 0 0 0 0 0 -28.44391 -27.780631 0 0 -39.487323 -26.810539 -26.4738 -26.455995 -27.453751 0 0 0 -30.736531 -29.809206 -28.580848 0 0 -28.952194 -35.834296 0 0 0 -33.933096 -28.891675 -27.036486 -28.218133 0 0 -27.958308 -26.939025 -28.292484 -27.605798 -29.282841 0 
0 0 0 0 0 0 0 0 -28.44391 0 0 0 -27.252816 -26.723264 0 0 0 0 0 0 -30.736531 -29.809206 0 -28.952194 -35.834296 -30.19119 -27.82675 0 0 -28.891675 -27.036486 -27.130452 -26.623724 -27.536907 -27.958308 -26.939025 -26.539101 -26.584323 -29.282841 0 0 
0 0 0 0 0 0 0 0 0 0 0 0 -26.723264 -26.67201 -27.776426 -28.108314 0 0 0 0 0 0 0 0 -30.19119 -27.82675 0 0 0 0 -27.130452 -26.623724 -27.536907 -27.918359 -27.396194 -26.539101 -26.584323 -26.92783 -27.095872 0 0 
0 0 0 0 0 0 0 0 0 0 0 0 -26.67201 -26.689039 -28.08687 -27.404011 -27.500132 -28.8443 -27.627803 -39.481436 -28.574959 -27.481423 -27.575531 -36.62105 0 0 0 0 0 0 0 -27.900589 -28.332766 -39.489678 -26.877677 -26.750939 -27.364952 0 0 0 0 
0 0 0 0 -39.499679 0 0 0 0 0 0 -39.499679 -26.689039 -26.849594 -27.404011 -27.500132 -27.552768 -27.204027 -26.763901 -28.574959 -27.481423 -27.50916 -27.23906 -27.943134 -36.62105 0 0 0 0 0 0 0 -29.311744 0 -30.361268 -27.364952 -36.143693 -39.444293 0 0 0 
0 0 0 0 0 -39.499679 0 0 0 0 0 0 -26.849594 -39.477902 -29.115187 -27.552768 -27.204027 -26.763901 -26.778392 -27.241787 -27.202103 -27.23906 -27.943134 -30.807151 -39.462581 0 0 0 0 0 0 -29.311744 -31.291814 0 -28.635086 -26.767277 -39.444293 -27.399658 -28.925408 0 0 
0 0 0 0 0 0 0 0 0 0 0 0 0 0 0 0 -39.461402 -26.778392 -27.241787 -27.202103 -27.505134 -27.67616 -28.304186 -30.429748 0 0 0 0 0 0 0 -31.291814 0 0 -26.767277 -27.634878 -27.399658 -28.925408 -27.769462 -29.47491 0 
0 0 0 0 0 0 0 0 0 0 -29.709046 -26.906586 -28.327953 0 0 0 0 0 0 -30.838065 -27.67616 -28.304186 -30.429748 -26.919139 -27.25004 -29.31661 0 0 0 0 0 0 0 0 -26.809958 -28.134232 -34.252163 -27.769462 -29.47491 -33.46104 -33.46104 
0 0 0 0 0 0 0 0 0 -33.561021 -26.906586 -28.110285 -28.392105 0 0 0 0 0 0 0 0 0 -26.919139 -27.25004 -29.31661 0 0 0 -26.976822 -28.67253 0 0 0 -26.809958 -28.134232 0 -36.773143 0 0 -33.46104 0 
-30.756496 0 0 0 0 0 0 0 0 0 0 -28.392105 0 0 0 0 0 0 0 0 0 0 -26.671011 -27.054402 -32.912597 0 -27.511181 -26.310297 -26.926687 -26.976822 0 0 0 0 0 -36.773143 0 -27.497147 0 -35.877335 -29.268578 
-39.503796 -30.756496 0 0 0 0 0 0 0 0 0 0 0 0 0 0 -39.447835 0 0 0 -29.115187 -27.259106 -26.49949 -26.671011 -27.054402 -26.642181 -26.506894 -27.130452 -26.310297 -26.926687 0 0 0 0 0 0 -27.497147 -27.497147 -27.511181 -26.823553 -35.877335 
-28.110285 -28.484261 -31.354588 0 -39.522011 -28.251322 -32.955202 0 0 0 0 -28.580848 0 0 -34.500819 -39.447835 -33.68983 -28.616755 0 -39.472601 -31.750216 -29.115187 -27.259106 -26.49949 -27.327226 -27.391889 -26.642181 -26.506894 -27.130452 0 0 0 0 0 0 0 -27.497147 -27.511181 -28.592707 -26.976822 -26.823553 
-27.716964 -26.836681 -28.484261 -31.354588 -28.251322 -27.077045 -26.445464 0 0 0 -39.457274 0 -28.580848 0 0 -33.68983 -28.616755 -39.520836 0 0 -39.472601 -31.750216 -30.019511 -27.286377 -29.376146 -27.327226 -37.036548 0 0 0 0 0 0 0 0 0 0 -28.592707 0 0 -26.976822 
-26.754958 -27.654048 -26.836681 -28.750703 -27.077045 -26.445464 -27.063344 -29.154372 0 0 0 -29.790016 0 0 0 0 0 0 0 0 0 0 0 0 0 0 0 0 0 0 0 0 0 0 0 0 0 0 0 0 0 
-28.489742 -26.754958 -27.654048 0 0 -27.063344 -29.154372 0 0 0 -29.790016 0 -27.17764 -34.46892 0 0 0 0 0 0 0 0 0 0 0 0 0 0 -27.175188 -26.892603 -26.86556 -26.601933 0 0 0 0 0 0 0 0 0 
0 -28.489742 0 0 0 0 0 0 0 0 0 -27.17764 -34.46892 0 0 0 0 0 0 0 0 0 0 0 0 0 0 -28.16494 -28.237928 -27.175188 -26.601933 -26.601933 -27.356747 0 0 0 0 0 0 0 0 
0 0 0 0 0 0 0 0 0 0 0 0 -27.999956 0 0 0 0 0 0 0 0 0 0 0 0 0 0 0 -28.16494 -28.237928 -26.601933 -26.804472 -27.95661 0 0 0 0 0 0 0 0 
0 0 0 0 0 0 0 0 0 0 0 0 0 0 0 0 0 0 0 0 0 0 0 0 0 0 -27.047064 0 0 0 -26.293205 -26.926687 -26.804472 0 0 0 0 0 0 0 0 
0 0 0 0 0 0 0 0 0 0 0 0 0 0 0 0 0 0 0 0 0 0 0 0 -32.420944 -39.450785 0 -27.047064 0 -27.4289 -26.463011 -26.293205 -27.118685 0 0 0 0 0 0 0 0 
0 0 0 0 0 0 0 0 0 0 0 0 0 0 0 0 0 0 0 0 -26.988805 -27.404885 -39.528469 0 0 -32.420944 -27.188806 0 0 -28.367017 -26.657523 -26.646597 -39.470244 0 -32.727161 -28.316009 -28.158728 0 0 0 0 
0 0 0 0 0 0 0 0 0 0 0 0 0 0 0 0 0 0 0 0 -27.08481 -26.988805 -27.404885 -39.528469 0 0 -29.212745 -27.188806 0 -27.252121 -26.679496 -27.18506 -27.478512 -27.348639 -26.732418 -26.619105 -26.702333 -27.113717 0 0 0 
0 0 0 0 0 0 0 0 0 0 0 0 0 0 0 0 0 0 0 0 0 -27.08481 0 0 0 0 0 0 -27.252121 -26.900438 -26.544039 0 -27.18506 -26.732418 -26.619105 -26.702333 -27.113717 -30.246389 0 0 0 
-28.703835 -27.921626 -30.361268 -27.065352 -27.697592 -30.573367 -31.341914 -29.841625 0 0 0 0 0 0 0 0 0 0 0 0 -39.501443 0 0 0 0 0 0 0 -26.900438 -26.544039 -29.199083 0 0 -27.759804 -26.462821 -26.277011 -26.372587 -27.62312 0 0 0 
-27.660132 -27.325667 -27.221623 -26.991411 -27.065352 -27.697592 -29.602481 -28.148453 -34.017641 -29.854748 -39.472601 0 0 0 0 0 0 0 0 -33.436456 0 -39.501443 0 0 0 -27.400526 -27.009142 -26.703208 -26.62476 -27.264042 -27.211134 -26.624242 -26.434571 -26.381209 -26.497947 -26.462821 -26.277011 -26.439479 -29.739775 0 0 
-34.075013 -27.221623 -27.106076 -26.415759 -26.803041 -27.76531 -26.634419 -26.746468 -29.854748 -39.472601 -31.663638 -29.733589 -29.739775 0 0 -27.075505 -27.162476 -26.918391 -26.548401 -26.691784 -27.096404 -27.819387 -29.181047 0 0 -27.551701 -27.400526 -27.009142 -26.703208 -26.62476 -27.264042 -26.646782 -26.624242 -26.434571 -26.381209 -26.497947 -31.291814 0 0 0 0 
-26.737203 -26.600971 -26.498387 -26.304355 -26.415759 -26.634419 -26.396895 -26.440423 -26.552428 -26.46511 -26.489417 -26.560384 -26.781085 -29.085376 -27.075505 -27.162476 -26.71029 -26.403134 -26.583416 -26.548401 -27.220302 -27.096404 0 -27.276915 -28.318388 0 -27.13329 -29.579626 0 0 0 -27.671195 -26.646782 0 0 0 0 0 0 0 0 
-26.285707 -26.251176 -26.257892 -26.241837 -26.304355 -26.396895 -26.345283 -26.244908 -26.26414 -26.46511 -26.392342 -26.288852 -26.298518 -26.364582 -26.42871 -26.71029 -26.493915 -26.798213 -26.403134 -26.985351 0 0 -27.276915 -27.23028 -26.582363 -27.13329 -26.991847 -27.127065 -27.369923 -32.457688 -30.890482 -26.777587 0 0 0 0 0 0 0 0 0 
0 -26.257892 -26.299827 -26.45343 -26.241837 -26.345283 -26.244908 -26.26414 -26.385046 -26.289556 -26.288852 -26.298518 -26.364582 -26.721876 -26.548268 -26.42871 -26.746715 -27.399658 -26.985351 -27.793365 -34.2221 0 -27.23028 -26.582363 -27.939793 -26.981068 -26.874616 -27.369923 -27.089523 -26.919514 -26.777587 -27.263335 0 0 -38.03721 0 -39.450195 -27.763931 -32.687296 0 0 
-28.173279 -26.712083 -26.491549 -26.686315 -26.923275 0 -38.933979 -27.136143 -26.608587 -26.748697 -27.819387 -32.278057 -26.721876 -27.517276 0 0 -27.399658 -27.027052 -27.006442 -27.867563 -39.446654 -29.861343 0 -31.279435 -26.981068 -26.874616 -30.122293 -27.089523 -26.919514 -27.961712 -26.796523 -26.977668 0 0 0 -38.03721 -27.763931 -32.687296 -29.19004 -28.425525 0 
-26.953304 -27.424391 -27.397924 -27.067872 -26.82536 -26.372895 -26.274384 -26.225008 -26.204369 -26.513117 -26.639452 -26.536665 -26.60435 -26.439908 -26.910978 -26.467035 -26.850555 -27.385056 -26.675834 -26.75851 -26.729577 -27.171527 -29.861343 -29.523738 -28.130203 -27.191945 0 0 -27.961712 -26.796523 -26.977668 -26.523471 0 0 0 0 -39.450785 -29.19004 -28.425525 -39.454325 0 
-26.78407 -26.79456 -26.923653 -26.552564 -26.563321 -26.82536 -26.372096 -26.274384 -26.225008 -26.204369 -26.513117 -26.639452 -26.439908 -26.487093 -26.910978 -34.97403 -26.467035 -26.850555 -27.029394 -26.675834 -26.75219 -26.729577 -27.171527 -29.67283 -28.130203 -29.631463 0 0 0 -27.311036 -26.523471 -26.368391 -30.386698 -29.047877 0 0 0 0 0 0 0 
-26.93166 -26.78407 -26.596839 -26.552564 -26.957348 -27.657693 -26.785161 -26.566289 -26.347945 -26.516286 -27.1583 -27.277638 -27.416347 -26.910978 -26.530859 -27.309514 0 0 -27.417236 -27.029394 0 0 0 0 0 0 0 0 0 0 -26.368391 -26.957754 -27.142469 -30.386698 -29.047877 0 0 0 0 0 0 
-27.005994 -26.93166 -27.03601 -26.972612 -26.955321 -26.678475 -28.454542 -26.785161 -32.727161 0 0 0 -30.933241 -26.530859 -26.402702 0 0 -29.491035 -39.447835 -27.794791 0 0 0 0 0 0 0 0 0 0 -26.957754 -28.03604 -27.487281 -27.142469 -31.750216 0 0 0 0 0 0 
0 -27.005994 -27.26546 -26.955321 -26.678475 -28.41773 0 -31.869858 -36.189489 0 0 -39.514375 -39.539616 -26.402702 -26.43735 -26.627191 0 -39.447835 -27.794791 -36.143693 0 0 0 0 0 0 0 0 0 0 0 0 0 0 0 -28.714314 -29.660915 0 0 0 0 
0 0 0 0 0 0 0 0 0 0 0 0 -39.514375 -26.43735 -26.627191 -26.696911 -26.714111 -27.775029 0 0 0 0 0 0 0 0 0 0 0 0 0 0 0 0 0 0 -27.943134 -29.660915 0 0 0 
0 0 0 0 0 0 0 0 0 0 0 0 0 0 -26.696911 -26.714111 -27.748895 -27.08481 0 0 0 0 0 0 0 0 0 0 0 0 0 -32.313179 -39.481436 0 0 -27.943134 -29.12381 0 0 0 0 
0 -39.450785 0 0 0 0 0 0 0 0 0 0 0 0 0 0 0 0 0 0 0 0 0 0 0 0 0 0 0 0 -32.313179 -31.931565 -27.360017 -27.094278 -28.1505 0 -28.198685 0 0 0 0 
0 -27.82675 -27.954915 0 0 0 0 0 0 0 0 0 0 0 0 0 0 0 0 0 0 0 0 0 0 0 0 0 0 0 -31.931565 -27.360017 -27.094278 -28.1505 -39.454325 -31.706599 0 0 0 0 0 
0 -27.903796 -26.669618 0 0 0 0 0 0 0 0 0 0 0 0 0 0 0 -38.715373 0 0 0 0 0 0 0 0 0 0 0 0 0 0 -39.454325 0 0 0 0 0 0 0 
0 -26.669618 -27.164275 0 0 0 0 0 0 0 0 0 0 0 0 0 0 -38.715373 0 0 0 0 0 -39.536097 0 0 0 0 0 0 0 0 0 0 0 0 0 0 0 0 0 
0 -27.835664 0 0 0 0 0 0 0 0 0 0 0 0 0 0 0 0 0 0 0 0 0 0 -39.536097 0 0 0 0 0 0 0 0 0 0 0 0 0 0 0 0 
0 0 0 0 0 0 0 0 0 0 0 0 0 0 0 0 0 0 0 0 0 0 0 0 0 0 0 0 0 0 0 0 0 0 0 0 0 0 0 0 0 
