NCOLS 42
NROWS 41
XLLCORNER 276826.32
YLLCORNER 3833378.9
CELLSIZE 10
NODATA_VALUE -9999
0 0 0 0 0 0 0 0 0 0 27.876076 0 0 0 0 0 0 0 0 0 0 0 0 0 0 0 0 0 0 83.373032 141.20776 0.04425483 0.039009553 0 -3.5527137e-15 3.5527137e-15 8.5185707 0 0 0 3.9187378 0 
0 0 0 0 0 0 0 0 0 0 0 54.826476 0 0 0 0 0 0 0 0 0 0 0 0 0 0 28.202134 0 0 38.508226 0.029003486 0.034293475 0.012279265 0.026150779 0 0 0 0 0 3.2477947 0 35.562109 
0 0 0 0 0 0 0 0 0 3.1486618 0 49.453341 0 0 0 0 0 0 0 0 0 0 0 0 0 87.922979 3.5527137e-15 0.017440814 155.61605 3.5527137e-15 0.0051503907 0 0 0 0 0 0 0 0 0 36.233052 0 
0 0 0 0 0 0 0 0 0 0 0 0 0 0 0 0 0 0 0 0 0 0 0 0 0 122.73169 0.021326746 0.0019931373 0.010578504 0.024728107 0 0 0 0 0 0 0 0 0 0 0 0 
0 0 0 0 0 0 0 0 0 0 0 0 0 0 0 0 0 0 0 0 0 0 0 0 42.392918 0.028725572 0 0 5.2833322 0 0 0 0 0 0 0 0 0 0 0 0 0 
0 0 0 0 0 0 0 0 0 0 0 0 0 0 0 0 0 0 0 0 0 0 0 0 21.854651 -7.1054274e-15 0 0 0 0 0 0 0 0 0 0 0 0 0 0 0 0 
0 0 0 0 0 0 0 0 0 0 0 0 0 0 0 0 0 0 0 0 0 0 0 0 51.043717 0 0 0 0 0 0 0 0 0 0 0 0 0 0 0 0 0 
0 0 0 0 0 0 0 0 0 0 0 0 0 0 0 0 0 0 0 0 0 0 0 0 27.782961 0 0 0 0 0 0 0 0 0 0 0 0 0 0 0 0 0 
0 0 0 0 0 0 0 0 0 0 0 0 0 0 0 0 0 0 0 0 0 0 0 0 48.545874 0 0 0 0 0 0 0 0 0 0 0 0 0 0 0 0 0 
0 0 0 0 0 0 0 0 0 -2.6645353e-15 33.409419 0 0 0 0 0 0 0 0 0 0 0 0 0 26.413275 -3.5527137e-15 0.036624139 0 0 0 0 0 0 0 0 0 0 0 0 0 0 0 
0 0 0 0 0 0 0 0 0 0 31.632271 0 0 0 0 0 0 0 0 0 0 0 0 0 28.152606 6.4505269 0 0 0 0 0 0 0 0 0 0 0 0 0 0 0 0 
0 0 0 0 0 0 0 0 0 0 0 0 36.48417 0 15.254963 0 0 0 0 0 0 0 0 0 0 0 0 0 0 0 0 0 0 0 0 0 0 0 0 0 0 0 
57.862159 0 0.023630933 0.029460869 91.30324 7.1054274e-15 0.2067177 0.025183716 76.021984 11.233737 33.615547 0 0 0 0 9.3716111 0 0 0 0 0 0 0 0 0 0 0 0 0 0 0 0 0 0 0 0 0 0 0 0 0 0 
0 0.047560189 0.043398076 0.057029217 460.02461 364.04164 296.59058 139.46658 54.493071 111.17643 109.50081 2.5382045 116.75499 0.023772952 -3.5527137e-15 0 29.83656 0 0 0 0 0 0 0 0 0 0 0 0 0 0 0 0 0 0 0 0 0 0 0 0 0 
0 0.012409881 0.014213345 -1.4210855e-14 7.1054274e-15 0.0167797 0.063290372 -3.5527137e-15 0.038128015 0.049306501 -1.7763568e-14 0.076118208 91.238828 100.20257 104.60841 0 0 0 0 0 0 0 0.75769936 17.765467 -7.1054274e-15 0 0 0 0 0 0 0 0 0 0 0 0 0 0 0 0 0 
0 7.1054274e-15 0.03452472 0.066837981 0 7.1054274e-15 0.064485732 0.028404144 3.5527137e-15 0 0.05157502 0.0011994696 0.0020755498 9.0845099 78.658219 0 0 0 0 0 0 0 0 77.49989 0 0 0 0 0 0 0 0 0 0 0 0 0 0 0 0 0 0 
28.362285 0.02958508 3.5527137e-15 3.5527137e-15 0 0 3.5527137e-15 -3.5527137e-15 0 0.0089973691 -3.5527137e-15 -3.5527137e-15 0.015738967 0 50.122683 0 0 0 0 0 0 0 0 18.093866 0 0 0 0 0 0 0 0 0 0 0 0 0 0 0 0 0 0 
0 0.001662458 0.038407038 0 0 0.025865941 3.5527137e-15 -7.1054274e-15 0.010305852 0.030886847 0.0030361733 0.013699295 0 -3.5527137e-15 47.765391 0 0 0 0 0 0 0 0 0 0 0 0 0 0 0 0 0 0 0 0 0 0 0 0 0 0 0 
0 0 0 0 0 0 0 0 36.805199 0 0 54.370339 0 3.5527137e-15 222.02587 176.98785 48.385427 37.733723 55.20168 0 0 0 0 0 0 0 0 0 0 0 0 0 0 0 0 0 0 0 0 0 0 0 
0 0 0 20.490285 0.073804247 0 0 -3.5527137e-15 16.803296 0 0 0 0.014222335 0.13148568 -3.5527137e-15 -1.4210855e-14 0.17057045 0.20007546 0.0052390839 93.128783 0 0 0 0 0 0 0 0 0 0 0 0 0 27.106797 0 0 0 0 0 0 0 0 
0 0 0 0 0 0 0 0 50.801791 0.41609141 1.543316 0.0031932597 0.0027322181 3.5527137e-15 0 0.045720851 0.074617916 0.049530342 0.017649252 95.604874 0 14.043392 0 0 0 0 0 0 0 0 0 0 0 52.567237 0 0 0 0 0 0 0 0 
0 0 0 0 0 0 0 3.5527137e-15 49.479912 5.5409289 0 7.1054274e-15 0.013650949 23.111821 62.690147 0 3.5527137e-15 0 0.013833309 0 107.96482 0 23.384331 0 0 0 0 0 0 0 0 0 0 67.393522 0 0 0 0 0 0 0 0 
0 0 0 0 0 5.2198132 5.0538265 0 37.096733 0 0 -3.5527137e-15 0.011014101 0 0 32.295646 -7.1054274e-15 0 0 78.735935 0 17.372655 0 0 0 0 0 0 0 0 0 0 0 52.36881 3.5527137e-15 0 0 0 0 0 0 0 
0 0 0 0 0 0 38.367792 1.5220528 3.8435866 1.7763568e-15 81.505756 3.5527137e-15 0 0 0 0 0 0 -3.5527137e-15 96.885666 0 0 0.22845583 4.0334983 0 0 0 0 0 0 0 0 0 49.159123 0 0 0 0 0 0 0 0 
0 0 0 0 0 25.601063 0 26.70535 0 -3.5527137e-15 0 9.6436846 0 0 0 3.5527137e-15 0 -3.5527137e-15 0 82.282119 157.62883 0 9.3483235 0 156.79924 0 0 0 0 0 0 0 0 9.7231019 0 0 0 0 0 0 0 0 
0 0 0 0 0 0 26.04349 0 0 0 0 0 0 0 0 0 0 3.5527137e-15 7.1054274e-15 7.1054274e-15 120.09706 24.945123 7.1054274e-15 0.065003824 150.3981 0 0 0 0 0 0 0 0 0 0 0 0 0 0 0 0 0 
0 0 0 0 0 0 0 0 0 0 0 0 0 0 19.789497 0 0 -3.5527137e-15 -3.5527137e-15 0 23.098306 75.118485 -3.5527137e-15 0.004037446 106.34142 0 0 0 0 0 0 0 0 0 0 0 0 0 0 0 0 0 
0 0 0 0 0 0 0 0 0 0 0 0 0 0 0 0 -3.5527137e-15 0 0 -3.5527137e-15 0 -5.3290705e-15 0.025752357 0.15922612 61.499294 0 0 0 0 0 0 0 0 29.1375 0 0 0 0 0 0 0 0 
28.027043 0 0.0081598727 0 0 0 0 0 0 0 0 0 0 0 0 0 0 0 0 -3.5527137e-15 3.5527137e-15 0.054282672 0.010890777 -7.1054274e-15 44.347822 0 0 0 4.482735 0 0 0 44.78385 0 0 0 0 0 0 0 0 0 
0 63.060507 39.802269 0 3.5527137e-15 0 0 0 0 0 0 0 0 0 0 0 0 0 0 -3.5527137e-15 0.0036770746 0.0082408141 0.023725273 0.024080409 70.535152 0 0 6.3224293 0 49.750924 0 0 52.100564 0 0 0 0 0 0 0 0 0 
0 0 0 52.117435 0.012940237 0.023950558 0 3.5527137e-15 0 0 0 0 0 0 0 0 0 0.13871502 0 0 28.43749 0 0 0 86.237051 0 0 0 0 62.114735 0 0 47.711071 0 0 0 0 0 0 0 0 0 
0 3.0451929 27.619583 -7.1054274e-15 50.543072 0.040331225 0 -7.1054274e-15 0 0 0 0 0.006885198 0 0 0 0 0 0 0.014385124 0.022387516 0 0.011441287 41.546183 0 0 0 0 3.5527137e-15 47.929015 0 0 6.9931613 0 0 0 0 0 0 0 0 0 
0 0 0 42.210344 37.644374 115.52805 116.83501 144.51939 131.1687 0 0 -3.5527137e-15 0 0.090095628 0 -3.5527137e-15 0 0.072480133 0 0 0.0032259109 0.003727415 19.219045 0.88266598 0 0 0 0 0 49.576601 0 0 0 0 0 0 0 0 0 0 0 0 
0 0 16.829188 0 0 48.951674 4.4408921e-16 1.7763568e-15 22.008273 0 0.10020368 0.053993114 56.502945 0 -3.5527137e-15 0 0 0.014848197 0 7.1054274e-15 -4.4408921e-16 94.040861 9.6741338 0 0 0 0 0 0 39.802848 0 0 0 0 0 0 0 0 0 0 0 0 
0 11.84903 0 26.787442 11.698908 0.055277729 0 0.016503612 0.0068376787 0.016042603 0 418.22869 0.42592002 67.773856 195.93098 113.2379 98.855887 81.531612 61.491158 48.692913 19.992455 23.740691 0 0 0 0 0 0 3.5527137e-15 40.367119 0 0 0 0 0 0 0 0 0 0 0 0 
0 3.5527137e-15 315.95047 -2.1649349e-15 50.397989 0 0 0.0039782224 0.048323021 0.022999268 0 0.11516765 -7.1054274e-15 211.57212 966.75777 61.948131 66.087463 67.424798 0 78.999246 8.1399715 0 0 0 0 0 0 0 108.07182 0 0 0 0 0 0 0 0 0 0 0 0 0 
0 0 0.01919661 -3.5527137e-15 0 -3.5527137e-15 0.0028393541 0.005867207 0.023410773 0.028629384 0.10957964 3.5527137e-15 3.5527137e-15 -3.5527137e-15 0.014043038 0 0 -7.1054274e-15 0.02660624 68.384881 0 0 0 0 0 0 1.6653345e-16 0 55.478488 0 0 0 0 0 0 0 0 0 0 0 0 0 
0 7.1054274e-15 -3.5527137e-15 -3.5527137e-15 7.1054274e-15 0 -3.5527137e-15 0.004719846 3.5527137e-15 0.031003873 3.5527137e-15 0 3.5527137e-15 3.5527137e-15 -3.5527137e-15 0 0.017681156 0.05270221 0.031777109 2.4272871 0 0 0 0 0 0 0.2684213 0 0 0 0 0 0 0 0 0 0 0 0 0 0 0 
0 53.854075 3.5527137e-15 -3.5527137e-15 0 0 0 0.011547465 0 0 0 -3.5527137e-15 0 -3.5527137e-15 0 -3.5527137e-15 -1.110223e-16 9.3449656 0 0 0 0 0 0 0 0 0 0 0 0 0 0 0 0 0 0 0 0 0 0 0 0 
5.8884489 0 0 0 0 0 0.0045575001 0 0 0 0 0 0 0 0 0 27.406147 0 0 0 0 0 0 0 0 0 0 0 0 0 0 0 0 0 0 0 0 0 0 0 0 0 
0 10.217907 0 0 0 0 0 0 0 0 0 0 0 0 0 0 24.082758 0 0 0 0 0 0 0 0 0 0 0 0 0 0 0 0 0 0 0 0 0 0 0 0 0 
