NCOLS 41
NROWS 49
XLLCORNER 616833.99
YLLCORNER 4621305.4
CELLSIZE 10
NODATA_VALUE -9999
-30.077607 0 0 0 0 0 0 0 0 0 0 0 0 0 0 0 0 0 0 0 0 0 0 0 0 0 0 0 0 0 0 0 0 0 0 0 0 0 0 0 0 
-27.541105 -30.077607 0 0 0 0 0 0 0 0 0 0 0 0 -30.238415 -28.376989 -26.962656 0 0 0 0 0 0 0 0 0 -39.507323 0 0 -28.016034 -27.652837 0 0 0 0 0 0 0 0 0 0 
0 -27.541105 -31.329301 0 0 0 0 0 0 0 0 0 0 -30.238415 -28.376989 -26.962656 -26.527755 -31.367322 0 0 -27.64321 0 0 0 0 -39.507323 0 0 0 -27.652837 -27.965128 0 0 0 0 0 0 0 0 0 0 
0 0 0 0 0 0 0 0 0 0 0 0 0 0 -28.876931 -26.527755 -26.754958 -27.515239 0 -27.64321 -27.127065 0 0 0 0 0 0 0 0 -27.965128 -30.152632 0 0 0 0 0 0 0 0 0 0 
0 0 0 0 0 0 0 0 0 0 0 0 0 0 0 -26.754958 -27.515239 -29.132481 -29.901391 -27.127065 -26.981068 0 0 0 0 0 0 -39.499679 0 -30.152632 -39.536683 0 0 0 0 0 0 0 0 0 0 
0 0 0 0 0 0 0 0 0 0 0 0 0 0 0 -39.489678 -29.132481 -29.901391 0 -26.981068 -26.925547 0 0 0 0 0 -39.499679 0 0 -39.536683 0 0 0 0 0 0 0 0 0 0 0 
0 0 0 0 0 0 0 0 0 0 -31.458184 0 0 0 0 0 -28.262607 0 0 -26.925547 -26.954513 0 0 0 0 0 0 0 0 0 0 0 0 0 0 0 0 0 0 0 0 
0 0 0 0 0 0 0 0 0 -31.458184 -30.648727 0 0 0 0 0 0 -28.262607 0 -26.954513 -27.317926 0 0 0 0 0 0 0 0 0 0 0 0 0 0 0 0 0 0 0 0 
0 0 0 0 0 0 0 0 0 -30.648727 -39.503208 0 0 0 0 0 0 0 0 -27.317926 -29.208178 0 0 0 0 0 0 0 0 -39.513787 0 0 0 0 0 0 0 0 0 -38.86028 0 
0 0 0 0 0 0 0 0 0 -39.503208 0 0 0 0 0 0 0 0 0 -29.208178 -35.665826 0 0 0 0 0 0 0 0 -30.706897 -39.513787 0 0 0 0 0 0 0 0 -30.327816 -35.665826 
0 0 0 0 0 0 0 0 0 0 0 0 0 0 0 0 0 0 0 -35.665826 0 0 0 0 0 0 0 0 0 -27.953223 -30.706897 0 0 0 0 0 0 0 0 -31.077521 -30.327816 
0 0 0 0 0 0 0 0 0 0 0 0 0 0 0 0 0 0 0 0 0 0 0 0 0 0 0 0 0 -28.016034 -27.953223 0 0 -31.418869 0 0 0 0 0 -39.486735 -31.077521 
0 0 0 0 0 0 0 0 0 0 0 0 0 0 0 0 0 0 0 0 -27.454688 0 0 0 0 0 0 0 0 -27.820855 -28.016034 0 0 -27.894209 -31.418869 0 0 0 0 0 -39.486735 
0 0 0 0 -34.868245 0 0 0 0 0 0 0 0 0 0 0 0 0 0 -27.454688 -26.579224 0 0 0 0 0 0 0 0 0 -27.820855 0 0 -28.332766 -27.894209 0 0 0 0 0 0 
0 0 0 -34.868245 -28.43075 0 0 0 0 0 0 0 -30.16797 0 0 0 0 0 -29.914926 -26.579224 -26.480355 -26.797085 0 0 0 0 -32.933834 0 0 0 -26.919139 -39.507323 0 -30.303062 -28.332766 0 0 0 0 0 0 
0 -31.445016 0 -28.43075 -27.634878 0 0 0 0 0 0 0 0 -30.16797 0 0 0 0 0 -26.480355 -26.797085 -27.108793 0 0 0 0 -32.933834 -32.933834 0 0 -26.946111 -26.919139 -39.507323 -29.861343 -30.303062 0 0 0 0 0 0 
0 -30.858897 0 -27.634878 -28.292484 0 0 0 0 0 0 0 0 0 0 0 0 0 0 0 -27.108793 -30.238415 0 0 0 0 -39.487323 -32.933834 0 0 -27.215046 -26.946111 0 -27.968556 -29.861343 0 0 0 0 0 0 
0 -29.45364 0 -28.292484 -36.143693 0 0 0 0 0 0 0 0 0 0 0 0 0 0 0 -30.238415 0 0 0 0 0 0 -39.487323 0 0 -27.215046 -27.215046 0 -27.639629 -27.968556 0 0 0 0 0 0 
0 -29.573957 0 -36.143693 -39.496738 0 0 0 0 0 0 0 0 0 0 0 0 0 0 0 0 0 0 0 0 0 0 0 0 0 -27.443523 -27.215046 0 -27.488261 -27.639629 0 0 -39.493797 0 0 0 
0 -35.964553 0 -39.496738 -29.678817 0 0 0 0 0 0 0 0 0 0 0 0 0 0 0 0 0 0 0 0 0 0 -39.502032 0 0 -27.376608 -27.443523 0 -27.488261 -27.488261 0 0 0 -39.493797 0 0 
0 0 0 -29.678817 -28.124188 0 0 0 0 0 0 0 0 0 0 0 0 0 0 0 0 0 0 0 0 0 0 -39.461991 -39.502032 0 -27.250733 -27.376608 0 -27.056376 -27.488261 0 0 0 0 0 0 
0 0 0 -28.124188 -27.702715 0 0 0 0 0 0 0 0 0 0 0 0 0 0 0 0 0 0 0 0 0 0 -30.890482 -39.461991 0 -27.274032 -27.250733 0 -27.026118 -27.056376 -39.522598 0 0 0 0 0 
0 0 0 -27.702715 -27.902191 0 0 0 0 0 0 0 0 0 0 0 0 0 0 0 0 0 0 0 0 0 0 -28.075356 -30.890482 0 -27.397924 -27.274032 0 0 -27.026118 0 0 0 0 0 0 
0 -39.008527 0 -27.902191 -27.686178 0 0 0 -32.89149 0 0 0 0 0 0 0 0 0 0 0 0 0 0 0 0 0 0 -27.025186 -28.075356 0 -27.443523 -27.397924 0 0 0 0 0 0 0 0 0 
0 0 0 -27.686178 -27.224273 0 0 -32.89149 -27.773634 0 0 0 0 0 0 0 0 0 0 0 0 0 0 0 -34.075013 0 0 -26.740833 -27.025186 0 -27.941462 -27.443523 0 0 0 0 0 0 0 0 0 
0 0 0 -27.224273 -27.116472 -26.91504 0 -27.773634 -27.91673 0 0 0 0 0 0 0 0 0 0 0 0 0 0 0 -27.790519 -29.841625 -28.063969 -26.815224 -26.740833 0 -28.777787 -27.941462 0 0 0 0 0 0 0 0 0 
0 0 0 -27.116472 -26.91504 -27.015499 -31.077521 -27.91673 -27.29153 0 0 -29.469568 0 0 0 0 0 0 0 0 0 0 0 0 -26.634241 -27.585493 -28.675698 -27.375768 -26.815224 0 -39.476724 -28.777787 0 0 0 0 0 0 0 0 0 
0 0 0 0 -27.015499 -27.695042 -30.86938 -27.29153 -26.803041 -33.877716 -29.469568 -28.669369 0 0 0 0 0 0 0 0 0 0 0 -28.592707 -26.488781 -26.634241 -27.585493 -28.675698 -27.375768 0 0 -39.476724 0 0 0 0 0 0 0 0 0 
0 0 0 0 -27.695042 -30.601339 -28.724142 -26.803041 -26.950494 -28.134232 -28.669369 -27.430712 0 0 0 0 0 0 0 0 0 -30.518432 -27.915104 -27.606941 -26.686524 -26.488781 -29.783662 -31.445016 -28.887975 0 0 0 0 0 0 0 0 0 0 0 0 
0 0 0 0 -30.601339 -38.573695 0 -26.950494 -28.134232 -29.771019 -27.430712 -26.989672 -27.137861 0 0 0 0 0 0 -39.466118 -30.922481 -26.801615 -28.880603 -27.915104 -27.274032 -26.686524 0 0 -31.445016 0 0 0 0 0 0 0 0 0 0 0 0 
0 0 0 0 -38.573695 0 0 -30.78676 0 -31.854631 -26.989672 -27.137861 -27.746189 -36.929656 -39.470833 -39.499679 0 -35.834296 -32.66754 -31.242645 -32.420944 -27.472723 -26.801615 -28.880603 -28.869615 -27.274032 0 0 0 0 0 0 0 0 0 0 0 0 0 0 0 
0 0 0 0 0 0 0 0 0 0 0 -27.746189 -36.929656 -39.470833 -39.499679 0 0 0 -35.834296 -32.66754 -31.242645 -32.420944 -27.472723 0 -39.538443 -28.869615 0 0 0 0 0 0 0 0 0 0 0 0 0 0 0 
0 0 0 0 0 0 0 0 0 0 0 0 0 0 0 0 0 0 0 0 0 0 -37.427723 0 0 -39.538443 0 0 0 0 0 0 0 0 0 0 0 0 0 0 0 
0 0 0 0 0 0 0 0 0 0 0 0 0 0 0 0 0 0 0 0 0 0 0 0 0 0 0 0 0 0 0 0 0 0 0 0 0 0 0 0 0 
0 0 0 0 0 0 0 0 0 0 0 0 0 0 0 0 0 0 0 0 0 0 0 0 0 0 0 0 0 0 0 0 0 0 0 0 0 0 0 0 0 
0 0 0 0 0 0 0 0 0 0 0 0 0 0 0 0 0 0 0 0 0 0 0 0 0 0 0 0 0 0 0 0 0 0 0 0 0 0 0 0 0 
0 0 0 0 0 0 0 0 0 0 0 0 0 0 0 0 0 0 0 0 0 0 0 0 0 0 0 0 0 0 0 0 0 0 0 0 0 0 0 0 0 
0 0 0 0 0 0 0 0 0 0 0 0 0 0 0 0 0 0 0 0 0 0 0 0 0 0 0 0 0 0 0 0 0 0 0 0 0 0 0 0 0 
0 0 0 0 0 0 0 0 0 0 0 0 0 0 0 0 0 0 0 0 0 0 0 0 0 0 0 0 0 0 0 0 0 0 0 0 0 0 0 0 0 
0 0 0 0 0 0 0 0 0 0 0 0 0 0 0 0 0 0 0 0 0 0 0 0 0 0 0 0 0 0 0 0 0 0 0 0 0 0 0 0 0 
0 0 0 0 0 0 0 0 0 0 0 0 0 0 0 0 0 0 0 0 0 0 0 0 0 0 0 0 0 0 0 0 0 0 0 0 0 0 0 0 0 
0 0 0 0 0 0 0 0 0 0 0 0 0 0 0 0 0 0 0 0 0 0 0 0 0 0 0 0 0 0 0 0 0 0 0 0 0 0 0 0 0 
0 0 0 0 0 0 0 0 0 0 0 0 0 0 0 0 0 0 0 0 0 0 0 0 0 0 0 0 0 0 0 0 0 0 0 0 0 0 0 0 0 
0 0 0 0 0 0 0 0 0 0 0 0 0 0 0 0 0 0 0 0 0 0 0 0 0 0 0 0 0 0 0 0 0 0 0 0 0 0 0 0 0 
0 0 0 0 0 0 0 0 0 0 0 0 0 0 0 0 0 0 0 0 0 0 0 0 0 0 0 0 0 0 0 0 0 0 0 0 0 0 0 0 0 
0 0 0 0 0 0 0 0 0 0 0 0 0 0 0 0 0 0 0 0 0 0 0 0 0 0 0 0 0 0 0 0 0 0 0 0 0 0 0 0 0 
0 0 0 -39.500267 0 0 0 0 0 0 0 0 0 0 0 0 0 0 0 0 0 0 0 0 0 0 0 0 0 0 0 0 0 0 0 0 0 0 0 0 0 
0 0 -39.500267 0 0 0 0 0 0 0 0 0 0 0 0 0 0 0 0 0 0 0 0 0 0 0 0 0 0 0 0 0 0 0 0 0 0 0 0 0 0 
0 0 0 0 0 0 0 0 0 0 0 0 0 0 0 0 0 0 0 0 0 0 0 0 0 0 0 0 0 0 0 0 0 0 0 0 0 0 0 0 0 
