NCOLS 42
NROWS 41
XLLCORNER 276826.32
YLLCORNER 3833378.9
CELLSIZE 10
NODATA_VALUE -9999
0 0 0 0 0 0 0 0 0 0 87.53897 0 0 0 0 0 0 0 0 0 0 0 0 0 0 0 0 0 0 337.44466 482.10838 0.023972469 0.030214122 0 0 0 0 0 0 0 0 0 
0 0 0 0 0 0 0 0 0 0 0 164.45947 0 0 0 0 0 0 0 0 0 0 0 0 0 0 79.777062 0 0 74.329037 0.051844216 0 0.046278813 0 0 0 0 0 0 0 0 0 
0 0 0 0 0 0 0 0 0 0 0 143.30612 0 0 0 0 0 0 0 0 0 0 0 0 0 495.52598 0 0 520.16291 0.045274439 1.4210855e-14 0 0 0 0 0 0 0 12.08642 0 121.44703 75.428249 
0 0 0 0 0 0 0 0 0 0 0 0 0 0 0 0 0 0 0 0 0 0 0 0 162.13755 155.92586 -1.4210855e-14 0.0022116365 0.0029917447 -2.8421709e-14 0 0 0 0 0 0 0 0 0 0 0 0 
0 0 0 0 0 0 0 0 0 0 0 0 0 0 0 0 0 0 0 0 0 0 0 0 71.82773 0.082175 -1.4210855e-14 0.0278078 3.5527137e-15 0 0 0 0 0 0 0 0 0 0 0 0 0 
0 0 0 0 0 0 0 0 0 0 0 0 0 0 0 0 0 0 0 0 0 0 0 0 75.099076 0 0 0 0 0 0 0 0 0 0 0 0 0 0 0 0 0 
0 0 0 0 0 0 0 0 0 0 0 0 0 0 0 0 0 0 0 0 0 0 0 0 173.18437 0 0 0 0 0 0 0 0 0 0 0 0 0 0 0 0 0 
0 0 0 0 0 0 0 0 0 0 0 0 0 0 0 0 0 0 0 0 0 0 0 0 93.116255 0 0 0 0 0 0 0 0 0 0 0 0 0 0 0 0 0 
0 0 0 0 0 0 0 0 0 0 0 0 0 0 0 0 0 0 0 0 0 0 0 48.243413 0 0 0 0 0 0 0 0 0 0 0 0 0 0 0 0 0 0 
0 0 0 0 0 0 0 0 0 -3.5527137e-15 89.034046 0 0 0 0 0 0 0 0 0 0 0 0 0 118.8851 0 0 0 0 0 0 0 0 0 0 0 0 0 0 0 0 0 
0 0 0 0 0 0 0 0 0 0 96.94783 0 0 0 0 0 0 0 0 0 0 0 0 0 192.45838 17.53806 0 0 0 0 0 0 0 0 0 0 0 0 0 0 0 0 
0 0 -1.4210855e-14 0 0 0 0 0 0 5.3290705e-15 0 0 93.039691 0 0 0 0 0 0 0 0 0 0 0 0 0 0 0 0 0 0 0 0 0 0 0 0 0 0 0 0 0 
171.29109 0 0.026657158 0 126.43392 0.070277449 -1.4210855e-14 0 0 7.1054274e-15 208.83772 0 0 0 0 0 1.5358513 0 0 0 0 0 0 0 0 0 0 0 0 0 0 0 0 0 0 0 0 0 0 0 0 0 
0 0.013137651 0.065959448 0.066924572 280.06078 2765.5867 1024.6918 415.31027 148.60872 541.42666 0 326.69162 1.4210855e-14 0.028014145 1.4210855e-14 15.816125 68.844749 85.580828 0 0 0 0 0.58641796 0 0 0 0 0 0 0 0 0 0 0 0 0 0 0 0 0 0 0 
1.7763568e-15 0 0.02847526 2.8421709e-14 0 0 4.2632564e-14 0.019674337 0.10927663 1.4210855e-14 0.097871407 0.070905418 -2.8421709e-14 0.00057327785 1346.7548 0 0 0 0 0 0 0 19.26803 4.4408921e-16 -1.4210855e-14 0 0 0 0 0 0 0 0 0 0 0 0 0 0 0 0 0 
0 0.022296869 0 1.4210855e-14 1.4210855e-14 -2.8421709e-14 -1.4210855e-14 0.037570024 0.04247233 0.015014917 0.019699848 0.041291388 1.4210855e-14 -4.2632564e-14 406.29045 0 0 0 0 0 0 0 99.640141 191.59259 0 0 0 0 0 0 0 0 0 0 0 0 0 0 0 0 0 0 
0 0 -1.4210855e-14 0 1.4210855e-14 -1.4210855e-14 0.029625993 0.026066358 0 0.0013467214 1.4210855e-14 0.04100489 -4.2632564e-14 2.8421709e-14 183.54889 0 0 0 0 0 0 0 0 63.029743 0 0 0 0 0 0 0 0 0 0 0 0 0 0 0 0 0 0 
0 0.0077057075 0 -1.4210855e-14 -7.7715612e-16 -1.4210855e-14 1.4210855e-14 0 0.027685244 0.016162197 0.014693484 0 0.034074923 1.4210855e-14 1036.7618 0 0 0 0 0 0 0 0 0 0 0 0 0 0 0 0 0 0 0 0 0 0 0 0 0 0 0 
0 0 0 -1.7763568e-15 2.7755576e-17 0 0.033351576 0.051430194 0.036399622 0.045462266 0.024372201 0.014485187 0.0073030041 0.043448623 390.5799 1211.4186 81.467646 101.23927 176.82032 0 0 0 0 0 0 0 0 0 0 0 0 0 0 0 0 0 0 0 0 0 0 0 
0 0 1.4210855e-14 0 56.752876 0 0 0 0 4.4408921e-15 -5.3290705e-15 0 1.4210855e-14 2.8421709e-14 0.044940277 0.055952697 -1.6653345e-15 0.035909089 0.0039391642 350.25217 0 0 0 0 0 0 0 0 0 0 0 0 64.900034 0 3.5527137e-15 0 0 0 0 0 0 0 
0 0 0 0 0 0 0 0 2.1536591 1.4210855e-14 0.0071781874 0.0010097653 0.04424286 0 0.02816693 -2.6645353e-15 1.4210855e-14 0 0.0024013761 396.98521 125.04153 113.02833 171.89996 0 0 0 0 0 0 0 0 0 0 174.66951 0 0 0 0 0 0 0 0 
0 0 0 0 0 0 0 0 174.29705 0 0 -1.4210855e-14 -1.4210855e-14 0.048261278 0 0 0.046289217 1.4210855e-14 1.4210855e-14 0.01554003 168.67569 0.035773482 73.702648 21.449459 0 0 0 0 0 0 0 0 0 187.59937 0 0 0 0 0 0 0 0 
0 0 0 0 0 0 75.173447 18.813522 130.38469 0.033317771 0.0062538885 0 1.4210855e-14 0.0040241496 0 0 1.4210855e-14 0 0 0 0 132.74296 0.018980191 0 0 0 0 0 0 0 0 0 0 163.02681 0 0 0 0 0 0 0 0 
0 0 0 0 0 0 -7.1054274e-15 129.92153 14.768967 7.1054274e-15 -7.1054274e-15 0.063405685 3.5527137e-15 0 0 0 0 0 0 391.51741 0 0.0092428589 101.90165 341.4702 0 0 0 0 0 0 0 0 0 143.19675 0 0 0 0 0 0 0 0 
0 0 0 0 0 0 0 -3.5527137e-15 0 1.4210855e-14 1.4210855e-14 0 0 0 0 0 0 0.028649279 0 0 480.50407 55.467898 288.69206 0.068055056 679.00131 0 0 0 0 0 0 0 0 44.926116 0 0 0 0 0 0 0 0 
0 0 0 0 0 0 -7.1054274e-15 0 0 0 0.01452203 0 0 0 11.410506 0 0 1.4210855e-14 0 -4.2632564e-14 -1.0658141e-14 0.035462972 0.038659253 0.10582147 611.85942 0 0 0 0 0 0 0 0 0 0 0 0 0 0 0 0 0 
0 0 0 0 0 0 0 0 0 0 0 0 0 0 0 0 -1.4210855e-14 1.4210855e-14 0 0 0.063214326 0.012642219 0.03372174 0.023566115 364.48043 0 0 0 0 0 0 0 0 0 0 0 0 0 0 0 0 0 
0 0 0 0 0 0 0 0 0 0 0 0 0 0 0 0 0 0 0 0 1.4210855e-14 0 0.038256614 0.23506617 180.67033 0 0 0 0 0 0 0 87.113628 0 0 0 0 0 0 0 0 0 
91.255297 0 0 0 0 0 0 0 0 0 0 0 0 0 0 0 0 0 0 0 0 0.045463768 0.021351817 0 74.469226 0 0 0 0 18.552737 0 0 132.39079 0 0 0 0 0 0 0 0 0 
0 185.7989 104.95599 0 0 1.4210855e-14 0 0 0 0 0 0 0 0 0 0 0 0 0 0 0.029810905 0.024097912 -1.4210855e-14 0.050550873 212.15335 0 0 0 -1.4210855e-14 147.39882 0 0 171.52401 0 0 0 0 0 0 0 0 0 
0 0 0 0 0.013618614 0 0 0 0 0 0 0 -1.4210855e-14 0 0 0 0 0.47460081 0 0 9.4368957e-16 0 0 0 338.62861 0 0 0 0 189.53116 0 0 142.92756 0 0 0 0 0 0 0 0 0 
0 0 0 0.097802405 23.88398 0.048531536 0 0 0 0 0 0 0.026064346 0 -1.4210855e-14 -1.4210855e-14 0 0 0 0 0.047248794 0.0078364787 0 133.45652 0 0 0 0 -1.4210855e-14 157.29188 0 0 36.770158 0 0 0 0 0 0 0 0 0 
0 0.026973239 0.036420621 0.25128652 711.56858 715.69159 425.82892 252.97231 379.50788 0.070219111 1.4210855e-14 0 0 1.4210855e-14 0 0 1.4210855e-14 0.011558283 0 1.4210855e-14 1.4210855e-14 0 0.010669651 9.000714 0 0 0 0 0 162.40183 0 0 0 0 0 0 0 0 0 0 0 0 
0 0 -1.2212453e-15 0 0 0.042266578 0.046232736 -1.5543122e-15 -1.9151347e-14 0.010765976 0.07669933 0.16080825 52.237097 0 -1.4210855e-14 1.4210855e-14 1.4210855e-14 0 0.014983867 1.4210855e-14 1.4210855e-14 7.1054274e-15 6.8833828e-15 155.99415 0 0 0 0 0 127.38054 0 0 0 0 0 0 0 0 0 0 0 0 
0 0.074280323 0 0 0 1.3877788e-17 -1.4210855e-14 -1.4210855e-14 0.00039085445 0.0032720803 0.037863967 154.69371 0.3162678 0.12307611 340.43834 1066.2902 337.7395 183.51275 101.53466 11.396294 120.74565 246.75997 0 92.875222 0 0 0 0 0 135.07539 0 0 0 0 0 0 0 0 0 0 0 0 
0 0.033135431 1220.3451 0.041871094 -5.3290705e-15 0 -4.2632564e-14 1.4210855e-14 0.0098271691 0.037179712 0.013933559 0.068035639 0 0.14546658 1360.3333 4282.1144 0 555.48796 105.24189 171.84905 10.492389 0 293.42588 26.660133 0 0 0 0 332.35715 39.498644 0 0 0 0 0 0 0 0 0 0 0 0 
0 0 0.029504809 0 3.5527137e-15 2.8421709e-14 -1.4210855e-14 0 0.022890796 0.081122142 0.11297691 -2.8421709e-14 1.4210855e-14 2.8421709e-14 1.4210855e-14 0 1.4210855e-14 0 1.4210855e-14 192.79351 0 0 0 0 0 0 -4.7184479e-16 0 194.50298 0 0 0 0 0 0 0 0 0 0 0 0 0 
0 0 1.4210855e-14 0 -1.4210855e-14 0 0 1.4210855e-14 2.8421709e-14 0 1.4210855e-14 0 1.4210855e-14 1.4210855e-14 0 0.0040187422 -2.8421709e-14 0.024003137 0.0184163 0.039675954 10.74612 0 0 0 0 0 0 0.17399738 0 0 0 0 0 0 0 0 0 0 0 0 0 0 
0 0 -1.4210855e-14 0 0 -1.4210855e-14 0 0 0 -1.4210855e-14 0 0 1.4210855e-14 -1.4210855e-14 0 0.039511802 0.0020594579 -2.220446e-16 16.572416 0 0 0 0 0 0 0 0 0 0 0 0 0 0 0 0 0 0 0 0 0 0 0 
18.384482 0 0 -1.4210855e-14 0 0 0 0 0 0 0 0 0 0 0 1.4210855e-14 1.4997348 0 0 0 0 0 0 0 0 0 0 0 0 0 0 0 0 0 0 0 0 0 0 0 0 0 
0 31.901598 0 0 0 0 0 0 0 0 0 0 0 0 0 0 82.766973 0 0 0 0 0 0 0 0 0 0 0 0 0 0 0 0 0 0 0 0 0 0 0 0 0 
