NCOLS 44
NROWS 39
XLLCORNER 276816.32
YLLCORNER 3833388.9
CELLSIZE 10
NODATA_VALUE -9999
0 0 0 0 0 0 0 0 0 0 0 26.292828 0 0 0 0 0 0 0 0 0 0 0 0 0 0 0 0 1.200166 0 63.654891 0.0035460826 0 3.5527137e-15 0 0 0 0 0 0 0 0 4.6150589 0 
0 0 0 0 0 0 0 0 0 0 0 0.0020232962 31.752564 0 0 0 0 0 0 0 0 0 0 0 0 0 165.53813 0 0 150.29797 3.5527137e-15 0.013056687 0 0 0 0 0 0 0 0 0 3.779703 0 33.653233 
0 0 0 0 0 0 0 0 0 0 0 0 67.76908 0 0 0 0 0 0 0 0 0 0 0 0 47.142558 44.076535 -7.1054274e-15 0 0.018265651 0.038140333 0 0 0 0 0 0 0 0 0 0 0 0 0 
0 0 0 0 0 0 0 0 0 0 0 0 0 0 0 0 0 0 0 0 0 0 0 0 0 20.657906 0.049312702 0.013225696 0.0080165708 -8.8817842e-16 0 0 0 0 0 -3.5527137e-15 0 36.428301 34.721659 0.015015798 0 0 28.730479 0 
0 0 0 0 0 0 0 0 0 0 0 0 0 0 0 0 3.9183255 0 0 0 0 0 0 0 0 21.683064 0 -3.5527137e-15 0 0 26.229918 0 0 0 3.7838664 42.668007 53.12859 0 0 37.435789 54.97116 29.769063 0 0 
0 0 0 0 0 0 0 0 0 0 0 0 0 0 0 8.6230737 0 44.825642 0 0 0 0 0 0 0 50.093118 0 0 0 3.2457781 14.341638 0 0 0 0 0 0 0 0 0 0 49.78842 41.276435 0 
0 0 0 0 0 0 0 0 0 0 0.47974368 0 0 0 0 0 0.019147499 39.86487 0 0 0 0 26.36048 0 0 26.889174 0 0 0 10.413556 0 0 24.356288 0 0 0 0 0 0 0 0 0 0 0 
0 0 0 0 0 0 0 0 0 0 0 37.803513 0 0 0 0 38.113117 0 0 0 0 26.21937 0 9.2584591 13.912266 3.5527137e-15 0 0 0 0 52.31186 33.254048 0 0 0 0 0 0 0 0 0 0 0 0 
0 0 0 0 0 0 0 0 0 0 0 49.545756 0 0 0 0 0 0 0 0 0 0 9.3995693 0 0 56.27051 0 0 0 0 0 0 0 0 0 0 0 0 0 0 0 0 0 0 
0 0 0 0 0 0 0 0 0 0 0 32.167861 0 0 0 0 0 0 0 0 0 0 0 0 0 55.546957 38.95364 0 0 0 0 0 0 0 0 0 0 0 0 0 0 0 0 0 
0 0 0 -3.5527137e-15 0 0 0 0 0 0 3.5527137e-15 2.7986429 0 26.316532 0 0 0 0 0 0 0 0 0 0 0 0 3.4706903 0 0 0 0 0 0 0 0 0 0 0 0 0 0 0 0 0 
58.31959 0 0.072718778 0.094761872 0.10639741 59.7528 0.020752626 0.018504476 0.028664988 0 27.491381 58.951422 0 0 0 0 0 0.44544584 0 0 0 0 0 0 0.71960031 0 0 0 0 0 0 0 0 0 0 0 0 0 0 0 0 0 0 0 
3.5527137e-15 0.030577655 0.025775266 0.081091992 0.081776138 81.090333 1121.8066 316.98596 119.06108 68.149684 158.36175 0 93.469845 3.5527137e-15 0 3.5527137e-15 4.5574063 19.709898 24.817698 0 0 0 0 3.7569805 0 0 0 0 0 0 0 0 0 0 0 0 0 0 0 0 0 0 0 0 
0 -3.5527137e-15 0.016068062 0.018454986 0.055011957 3.5527137e-15 7.1054274e-15 0.048317746 0.043898294 0.059248948 0.036631585 3.5527137e-15 0.040754328 0 0.036928789 423.35275 0 0 0 0 0 0 0 57.011453 -7.1054274e-15 0 0 0 0 0 0 0 0 0 0 0 0 0 0 0 0 0 0 0 
0 3.5527137e-15 0.013651661 0.041913207 0.039491719 1.0658141e-14 3.5527137e-15 0.040796746 0.029232297 0.019622388 0.047386318 0.023799121 0.015738625 0.051583636 -1.4210855e-14 118.84388 0 0 0 0 0 0 0 53.777178 84.049987 7.1054274e-15 0 0 0 0 0 0 0 0 0 0 0 0 0 0 0 0 0 0 
0 0 0.038112128 0 0 -1.0658141e-14 0.072704893 0.062813865 0 0 0 0 0.052352322 0.027013551 3.5527137e-15 53.585678 0 0 0 0 0 0 0 0 55.051039 0 11.475554 0 0 0 0 0 0 0 0 0 0 0 0 0 0 0 0 0 
0 0 0.0022185884 0 3.5527137e-15 0 0.049411415 0 0 0.020826714 0.012226287 -3.5527137e-15 0.028283939 7.1054274e-15 -1.0658141e-14 674.52497 0 0 0 0 0 0 0 0 0 6.1423438 0 0 0 0 0 0 0 0 0 0 0 0 0 0 0 0 0 0 
0 0 0 0 0.024409939 3.469447e-17 0 0.072710208 0.10845202 0.050224026 0.059204777 0.013687783 0.010069673 0.0059903334 0.0050892906 182.39249 713.24694 53.38356 33.664611 50.606499 0 0 0 0 0 0 0 0 0 0 0 0 0 0 0 0 0 0 0 0 0 0 0 0 
0 0 0 0 0 16.509906 0 0 0 0 0 7.1054274e-15 0 0.015175078 0.043059104 0.085942502 0.11484027 -3.5527137e-15 0.010421095 0 98.040051 0 0 0 0 0 0 0 0 0 0 0 0 39.768505 0 0 0 0 0 0 28.34703 0 0 0 
0 0 0 37.261479 0 0 0 0 0 2.8306808 0.77034016 0.0020625112 0.03675263 0.15266371 0.2717973 0.35542087 0 0.027151963 0.040380231 0.017699172 121.46137 36.006034 32.298121 47.905081 0 0 0 0 0 0 0 0 0 0 58.608583 3.5527137e-15 0 0 0 26.553063 0 9.7971665 0 0 
0 0 0.96373718 0 0 0 1.1028739 0 -3.5527137e-15 50.519436 2.7755576e-17 0.032832355 0.038086702 0.12699074 0.087011055 0 0 0.05011118 3.5527137e-15 0.029912308 0.041981996 54.14813 0.069480061 34.318083 30.557692 0 0 0 0 0 0 0 0 0 52.000973 0 0 0 0 0 28.303495 0 24.657007 0 
0 0 0 0 9.3466282 0 31.203301 100.15258 5.4402103 37.79132 0.012079763 0.036110363 0 0.091344722 0.0035733542 0 0.90534961 0.028461056 0.0015404718 0 0 -1.0658141e-14 53.444995 0.086076682 0 0 0 0 0 0 0 0 0 0 46.727383 0 0 0 0 0 2.3714354 22.801911 0 0 
0 0 0 0 0 0 -3.5527137e-15 -3.5527137e-15 62.79479 4.2805411 0 4.4408921e-15 0.044134502 0.053424432 0 0 0.034287071 0.02657278 0 3.5527137e-15 122.84762 0 0 54.809745 123.58961 0 0 0 0 0 0 0 0 0 50.404602 0 0 0 0 0 0 0 0 0 
0 0 0 0 0 0 0 -3.5527137e-15 0 -3.5527137e-15 3.5527137e-15 0.034830911 0 0 0 0 0 0 0.0083008024 -7.1054274e-15 0 167.64475 15.109008 102.03226 0.1103247 245.24248 0 0 0 0 0 0 0 0 57.209373 0 0 0 0 0 0 0 0 0 
0 0 0 0 0 0 0 0 27.078251 0 0 0.0041992615 0 0 0 3.2829129 0 0.035709728 0 0 -7.1054274e-15 0 38.806728 0.11768707 0.078821157 212.77362 0 0 0 0 0 0 0 0 0 12.063039 0 0 0 0 0 0 0 0 
0 0 0 0 5.820703 0 0 36.476055 0 0 0 0 0 0 0 0 0 3.5527137e-15 -3.5527137e-15 -7.1054274e-15 0.050027612 0 0.051230045 0.068294042 0.040448216 109.16596 0 0 0 0 0 0 0 0 0 0 0 0 0 0 0 0 0 0 
0 0 0 0 0 0 0.065865921 0 0 0 0 0 0 0 0 0 0 0 -3.5527137e-15 3.5527137e-15 0 3.5527137e-15 0.021109797 0.12413482 0.11712401 51.761206 0 0 0 0.3343059 0 0 0 24.732498 0 0 0 0 0 0 0 0 0 0 
0 0 -3.5527137e-15 -7.1054274e-15 3.5527137e-15 3.1487393 0 0 0 0 0 0 0 0 0 0 0 0 3.5527137e-15 -3.5527137e-15 0 0.01848834 0.042029569 0.03546457 0.015272741 20.953783 0 0 0 0.038886409 50.981333 0 0 37.879547 0 0 0 0 9.4805609 0 33.426983 0 0 0 
21.450165 0 66.493629 68.225051 0.022736833 0 0 0 0 0 0 0 0 0 0 0 0 0 0 0 0.033019999 0.045857914 0.028298079 0.034259426 0.045624092 60.353922 0 0 0 0 62.457502 0 0 49.573991 3.5527137e-15 0 0 0 0.64365855 32.910277 0 0 0 0 
0 44.636917 0 0 0.024773933 3.5527137e-15 0.056733404 0 0 0 0 0 0 0 0 0 0 0 0.24925229 0 0 0 0 -3.5527137e-15 0 146.76796 0 0 0 0 53.823639 0 0 54.273123 -3.5527137e-15 0 0 0 0 0 0 0 0 0 
0 0 0 0.024660397 0.094700989 8.851276 0.13007722 0 0.037695619 0 0 0 0 0.0070709384 0 0 0 0.020882774 0 0 0.013701369 0 0.031537033 0 69.927914 0 0 0 0 0 45.608385 0 0 54.2962 0 10.17128 0 0 0 0 0 0 0 0 
0 17.715624 0.00025466802 0.079315739 0.090117882 481.18996 372.47653 175.72683 76.609226 178.99228 0.036795358 7.1054274e-15 -3.5527137e-15 0 0.094778186 0 0 0 0.023547078 0 0 -3.5527137e-15 0 0.0030790794 12.231101 0 0 0 0 0 47.091414 0 0 0 3.6865373 0 0 0 0 0 0 0 0 0 
15.988191 0.00027386261 7.1054274e-15 0.1253955 20.276263 34.857453 0.027619575 3.5527137e-15 0.058448433 0.033679374 0.049254316 0.074217079 0.23361451 19.089376 0 0 3.5527137e-15 0.038376591 0.012358652 0.013685572 3.5527137e-15 0 0 0.028842793 48.9029 0 0 0 0 0 36.892874 0 0 0 0 0 0 0 0 0 0 0 0 0 
0 -7.1054274e-15 23.016066 18.253459 0 0 -3.5527137e-15 -3.5527137e-15 -3.5527137e-15 0 3.5527137e-15 0.22756123 44.872728 0.052847343 0.097371243 99.050477 334.37102 97.807777 53.065844 29.306779 3.2919497 59.775781 76.04061 0 27.667318 0 0 0 0 0 39.053302 0 0 0 0 0 0 0 0 0 0 0 0 0 
3.5527137e-15 -3.5527137e-15 0.0091536912 375.67665 0.0097744806 -7.1054274e-15 0 0.030209843 0 0.041826679 0.027258385 0 0.070944107 -3.5527137e-15 0.095476656 452.08563 1224.8806 0 177.35756 30.51089 35.543099 3.0257835 0 79.758374 7.8350061 0 0 0 0 96.51019 11.415396 0 0 0 0 0 0 0 0 0 0 0 0 0 
0 0 0 0.015034583 -3.5527137e-15 0 3.5527137e-15 0 0 0.0066311143 0.056914958 0.11216023 -3.5527137e-15 -3.5527137e-15 7.1054274e-15 0.027972987 3.5527137e-15 -7.1054274e-15 1.0658141e-14 0.087218798 94.47717 0 0 0 0 0 0 0 3.5527137e-15 62.375261 0 0 0 0 0 0 0 0 0 0 0 0 0 0 
0 0 -3.5527137e-15 0 -1.0658141e-14 0 0 0 0 0 0 -3.5527137e-15 0 -3.5527137e-15 -7.1054274e-15 0 0.038314763 0.050181017 -3.5527137e-15 0.042103623 18.489049 6.8712292 0 0 0 0 0 0 27.566132 0 0 0 0 0 0 0 0 0 0 0 0 0 0 0 
0 0 0 0 -3.5527137e-15 0 0 0 0 0 3.5527137e-15 0 0 -3.5527137e-15 0 -7.1054274e-15 0.011418919 3.5527137e-15 0.049499261 42.62416 0 0 0 0 0 0 0 0 0 0 0 0 0 0 0 0 0 0 0 0 0 0 0 0 
0 0 0 0 0 0 0 0 0 0 0 0 0 0 0 0 0 21.61739 0 0 0 0 0 0 0 0 0 0 0 0 0 0 0 0 0 0 0 0 0 0 0 0 0 0 
