NCOLS 88
NROWS 54
XLLCORNER 677881.89
YLLCORNER 4378214.9
CELLSIZE 10
NODATA_VALUE -9999
0 0 -26.555146 -26.229843 0 -28.156665 -26.236565 -26.327963 -27.601241 -34.731017 -26.217862 -30.122293 -30.114778 -26.904044 -26.236515 -26.628063 -26.505985 -26.459897 -26.354894 -26.73337 -27.631333 -27.780631 -26.45243 -26.658098 -26.760299 -26.867556 -26.357479 -26.886642 -26.626842 -26.50102 -26.382397 -39.513846 -32.511157 -27.720781 -26.758434 -27.923211 -29.076275 -29.467951 -28.181835 -28.121974 -28.029564 -27.520343 -26.612884 -26.632818 -26.671011 -26.896361 -31.807926 -39.491443 -30.20055 -26.343126 -27.672805 -27.813976 -27.199547 -26.670294 -32.00961 -33.535775 0 -27.483183 -36.873655 -38.278809 -31.225988 -26.695226 -27.467933 -28.285363 -30.790054 -28.439785 -39.539118 -39.521423 0 -39.447953 -39.462935 -39.444943 -39.517077 -30.041825 -39.517841 -35.968954 -32.146408 -27.28711 -27.91673 -27.418305 -27.574982 -29.349093 -31.479386 -39.477667 0 0 0 0 
0 -26.698637 -26.329794 -26.256165 -26.229843 -26.957754 -26.326786 -26.196812 -26.196812 -27.601241 -26.256982 -26.217862 -26.40883 -26.992719 -26.211156 -26.236515 -26.482202 -26.505985 -26.459897 -26.354894 -26.522744 -26.440165 -26.308052 -26.45243 -26.658098 -26.760299 -26.36785 -26.357479 -26.637645 -26.599486 -26.299072 -26.382397 -27.182081 -26.708373 -26.346519 -26.239787 -26.39444 -26.594606 -26.801928 -26.864234 -27.867563 -27.065855 -26.72732 -26.612884 -26.632818 -26.671011 -26.896361 -31.807926 -27.557268 -26.593683 -26.343126 -27.375349 -27.199547 -26.558374 -26.670294 -27.344302 -27.900269 -26.497289 -26.588359 -26.978474 -26.858024 -26.323651 -26.436462 -26.595956 -26.498464 -26.580401 -26.509319 -27.483956 -27.394297 -27.572567 -30.713778 -39.462935 -39.444943 -32.044351 -30.041825 -30.747491 -28.452674 -26.745531 -27.196368 -27.554586 -27.418305 -27.574982 -28.81591 -29.312716 -30.036765 -29.354568 -27.856349 0 
-30.736531 -26.428466 -26.410316 -26.329794 -26.256165 -26.927449 -26.549068 -26.239071 -26.196812 -31.854631 -26.347623 -26.261054 -26.313879 -27.776426 -26.263124 -26.211156 -26.44661 -26.482202 -26.350539 -26.396199 -26.402846 -26.457752 -26.396338 -26.308052 -26.611721 -26.837302 -26.385968 -26.36785 -26.80453 -26.637645 -26.263591 -26.299072 -26.765586 -26.483307 -26.239787 -26.239065 -26.300134 -26.312488 -26.373598 -26.451218 -27.768353 -27.803395 -27.065855 -26.72732 -27.213152 -27.882988 -27.152445 -26.939064 -27.214065 -26.97979 -26.326271 -26.626947 -26.47255 -26.558374 -26.558374 -27.900269 -27.105209 -26.588359 -26.540962 -26.547935 -27.26009 -26.436462 -26.595956 -26.498464 -26.580401 -26.509319 -26.471888 -27.257913 -27.572567 -28.653052 -29.095533 -39.129609 -39.488795 -27.786409 -27.54787 -27.248519 -27.064598 -26.558733 -26.745531 -27.196368 -27.554586 -29.945726 -33.050807 -30.036765 -29.354568 -27.856349 -27.194215 0 
-26.800194 -26.399778 -26.428466 -26.410316 -26.376252 -27.177026 -26.669419 -26.3026 -26.239071 -27.419911 -26.900079 -26.330955 -26.261054 -27.91673 -26.316209 -26.237361 -26.267047 -26.669022 -27.000642 -26.350539 -26.396199 -26.402846 -26.457752 -26.396338 -26.697126 -26.555283 -26.371746 -26.385968 -26.608259 -26.632092 -26.283137 -26.263591 -26.683509 -26.588958 -26.239065 -26.300134 -26.312488 -26.373598 -26.451218 -26.425221 -27.067165 -29.453112 0 -31.779667 -39.484792 -39.106735 -26.68644 -27.100306 -27.175126 -26.893098 -26.273185 -26.326271 -26.398486 -26.47255 -26.558374 -27.105209 -27.012674 -26.458384 -26.492934 -26.407951 -27.122636 -26.608276 -26.567086 -26.639434 -26.643665 -26.471888 -26.503648 -27.137976 -27.72352 -29.095533 -29.43943 -35.368907 -29.623301 -27.136772 -27.371671 -27.476094 -27.248519 -27.046579 -26.558733 -27.465741 -29.495901 -39.4875 -32.021773 -29.159671 -28.6428 -27.194215 -27.212175 0 
-26.911714 -26.800194 -26.399778 -26.542992 -26.485835 -27.966841 -27.177026 -26.397805 -26.3026 -30.911769 -27.419911 -26.330955 -26.30456 -33.612023 -27.436175 -26.274451 -26.237361 -28.376989 -29.67283 -26.819367 -27.522394 -27.140737 -26.974713 -26.614386 -26.643646 -26.620466 -26.555283 -26.371746 -26.660718 -26.608259 -26.376427 -26.283137 -27.344702 0 -26.523083 -26.677782 -26.682414 -26.630221 -26.425221 -26.723288 -27.964102 -29.797669 -39.488501 -29.248817 -27.716181 -27.172014 -26.497947 -26.68644 -26.62276 -26.4616 -26.20521 -26.273185 -26.357961 -26.398486 -26.9946 -39.489972 -26.458384 -26.492934 -26.407951 -26.32303 -26.858938 -26.567086 -26.639434 -26.538805 -26.871105 -26.503648 -26.548815 -26.553621 -27.059649 -27.422327 -27.664785 -28.985782 -28.49718 -27.711495 -27.136772 -27.371671 -27.476094 -27.761178 -27.046579 -31.348244 -31.205162 -28.679829 -29.159671 -28.319341 -27.539949 -27.212175 -26.755969 0 
-27.816458 -26.911714 -27.024256 -26.651826 -26.542992 0 -30.254394 -26.404724 -26.3026 -29.149969 -28.209447 -26.30456 -26.243035 -28.601673 -27.209835 -26.258276 -26.230195 -27.4128 -27.257703 -26.937465 -26.580864 -39.486146 -36.098307 -26.769108 -27.360837 -26.643646 -26.620466 -26.567143 -26.669598 -26.660718 -26.856169 -26.376427 -27.216224 0 -27.565695 -26.981281 -26.65735 -26.535405 -26.594512 -26.509457 -27.799944 -27.950186 -26.98548 -26.797649 -26.904298 -27.017835 -26.476179 -26.497947 -26.461062 -26.454388 -26.240864 -26.20521 -26.392881 -26.924259 -27.53785 -27.391632 0 -27.445465 -26.32303 -26.858938 -26.820797 -26.938518 -26.538805 -26.570224 -27.154921 -26.548815 -26.553621 -26.647562 -27.278652 -27.27016 -27.135914 -27.257843 -28.365777 -28.49718 -27.711495 -36.988189 -39.531168 -27.27317 -27.79308 -28.417212 -27.987101 -26.799174 -26.969979 -26.89218 -26.670334 -26.669657 -26.513001 -30.607455 
0 -27.816458 -39.499679 -26.587058 -26.600651 -30.447205 -26.885251 -26.3026 -26.255238 -28.209447 -27.95661 -26.243035 -26.220588 -26.617073 -26.673414 -26.230195 -26.276603 -27.212435 -27.004203 -26.580864 -26.38108 0 0 -26.869628 -26.769108 -27.612913 -27.056425 -26.819992 -26.567143 -27.441771 -27.58438 -26.28604 -26.519447 -27.444909 -27.224008 -26.65735 -26.48475 -26.472362 -26.375401 -26.272881 -26.670971 -27.001885 -27.169827 -26.98548 -26.797649 -26.904298 -26.491388 -26.476179 -26.592265 -26.461062 -26.316515 -26.240864 -26.831686 -27.598745 -26.757212 -27.53785 -27.445465 -27.333184 -26.601451 -26.820797 -26.952942 -27.025792 -26.570224 -26.555023 -27.821736 -27.511991 -26.647562 -26.963931 -27.27016 -27.135914 -27.257843 -27.402615 -28.110483 -28.449746 -28.628641 -27.983783 -27.851932 -27.800231 -27.27317 -27.326992 -27.07015 -26.519962 -26.799174 -26.670334 -26.669657 -26.513001 -26.415889 -27.933544 
0 0 0 -26.600651 -26.477004 -36.571302 -26.767277 -26.255238 -26.22115 -28.808901 -27.448154 -26.220588 -26.230171 -26.521898 -26.686524 -26.276603 -26.250507 -27.004203 -26.994031 -26.38108 -26.303332 -27.866019 0 -26.904479 -26.646079 0 -27.778806 -26.902201 -27.205634 -28.156047 -26.888737 -26.264088 -26.28604 -26.776063 -27.153033 -26.48475 -26.472362 -26.375401 -26.272881 -26.33606 -26.348445 -26.616702 -26.721346 -27.049011 -27.393694 -27.53806 -26.580684 -26.491388 -26.664707 -26.629676 -26.409126 -26.316515 -27.258615 -26.956536 -26.528732 -26.757212 -27.333184 -26.601451 -26.619139 -26.269316 -27.025792 -27.059102 -26.555023 -26.488009 -27.166381 -27.512801 -26.963931 -27.688575 -27.794363 -27.707352 -27.402615 -27.590409 -27.945982 -27.400961 -26.879627 -26.8704 -26.979068 -26.940551 -26.508218 -26.755286 -26.708818 -26.68736 -26.519962 -26.733418 -26.603704 -26.415889 -26.484927 -26.989633 
-27.951696 -26.608259 -32.551414 -26.477004 -26.394399 -26.430592 -27.239741 -26.22115 -26.226772 -34.343685 -27.495163 -26.230171 -26.244007 -26.533368 -26.620125 -26.250507 -26.191145 -27.068883 -26.787627 -26.303332 -26.282737 -26.927068 -27.437089 -26.646079 -26.528584 -28.180628 -28.326513 -26.755387 -26.565424 -30.499515 -27.330199 -26.26317 -26.264088 -26.588513 -26.776063 -26.554097 -26.748597 -26.519459 -26.33606 -26.348445 -26.616702 -26.721346 -26.930201 -27.481034 -27.344943 -27.836411 -26.607408 -26.580684 -26.816669 -26.735665 -26.444666 -26.409126 -26.916527 -26.963972 -26.405342 -26.528732 -27.017468 -26.619139 -26.269316 -26.231083 -26.567186 -26.876144 -26.488009 -27.166381 -27.060446 -27.10321 -27.279159 -27.610956 -29.051586 -28.51583 -27.212826 -26.914447 -26.835071 -26.948736 -26.779548 -26.801957 -26.730238 -26.617293 -26.439223 -26.508218 -26.755286 -26.708818 -26.68736 -26.910683 -26.701983 -26.484927 -26.450452 -28.12876 
-26.858217 -26.608587 0 -26.394399 -26.430592 -26.347784 0 -26.226772 -26.271937 -26.338754 -28.394643 -26.244007 -26.249676 -26.570873 -26.589512 -26.191145 -26.18698 -26.752692 -26.900797 -26.282737 -26.300706 -26.835133 -26.716832 -26.528584 -26.441975 -28.02127 -27.886608 -26.53724 -26.374914 -34.291575 -32.253703 -26.302503 -26.26317 -26.644879 -26.991455 -27.110757 -26.519459 -26.538278 -26.383274 -26.338998 -26.31138 -26.831778 -27.730524 -33.543331 -34.16558 -28.857625 -28.04508 -26.607408 -26.858155 -26.820947 -26.837706 -26.444666 -26.970021 -26.916527 -26.370678 -26.405342 -26.721576 -26.443565 -26.231083 -26.190861 -26.427549 -26.623018 -26.709063 -27.060446 -27.10321 -27.034965 -27.257913 -27.736382 -31.800463 -28.483168 -26.862912 -26.835071 -26.917085 -26.959097 -26.831839 -26.779548 -26.801957 -26.730238 -26.617293 -26.439223 -26.697255 -26.795848 -26.885598 -27.023977 -26.932353 -26.450452 -26.484968 -27.033466 
-26.760853 -26.586448 0 -28.592707 -26.347784 -26.36417 0 -26.271937 -26.338754 -26.405306 -39.534337 -26.249676 -26.31493 -26.2422 -26.628588 -26.18698 -26.203008 -26.646412 -26.89972 -26.300706 -26.519734 -26.716832 -26.706289 -26.441975 -26.35697 -27.835814 -27.953562 -26.374914 -26.390185 -28.150091 -26.973745 -26.335895 -26.28509 -28.871806 -28.458017 -27.131869 -26.634063 -26.383274 -26.338998 -26.31138 -26.22204 -26.306938 -26.403834 -26.593153 -27.088525 -27.415192 -27.655383 -26.586052 -26.987766 -26.858155 -26.914781 -26.489311 -26.961057 -26.970021 -27.052582 -26.370678 -27.734514 -26.659926 -26.190861 -26.243017 -26.28781 -26.383326 -26.549951 -26.425622 -27.034965 -27.257913 -26.799882 -26.767017 -28.808901 -27.797936 -26.822862 -26.862912 -27.002286 -26.969104 -26.988026 -26.831839 -26.928174 -26.916862 -26.985136 -26.757975 -27.279376 -27.409712 -26.566062 -26.685773 -26.731682 -26.484968 -26.312995 -26.627559 
-26.737203 -26.700371 0 0 -26.36417 -26.42119 0 0 -26.405306 -26.513584 0 -26.31493 -26.2422 -26.293129 -26.645857 -26.203008 -26.217715 -26.225008 -26.833591 -26.519734 -26.564731 -26.706289 -26.7482 -26.35697 -26.303496 -27.213739 -27.511484 -26.390185 -26.409015 -26.973745 -26.92188 -26.28509 -26.238401 -28.576723 -39.484439 -26.645764 -27.131869 -26.667301 -26.353925 -26.22204 -26.306938 -26.403834 -26.420194 -26.423323 -26.459532 -26.810277 -27.415192 -26.698875 -26.586052 -27.08304 -27.187305 -26.524798 -26.489311 -27.218786 -26.944883 -26.403451 -32.004152 0 -26.243017 -26.28781 -26.268078 -26.381673 -26.425622 -26.394013 -26.94774 -26.799882 -26.767017 -26.935716 -28.996087 -28.287605 -26.864168 -26.822862 -27.212565 -27.062243 -26.988026 -27.318542 -27.939127 -29.595021 -27.302787 -27.633694 -28.014414 -27.995711 -26.520609 -26.566062 -26.685773 -26.467073 -26.248147 -26.462209 
-26.867556 -26.867556 0 0 -26.32845 -26.39999 -31.054777 -39.505559 -26.550676 -26.543777 0 0 -26.293129 -26.329553 -26.738167 -26.217715 -26.225008 -26.236788 -26.928976 -26.564731 -26.332172 -26.394743 -26.760299 -26.303496 -26.298479 -26.288815 -27.156282 -26.409015 -26.407156 -26.92188 -26.642803 -26.238401 -26.216527 -27.019766 -27.158895 -26.694295 -26.632464 -35.284119 -27.547657 -26.425839 -26.502113 -26.420194 -26.423323 -26.459532 -26.681857 -26.816256 -27.354955 -26.576045 -26.698875 -27.028363 -27.178994 -26.584731 -26.524798 -26.635115 -26.509584 -26.380124 -26.403451 -32.004152 -26.424741 -26.268078 -26.315701 -26.441767 -26.394013 -26.42819 -26.608719 -27.405148 -26.935716 -39.45285 -33.229225 -29.665672 -26.743738 -26.864168 -27.268019 -27.212565 -27.357073 -27.417414 -29.595021 -31.705156 -28.437575 -27.302787 -27.856807 -27.374261 -26.434956 -26.520609 -26.956333 -26.904914 -26.2836 -26.565972 
-27.195734 -27.102833 0 -29.023379 -26.298834 -26.32845 -28.276299 -31.054777 -26.728635 -26.632109 0 0 -26.329553 -26.381531 -27.046579 -26.68011 -26.236788 -26.24619 -26.808796 -26.332172 -26.394743 -26.39323 -28.389572 -26.298479 -26.288815 -26.305385 -27.11592 -26.407156 -26.399212 -26.423744 -26.601451 -26.216527 -26.209773 -26.841516 -26.883311 -26.511443 -26.348364 0 0 -26.840764 -26.653259 -26.544433 -26.478836 -26.536359 -26.645617 -28.686208 -28.942572 -26.889928 -26.576045 -26.857209 -27.378878 -26.461978 -26.444027 -26.366405 -26.392335 -26.32291 -26.380124 -28.374988 -27.170859 -26.315701 -26.333784 -26.411311 -26.350871 -26.439873 -26.49707 -28.300898 -28.843942 -39.44748 0 -33.229225 -26.56916 -26.743738 -26.676664 -26.878087 -26.939651 -26.6003 -26.764885 -26.927411 -26.905423 -26.741782 -26.69732 -26.760068 -26.405444 -26.434956 -27.235195 -39.504383 -26.508986 -27.561474 
-26.788728 -27.195734 -27.52445 -26.835751 -26.281889 -26.298834 -27.6925 -32.348696 -27.023791 -26.910243 0 0 -26.43499 -26.41302 -28.425525 -26.680726 -26.24619 -26.273586 -26.937076 -26.868558 -26.39323 -26.34967 -35.877335 -28.669369 -26.305385 -26.444149 -27.569614 -26.399212 -26.423744 -26.431456 -26.709888 -26.209773 -26.206587 -26.222328 -27.059848 -26.348364 -26.287626 -34.075013 0 -27.27238 -26.544433 -26.478836 -26.44926 -26.360915 -26.34921 -27.345183 -30.03821 -27.223212 -26.889928 -27.817336 -27.488654 -26.251928 -26.308735 -26.357893 -26.366405 -26.355447 -26.32291 -27.206472 -26.950454 -26.333784 -26.348558 -26.350871 -26.439873 -26.361383 -26.2933 -26.938166 -28.294115 -35.272676 0 -26.870467 -26.563265 -26.56916 -26.75706 -26.676664 -26.6003 -26.764885 -26.652919 -26.740662 -26.610101 -26.554955 -26.582348 -26.615223 -26.463201 -26.405444 -27.742818 -28.265105 -26.72054 -30.247873 
-26.509181 -26.788728 -26.638367 -26.581462 -26.269084 -26.281889 -27.408392 -31.721064 -26.87973 -27.174576 -28.34245 -38.933979 -26.524079 -26.529862 0 -27.160683 -26.273586 -26.312531 -27.835664 -26.85216 -26.34967 -26.375064 -28.669369 0 -26.444149 -26.448563 -28.571438 -29.447836 -26.431456 -26.516452 -26.84969 -26.206587 -26.222328 -26.204749 -27.104128 -26.287626 -26.285415 -26.300377 -30.316229 -26.513094 -27.145659 -26.44926 -26.360915 -26.34921 -26.289954 -26.503974 -26.772081 -26.899684 -26.844666 -26.662852 -26.460648 -26.209611 -26.251928 -26.308735 -26.357893 -26.344693 -26.355447 -27.171467 -26.806657 -26.348558 -26.287297 -26.444149 -26.361383 -26.2933 -26.296845 -26.433911 -26.520357 -26.792913 -27.335551 -26.870467 -26.586128 -26.369065 -26.607588 -26.75706 -26.801757 -26.652919 -26.740662 -26.81658 -26.745433 -26.610101 -26.554955 -26.582348 -26.615223 -26.463201 -28.249751 -27.338958 -26.588743 -28.170578 
-26.673012 -26.509181 -26.454892 -26.564731 -26.300026 -26.269084 -27.132721 -29.003264 -26.446081 -26.574798 -26.956942 -28.030544 -26.502941 -26.524079 -34.017641 -27.438005 -26.334238 -26.339927 0 -27.984132 -26.375064 -26.378206 0 -34.663984 -26.448563 -26.37644 -32.976702 0 -26.516452 -26.573615 -27.199037 -26.594418 -26.204749 -26.193119 -27.028503 -26.285415 -26.300377 -26.298289 -27.646206 -26.490161 -26.404971 -26.986946 -26.518457 -26.289954 -26.360667 -26.27811 -26.324204 -26.389989 -26.457103 -26.455176 -26.444368 -26.242021 -26.209611 -26.384626 -26.424989 -26.299353 -26.344693 -26.605225 -26.49853 -26.287297 -26.186326 -26.379401 -26.483327 -26.296845 -26.433911 -26.520357 -26.712712 -26.735258 -26.741612 -26.668467 -26.586128 -26.391308 -26.369065 -26.533166 -26.407774 -26.40543 -26.422665 -26.546622 -26.625765 -26.686252 -26.631791 -26.70744 -26.771026 -26.704943 -28.03843 -27.129547 -26.51559 -27.582509 
-26.957754 -26.196282 -26.320566 -26.454892 -26.564731 -26.300026 -28.698089 -33.510698 -26.372034 -26.446081 -26.574798 -26.956942 -26.538586 -26.502941 -27.117024 -26.648455 -26.322674 -26.35816 0 -29.991079 -26.378206 -26.405962 0 -39.475546 -26.37644 -26.433486 -37.427723 0 -26.573615 -26.68196 -29.441527 -26.684878 -26.193119 -26.201062 -26.965291 -27.344302 -26.298289 -26.301932 -27.207182 -26.404971 -26.410735 -26.40335 -39.477843 -26.384475 -26.27811 -26.324204 -26.389989 -26.452975 -26.499236 -26.457103 -26.455176 -26.248675 -26.242021 -26.409773 -26.43167 -26.291946 -26.299353 -26.650436 -26.314926 -26.186326 -26.190553 -26.282337 -26.32013 -26.391491 -26.355895 -26.712712 -26.735258 -26.741612 -26.905931 -26.76189 -26.668467 -26.391308 -26.391308 -26.438412 -26.467064 -26.40543 -26.492407 -26.450974 -26.524786 -26.866457 -26.686252 -27.156223 -27.562443 -28.327953 -28.348544 -26.964796 -26.434714 -27.126381 
-26.653335 -26.201576 -26.196282 -26.493375 -26.754201 -26.629465 -27.989378 -27.958308 -26.686732 -26.372034 -27.23838 -27.318696 -26.581912 -26.538586 -26.663125 -26.575238 -26.340954 -26.322674 -28.701319 -27.277638 -26.362474 -26.408238 -39.513787 -27.364127 -26.346503 -26.494999 0 0 -26.68196 -26.822083 0 -27.306785 -26.201062 -26.224628 -27.038728 -27.931989 -26.301932 -26.321209 -26.941532 -26.725916 -26.365142 -26.270526 0 -39.477843 -26.739861 -26.458654 -26.464966 -26.499236 -26.411589 -26.35824 -26.338357 -26.326275 -26.248675 -26.395581 -26.452176 -26.288745 -26.291946 -26.664453 -26.754277 -26.190553 -26.282337 -26.32013 -26.318791 -26.328192 -26.236446 -26.874176 -28.713661 -30.305525 -34.374646 -28.489467 -27.057663 -26.403631 -26.391308 -26.438412 -26.438412 -26.467064 -26.450974 -26.524786 -26.459607 -26.479446 -26.692018 -27.639271 -28.098512 -27.3252 -27.822472 -26.865859 -26.354236 -26.613334 
-26.590437 -26.22539 -26.201576 -26.731706 -27.032691 -26.765975 -26.629465 -27.439839 -27.224938 -26.432821 -26.841673 -27.368262 -26.960607 -26.581912 -26.511837 -26.623724 -26.351467 -26.340954 -27.218325 -26.983205 -26.31184 -26.362474 -27.000642 -26.786256 -26.330518 -26.346503 -28.5779 0 -26.809609 -26.822083 0 -31.801954 -26.224628 -26.261866 -27.133518 -28.389066 -26.321209 -26.351221 -26.725916 -26.658789 -26.270526 -26.219928 -29.57226 -39.482025 -27.365117 -27.153977 -26.492557 -26.383971 -26.227418 -26.239413 -26.242255 -26.274952 -26.326275 -26.412816 -26.570109 -26.644879 -26.288745 -26.719093 -28.35467 -26.31235 -26.343931 -26.318791 -26.328192 -26.236446 -26.212733 -26.363373 -26.486254 -26.873905 -26.971482 -26.83233 -26.81191 -26.313247 -26.383645 -26.45628 -26.438412 -26.682496 -26.591396 -26.459607 -26.479446 -26.606364 -27.043482 -27.794648 -27.986926 -27.330826 -27.300685 -26.703361 -26.544183 -27.232542 
-26.615895 -26.256369 -26.22539 -26.981068 -27.790519 -26.721415 -26.765975 -27.15121 -27.439839 -26.543123 -26.432821 -39.492032 -26.833591 -26.239172 -26.453065 -26.511837 -26.623724 -26.351467 -26.702114 -26.699503 -26.270828 -26.31184 -26.550542 -26.607441 -26.333104 -26.330518 -27.807729 -31.084384 -26.731991 -26.809609 0 0 -26.286334 -26.304634 -27.461944 -28.306777 -26.351221 -26.362358 -26.700784 -26.549416 -26.219928 -26.188467 -27.222284 -28.13403 -26.71114 -26.900294 -26.618155 -26.492557 -26.319247 -26.227418 -26.239413 -26.242255 -26.274952 -26.329616 -26.688492 -26.760478 -26.702595 -31.44633 -35.291764 -26.492503 -26.583597 -26.425726 -26.398838 -26.212733 -26.264047 -26.43883 -26.438966 -26.510148 -26.614871 -26.666631 -26.41671 -26.216473 -26.313247 -26.383645 -26.45628 -26.682496 -29.424296 -28.042119 -27.663435 -27.043482 -27.794648 -28.70488 -27.780771 -27.407163 -27.330826 -26.940434 -26.57455 -27.407904 
-26.734325 -26.300345 -26.256369 -27.153564 -29.579626 -26.552564 -26.721415 -27.055388 -27.15121 -26.728165 -26.543123 -26.675227 -26.486883 -26.237111 -26.239172 -26.57656 -26.588589 -26.265351 -26.641816 -26.554328 -26.510217 -26.270828 -26.55392 -26.550542 -26.607441 -26.333104 -27.799657 -28.815208 -26.672471 -26.731991 0 -30.672789 -26.338261 -26.402666 -28.306777 -29.049112 -26.362358 -26.406481 -26.850426 -26.646282 -26.188467 -26.185505 -26.535977 -26.708506 -26.528126 -26.385961 -27.265318 -26.618155 -26.589789 -26.319247 -26.398944 -26.424517 -26.5955 -26.935173 -26.999799 -26.835009 -26.760196 -26.965043 0 -26.583597 -26.425726 -26.435065 -26.612485 -26.264047 -26.366977 -26.380675 -26.510148 -26.624449 -26.668309 -26.444307 -26.351046 -26.303745 -26.216473 -26.396449 -26.736914 -27.239604 -29.424296 0 -36.892731 -28.433895 -27.862323 -27.164936 -26.901337 -26.834114 -27.200887 -27.007566 -26.670573 -27.93195 
-27.065352 -26.369174 -26.300345 -27.819387 0 -26.360218 -26.552564 -26.77412 -27.055388 -26.950494 -26.728165 -26.535519 -26.550139 -26.249125 -26.237111 -26.598263 -26.568715 -26.294968 -26.265351 -26.641816 -26.554328 -26.275422 -26.506894 -26.55392 -26.740347 -26.494186 -27.440575 -27.953731 -28.815208 -26.672471 -39.489913 -29.776698 -26.471878 -26.402666 0 -34.060593 -26.406481 -26.494077 -27.009233 -26.82842 -26.185505 -26.22019 -26.456946 -26.475227 -26.385961 -26.302999 -26.97733 -27.337055 -27.13204 -26.844255 -31.289334 0 -27.302937 -27.03307 -26.722107 -26.537394 -26.498277 -26.760196 -26.969188 -27.086533 -26.435065 -26.426668 -26.845457 -26.366977 -26.380675 -26.558788 -26.624449 -27.042952 -26.93093 -26.668309 -26.444307 -26.351046 -26.303745 -26.874514 -27.070709 -27.883774 -27.107161 -27.343501 -28.433895 -26.698594 -26.628781 -26.665295 -26.733895 -26.901337 -26.834114 -26.885251 -26.716309 -28.358837 
-27.923263 -26.522865 -26.369174 -31.032236 0 -26.24833 -26.360218 -26.631932 -27.897393 -26.628763 -26.499822 -26.601612 -26.535519 -26.26692 -26.249125 -26.592452 -26.601772 -26.356519 -26.294968 -26.684027 -26.543123 -26.28531 -26.275422 -26.682785 -26.72629 -26.520958 -26.494186 -28.946413 -31.022158 -26.735689 -34.854328 -30.871482 -26.79155 -26.471878 -27.768769 0 -26.494077 -26.598914 -27.438096 -27.103534 -26.22019 -26.273586 -26.475227 -26.452847 -26.302999 -26.269113 -26.967733 -26.951776 -26.782439 -26.515226 0 0 -26.801216 -26.848955 -26.504278 -26.410787 -26.475487 -26.498277 -26.58686 -26.599343 -26.426668 -26.374323 -26.676685 -26.627208 -26.664238 -26.6435 -27.609003 -30.859943 -27.596032 -27.41024 -26.944962 -26.952338 -26.43397 -26.723079 -26.940943 -27.107161 -26.888632 -26.627104 -26.769737 -26.698594 -26.698594 -26.628781 -26.665295 -26.733895 -26.885251 -26.716309 -26.696245 -28.33311 
-31.431911 -26.696481 -26.522865 -37.724551 -27.715659 -26.208735 -26.24833 -26.905495 0 -26.382955 -26.572611 -26.499822 -26.601612 -26.282454 -26.26692 -26.834824 -26.744744 -26.362067 -26.356519 -26.600331 -26.580416 -26.302824 -26.28531 -26.708951 -26.799882 -26.564575 -26.520958 -29.037213 -29.52044 -26.718407 -26.735689 -39.470067 -30.012365 -27.148398 -27.724969 0 -26.598914 -26.700219 -26.672912 -27.709551 -26.273586 -26.336125 -26.452847 -26.480058 -26.269113 -26.241646 -26.951776 -26.89285 -26.515226 -26.41848 -36.581214 0 -26.650379 -26.801216 -26.848955 -26.504278 -26.410787 -26.475487 -26.599343 -26.495683 -26.374323 -26.321315 -26.627208 -26.558429 -26.478552 -26.377763 -27.456848 0 -27.90911 -27.471283 -27.023327 -26.934941 -26.421143 -26.43397 -26.723079 -26.888632 -26.627104 -26.604755 -26.702224 -26.80787 -26.698594 -27.892938 -28.136656 -28.822954 -27.596145 -26.863209 -26.716082 -29.286474 
-28.921621 -28.586764 -26.696481 -27.139585 -26.495542 -26.257158 -26.208735 -28.271717 -37.847645 -26.322905 -26.382955 -26.572611 -27.048524 -26.313269 -26.282454 -27.340628 -27.4289 -26.313399 -26.362067 -26.814047 -26.600331 -26.29777 -26.302824 -26.731777 -26.759046 -26.660699 -26.564575 -27.704902 -27.552555 -26.616231 -26.718407 -32.851739 -39.488442 -27.404361 -27.148398 0 -26.700219 -26.672912 -26.858318 -36.107352 -26.336125 -26.436496 -26.337477 -26.387565 -26.241646 -26.227852 -26.296826 -26.955079 -26.41848 -26.377226 -28.347811 -27.483468 -26.721507 -26.650379 -27.274896 -27.303013 -27.12381 -26.921353 -26.495683 -26.472807 -26.321315 -26.233464 -26.528819 -26.478552 -26.377763 -26.323349 -26.577579 -26.765742 -26.905968 -27.005949 -26.895188 -26.790469 -26.345151 -26.421143 -26.762791 -26.949414 -26.604755 -26.769239 -27.067165 -27.635944 -28.079755 -27.892938 -26.761916 -26.7666 -26.721553 -26.53196 -26.58399 -27.943431 
-26.859298 -26.829607 -26.45581 -26.601291 -26.509181 -26.495542 -26.257158 -33.98926 0 -26.328977 -26.322905 -26.896859 -27.352681 -26.386894 -26.313269 -28.619793 -27.456566 -26.312402 -26.313399 -26.830829 -26.715923 -26.298171 -26.29777 -26.752667 -26.825601 -26.481584 -26.625453 -26.51397 -26.582693 -26.492471 -26.616231 -27.033353 -27.511586 -27.074174 -27.404361 0 0 -26.909802 -26.858318 0 -26.436496 -26.337477 -26.483172 -26.412054 -26.227852 -26.296826 -26.281738 -27.12113 -26.377226 -26.367043 -26.382663 -27.076326 -26.568701 -26.402889 0 0 -30.342806 -27.12381 -26.723264 -26.402803 -26.233464 -26.26494 -26.303683 -26.364159 -26.323349 -26.311569 -26.682434 -26.928403 -27.39292 -26.905968 -26.964342 -26.746987 -26.382968 -26.345151 -26.683405 -26.996005 -27.197066 -27.087581 -27.32918 -27.062843 -27.24921 -27.002597 -26.761916 -26.761916 -26.53196 -26.58399 -26.512791 -27.300525 
-26.79991 -26.859298 -26.494565 -26.45581 -26.601291 -26.509181 -27.048037 0 -39.536683 -26.480457 -26.328977 -26.973032 -28.625889 -26.440939 -26.386894 -29.822108 -28.00707 -26.347784 -26.312402 -27.068377 -26.830829 -26.301924 -26.298171 -27.345183 -27.01857 -26.29547 -26.387153 -26.457168 -26.51397 -26.335875 -26.492471 -26.692124 -27.033353 -26.806917 -27.074174 -29.858702 -39.463819 -26.922295 -26.947103 0 0 -26.483172 -26.665727 -26.478653 -26.515402 -26.281738 -26.269731 -27.089681 -26.367043 -26.382663 -26.385401 -27.1939 -26.402889 -26.365284 -26.465273 0 -29.101488 -28.063026 0 -28.893529 -26.26494 -26.303683 -26.361105 -26.272917 -26.273423 -26.235079 -26.55377 -26.673916 -26.825843 -27.135285 -26.809144 -26.708929 -26.416188 -26.382968 -27.076018 -27.249279 -27.914941 -27.32918 -27.062843 -27.24921 -27.422596 -27.232901 -27.002597 -26.761916 -29.643187 -26.618969 -26.628273 -28.174341 
-27.275472 -26.79991 -26.539616 -26.494565 -26.617918 -27.088998 -27.304217 -28.249079 -27.648009 -26.994907 -26.433486 -26.594011 -32.348696 -26.566574 -26.440939 -26.61139 -29.67283 -26.405233 -26.347784 -28.19441 -27.068377 -26.363953 -26.301924 -35.539181 -27.417948 -26.319875 -26.29547 -26.387153 -26.457168 -26.418604 -26.335875 -26.503591 -26.692124 -26.634223 -26.806917 -28.132216 -29.858702 -27.133575 -26.922295 0 0 -26.760991 -26.661551 -26.675267 -26.5877 -26.269731 -26.268898 -27.057267 -27.085019 -26.385401 -26.376848 -27.229274 -26.365284 -26.465273 -26.427906 0 -27.355036 -26.828055 -27.448619 0 -26.838484 -26.361105 -26.272917 -26.273423 -26.235079 -26.202123 -26.486233 -26.739643 -27.034538 -26.895188 -26.614118 -26.579313 -26.490694 -26.416188 -27.101595 -27.479093 -29.368085 -28.103402 -27.614528 -27.628978 -28.00832 -27.422596 -27.232901 -27.231488 -28.222721 -26.905168 -26.858089 -35.996007 
-27.672433 -27.275472 -26.578482 -26.539616 -26.919139 -27.391889 -26.714563 -27.304217 -27.56787 -27.648009 -26.513117 -26.433486 -39.475546 -26.75851 -26.369779 -26.446876 -29.311744 -26.47251 -26.405233 -26.478217 -27.794791 -26.30857 -26.328737 -26.355733 -28.099098 -26.357672 -26.302475 -27.15168 -26.865161 -26.517458 -26.418604 -26.787353 -26.696373 -26.699026 -26.634223 -26.779467 -27.064748 -27.572896 -27.133575 0 0 -26.565466 -26.760991 -27.184252 -26.692676 -26.268898 -26.276241 -27.085019 -27.223013 -26.376848 -26.369513 -27.082573 -27.001885 -26.427906 -26.388593 0 -26.828055 -27.21629 -26.765897 0 0 -26.942988 -26.409267 -26.295907 -26.202123 -26.177858 -26.394868 -26.590283 -26.959831 -26.918279 -26.856039 -26.614118 -26.579313 -26.490694 -27.701432 -29.079483 -39.522715 -32.463236 -29.609971 -28.663698 -29.226523 -28.00832 -28.408956 -30.496825 -26.905168 -26.71779 -27.145019 0 
-27.667491 -27.100681 -26.471129 -26.578482 -26.963889 -26.913559 -26.57656 -26.714563 -27.456566 -27.56787 -26.581013 -26.513117 -28.35467 -29.771019 -26.405962 -26.369779 -36.522018 -26.543908 -26.478217 -26.522623 -28.071547 -26.328737 -26.355733 -26.371997 -27.417325 -26.302475 -26.300405 -26.240106 -27.158359 -26.602495 -26.517458 -26.84249 -26.722246 -26.736842 -26.44926 -26.78727 -26.779467 -26.799089 -27.572896 -27.341665 -27.178871 -26.54362 -26.565466 -31.159941 -26.983248 -26.276241 -26.297162 -27.378878 -27.257633 -26.369513 -26.370635 -27.001885 -27.181524 -26.388593 -26.366846 0 0 -26.765897 -26.72294 0 -39.510732 -26.786776 -26.682868 -26.322591 -26.177858 -26.201095 -26.197586 -26.458757 -26.921692 -27.091156 -26.918279 -26.856039 -26.909106 -26.829577 -27.85011 -28.066804 -27.238924 -27.244114 -27.118907 -27.05219 -26.960894 -27.283232 -27.986052 -29.34413 -26.71779 -26.577697 -26.875294 0 
0 -26.857014 -26.347409 -26.471129 -26.697773 -26.868223 -26.620808 -26.57656 -27.534817 -27.881575 -26.586296 -26.581013 -28.023263 -28.35467 -26.501376 -26.405962 0 0 -26.562759 -26.568142 -30.183421 -28.729743 -26.371997 -26.411829 -27.369092 -26.300405 -26.240106 -26.236198 -26.550569 -26.718018 -26.528052 -26.662677 -26.894868 -26.722246 -26.427419 -26.44926 -26.763565 -26.571697 -26.609557 -26.91175 -27.341665 -26.717197 -26.54362 -30.97456 -28.411015 -26.297162 -26.321998 -39.459397 -28.700672 -26.370635 -26.479915 -27.386673 -27.306785 -26.366846 -26.41072 0 0 -26.72294 -26.736361 0 -30.071722 -27.210549 -26.786776 -26.735569 -26.201095 -26.197586 -26.302094 -26.467015 -26.687255 -27.061843 -27.361658 -27.126671 -26.927563 -26.909106 -27.264113 -27.351223 -26.836557 -27.238924 -27.088945 -26.960894 -27.009368 -27.140045 -27.803828 -27.959668 -26.577697 -26.482449 -26.549456 -30.400005 
-26.907315 -26.857014 -26.322767 -26.347409 -26.617411 -26.697773 -26.67442 -26.620808 -27.30196 -27.847687 -26.54747 -26.586296 -27.383358 -28.023263 -26.651637 -26.501376 0 0 -26.668626 -26.676847 -37.544632 -30.829783 -26.411829 -26.450767 -27.145949 -27.21003 -26.236198 -26.237966 -26.413299 -26.528052 -26.647172 -26.391994 -28.061518 -26.789225 -26.566816 -26.427419 -26.571697 -26.609557 -26.788205 -26.83995 -26.942791 -27.207053 -26.717197 -29.004063 -26.804071 -26.298937 -26.298937 -27.214654 -28.131209 -26.454251 -26.484479 -34.228095 -30.085727 -26.41072 -26.521247 0 0 -26.736361 -26.791356 0 -28.066236 -26.754125 -27.210549 0 0 -26.302094 -26.467015 -26.656623 -26.577549 -26.415422 -26.364235 -26.380771 -26.456022 -26.617969 -27.098966 -27.264113 -27.351223 -26.836557 -28.072498 -28.557742 -27.968556 -27.803828 -27.344462 -26.84717 -26.482449 -26.40524 -26.491099 -27.3355 
-26.831135 -26.856364 -26.322767 -26.322767 -26.939807 -26.577298 -26.329409 -26.46444 -26.589666 -26.887339 -26.57715 -26.54747 -28.014235 -29.949178 -26.711409 -26.651637 0 0 -26.816994 -26.803327 0 -39.481377 -26.450767 -26.501332 -27.383782 -27.070811 -26.237966 -26.251978 -26.406928 -26.530834 -26.391994 -26.395803 -27.251288 -26.566816 -26.799712 -26.477731 0 -32.343343 -27.79579 -27.634404 -27.602491 -27.636419 -26.589035 -26.382877 -26.407024 -26.249353 -26.298937 -26.873127 -27.041844 -26.399007 -26.454251 -28.698089 0 -26.521247 -26.632322 0 0 -26.791356 -26.82542 0 -27.084706 -26.431481 -26.715287 0 0 -27.059848 -26.656623 -26.577549 -26.561975 -26.529849 -26.408312 -26.364235 -26.380771 -26.456022 -26.617969 -27.469367 -27.877193 -30.657361 0 0 0 -27.741742 -26.84717 -26.673414 -26.40524 -26.491099 -26.322942 -26.419273 
-26.948098 -26.831135 -26.793442 -26.322767 -26.602897 -26.397455 -26.337386 -26.329409 -26.498607 -26.695194 -26.600172 -26.57715 -28.043413 -28.325555 -26.63909 -26.711409 0 0 -26.986644 -26.941375 0 0 -26.501332 -26.566474 -29.498069 -27.955762 -26.251978 -26.282323 -26.438233 -26.470736 -26.395803 -26.462404 -27.420805 -27.46043 -26.477731 -26.334829 0 0 -26.603994 -26.408445 -26.313043 -26.272275 -26.216541 -26.274337 -26.34594 -26.407024 -26.249353 -26.72587 -27.041844 -26.459102 -26.399007 -30.882019 -28.698089 -26.644547 -26.682992 0 0 -26.815018 -26.876893 -29.148212 -26.779898 -26.356671 -26.431481 0 0 0 0 -35.471129 -35.645173 -30.209953 -27.549038 -28.29645 -28.032556 -27.584157 -27.224672 -27.335709 -28.653988 -39.476607 -38.490194 0 0 0 0 -28.028537 -26.492396 -27.00042 -27.04469 -39.541619 
-26.841046 -26.874955 -26.863573 -26.372034 -26.602897 -26.473899 -26.397455 -26.337386 -26.808796 -26.659636 -26.495542 -26.583115 -26.575531 -26.641816 -26.531484 -26.63909 -32.042733 -35.119067 -26.914299 -26.986644 0 0 -26.566474 -26.730096 0 -39.508028 -26.282323 -26.357033 -26.470736 -26.467248 -26.462404 -26.479375 -27.46043 -27.092847 -26.334829 -26.309234 -28.180839 -28.39795 -26.745753 -26.603994 -26.408445 -26.311875 -26.272275 -26.216541 -26.274337 -26.34594 -26.320703 -26.621286 -26.72587 -26.459102 -26.459102 -27.884718 -30.882019 -26.520874 -26.644547 -39.457687 -32.601235 -26.544249 -26.815018 -27.526203 -26.830951 -26.365954 -26.356671 0 0 0 0 0 0 0 -39.474839 -36.91908 -31.650875 -33.416906 -39.198713 0 0 -39.503325 -39.476607 0 0 0 0 0 -27.798366 -27.04469 -27.920318 0 
-26.99887 -26.841046 -26.874955 -26.273752 -26.372034 -26.473899 -26.473899 -26.422372 -26.636028 -26.462916 -26.439223 -26.358046 -26.334437 -26.375751 -26.440337 -26.531484 -26.778929 -27.63725 -26.858971 -26.914299 0 0 -26.730096 -26.967982 0 0 -26.357033 -26.482449 -26.467248 -26.505147 -26.479375 -26.467557 -27.394986 -27.162297 -26.309234 -26.305629 -27.168797 -26.974755 -26.541351 -26.308562 -27.264538 -29.047465 -26.393032 -26.369162 -26.377378 -26.365237 -26.382481 -26.320703 -26.807003 -27.146532 -26.513082 -26.513082 -27.234182 -27.111468 -26.520874 -27.314701 -27.669835 -26.431794 -26.544249 -27.008782 -27.004203 -26.395969 -26.365954 0 0 0 0 0 0 0 0 0 0 0 0 0 0 0 -39.503325 0 0 0 0 0 0 -30.051984 -34.28853 0 
-27.963419 -26.99887 -26.886294 -26.222217 -26.273752 -26.383932 -26.473899 -26.422372 -26.422372 -26.636028 -26.462916 -26.351905 -26.358046 -26.334437 -26.375751 -26.440337 -26.665864 -26.778929 -27.63725 -26.858971 0 0 -26.912229 -26.988199 0 0 -26.525543 -26.503985 -26.505147 -26.582017 -26.467557 -26.458552 -27.508353 -27.223278 -26.305629 -26.325269 -26.974755 -27.03978 -26.308562 -26.279456 -26.715265 -26.524079 -26.406891 -26.393032 -26.58715 -26.610646 -26.785189 -26.591149 -27.067014 -27.295087 -26.515073 -26.513082 -27.789809 -27.0317 -26.440991 -26.993725 -27.117522 -26.846535 -26.431794 -26.921579 -27.008782 -26.394164 -26.395969 0 0 0 0 0 0 0 0 0 0 0 0 0 0 0 0 0 0 0 0 0 0 0 0 0 
-35.08237 -27.963419 -26.781627 -26.246701 -26.222217 -26.493052 -26.828389 -26.350702 -26.422372 -26.929358 -26.922898 -26.313443 -26.351905 -26.395227 -26.478927 -26.588897 -26.640541 -26.799061 -27.339038 -26.994031 -30.890482 -30.949469 -29.748471 -26.912229 0 0 -26.953828 -26.718956 -26.582017 -26.782901 -26.458552 -26.437308 -28.450278 -27.270876 -26.325269 -26.333537 -27.05028 -26.855779 -26.279456 -26.293594 -26.524079 -26.491228 -26.297424 -26.199382 -39.469065 -31.046865 -26.794951 -26.8848 -27.251704 -27.134487 -26.451046 -26.515073 -26.77585 -27.0317 -26.455094 -26.440991 -26.872486 -26.86983 -26.379166 -26.994995 -26.921579 -26.550878 -26.394164 -39.473779 0 0 0 0 0 0 0 0 0 0 0 0 0 0 0 0 0 0 0 0 0 0 0 0 
-33.412034 -28.944491 -26.721184 -26.369295 -26.246701 -27.715659 -27.644407 -26.376252 -26.350702 -26.929358 -26.486463 -26.266454 -26.313443 -26.557202 -26.57379 -26.525556 -26.503288 -26.627086 -26.775317 -26.745901 -26.962123 -27.206795 -29.006865 -27.067518 -29.252563 -28.345128 -27.959838 -26.953828 -27.041219 -26.865526 -26.437308 -26.429118 -35.447341 -27.397578 -26.333537 -26.356779 -28.008141 -27.187992 -26.293594 -26.329741 -26.491228 -26.450524 -26.199382 -26.17261 -26.907899 -27.534087 -26.746024 -26.794951 -27.175677 -26.850587 -26.321091 -26.451046 -26.696395 -26.77585 -26.455094 -26.455094 -26.646301 -26.872486 -26.435074 -26.379166 -27.036962 -27.042614 -26.784616 -27.586607 0 0 0 0 0 0 0 0 0 0 0 0 0 0 0 0 0 0 0 0 0 0 -28.58706 0 
-28.836715 -27.070912 -27.106076 -26.567001 -26.369295 0 -39.524946 -26.370082 -26.376252 -26.895081 -26.486463 -26.486463 -26.266454 -26.700263 -26.584186 -26.503288 -26.623793 -26.594778 -26.683302 -26.663769 -26.745901 -26.903682 -27.109392 -26.557477 -26.814812 -27.164095 -28.229087 -26.619853 -27.468125 -27.426552 -26.429118 -26.595626 -26.798439 -30.335298 -26.356779 -26.440113 -35.933852 -28.578489 -26.329741 -26.330349 -26.606184 -26.464784 -26.17261 -26.17312 -26.534568 -26.535723 -26.566275 -26.655708 -27.568306 -26.890104 -26.404304 -26.321091 -26.560593 -26.838484 -26.381699 -26.455094 -26.538573 -26.646301 -26.470138 -26.435074 -26.999047 -27.036962 -27.280683 -26.784616 0 0 0 0 0 0 0 0 0 0 0 0 0 0 0 0 0 0 0 0 0 0 0 0 
-27.347316 -26.704305 -26.814047 -26.742783 -26.562339 0 0 -26.297966 -26.360506 -26.578927 -26.468392 -26.290641 -26.730947 -26.667025 -26.543293 -26.634812 -26.594778 -26.687695 -26.779305 -26.712712 -26.663769 -26.759557 -26.898466 -26.61144 -26.557477 -26.814812 -27.164095 -26.706731 -26.619853 -28.131008 -26.607981 -26.798439 -27.029629 0 -26.440113 -26.606608 -26.618969 0 -26.330349 -26.431654 -26.308183 -26.569131 -26.17312 -26.191536 -26.535723 -26.425149 -26.454032 -26.291065 0 -29.030687 -26.507966 -26.404304 -27.312332 -26.829943 -26.333759 -26.381699 -26.538573 -27.151269 -26.47053 -26.470138 -27.060048 -26.999047 -28.219442 -27.281629 0 0 0 0 0 0 0 0 0 0 0 0 0 0 0 0 0 0 0 0 0 0 0 0 
-26.351637 -26.217401 -26.74499 -26.562339 -26.440595 0 -28.120197 -26.250619 -26.247839 -26.616905 -26.578927 -26.325607 -26.290641 -26.667025 -26.667025 -26.543293 -26.75767 -26.8043 -26.869059 -26.867489 -26.712712 -26.812963 -26.86387 -26.792439 -26.61144 -27.013447 -27.447876 -26.758485 -26.706731 -27.889451 -28.131008 -26.870198 -26.878942 0 -26.606608 -26.618969 -27.030146 0 -26.431654 -26.308183 -26.3887 -26.869193 -26.191536 -26.227476 -26.226758 -26.472075 -26.291065 -26.241222 -28.172651 -27.655019 -26.354938 -26.507966 -26.743468 -26.596981 -26.381183 -26.333759 -26.695172 -27.151269 -29.015704 -26.47053 -26.971775 -27.834918 -29.012886 -28.219442 0 0 0 0 0 0 0 0 0 0 0 0 0 0 0 0 0 0 0 0 0 0 0 0 
-26.24896 -26.232041 -26.610068 -26.440595 -26.393917 -27.22361 -29.263851 -26.236119 -26.223937 -26.786256 -26.616905 -26.397889 -26.325607 -27.27195 -26.667025 -26.832852 -28.184216 -27.607857 -27.307845 -27.180103 -26.931237 -27.027286 -27.006936 -27.004025 -26.792439 -27.374177 -27.752154 -26.655175 -26.758485 -27.645606 -27.889451 -27.010046 -26.870198 0 0 -27.030146 -27.566129 0 0 -26.3887 -26.462498 -27.484249 -26.227476 -26.226758 -26.266385 -26.435015 -26.241222 -26.22656 -26.277307 -27.079466 -26.298202 -26.307101 -27.261852 -26.743468 -26.420687 -26.381183 -27.244663 -28.18612 -26.455424 -28.020365 -28.020365 0 -39.518957 -29.012886 0 0 0 0 0 0 0 0 0 0 0 0 0 0 -26.928861 -27.977179 -30.058542 -39.533281 -32.543816 -26.584156 -27.273529 0 0 0 
-26.262695 -26.25261 -26.65714 -26.393917 -27.01733 -27.001085 -29.411872 -26.223937 -26.223449 -26.215945 -26.786256 -26.479192 -26.397889 -33.771919 -27.542791 -26.832852 -26.832852 -27.204412 -26.642053 -26.736794 -27.030711 -27.21485 -27.44834 -27.52106 -27.344462 -27.887397 -27.616147 -26.653127 -26.655175 -27.656719 -28.583211 -27.013812 -27.010046 0 0 -27.546067 -27.696699 0 0 -26.462498 -26.536499 -27.860941 -27.404885 -26.266385 -26.321676 -26.518659 -26.22656 -26.277307 -26.247307 -26.943303 -26.259038 -26.212123 -26.26687 -27.219181 -26.491217 -26.420687 -27.470516 -29.310772 -26.649275 -26.455424 -28.020365 0 0 -39.518957 0 0 0 0 0 0 0 0 0 0 0 0 -27.104884 -26.610679 -26.42057 -26.928861 -27.362151 -27.607857 -26.584156 -26.490662 -26.413549 -26.404826 -26.730191 0 
-26.28477 -26.28477 -26.689249 -26.984492 -27.001085 -26.857014 -39.457274 -26.223449 -26.215945 -26.217296 -26.79568 -26.491078 -26.434538 -26.609738 0 -27.55373 -26.832852 -27.204412 -27.204412 -26.642053 -26.601179 -26.41582 -26.36785 -26.363332 -26.359266 -26.412032 -26.506871 -26.562619 -26.653127 -27.830305 -28.289693 -26.734707 -27.013812 -31.367322 -39.531109 -26.588421 -26.992676 -27.148925 -30.096851 -26.559245 -26.537483 -28.84753 -28.022719 -26.321676 -26.356322 -26.597645 -26.590623 -26.247307 -26.237186 -26.850234 -26.212123 -26.224179 -26.193949 -28.119401 -27.219181 -26.491217 0 0 -28.538753 -26.649275 0 0 0 0 0 0 0 0 0 0 0 0 0 0 -28.958773 -26.880039 -26.583386 -26.465888 -26.392478 -26.42057 -27.031842 -27.15321 -26.490662 -26.413549 -26.404826 -26.401835 -26.323525 0 
-26.31898 -26.294467 -27.05391 -27.118685 -26.857014 -26.729106 0 -27.190059 -26.217296 -26.226499 -27.005098 -26.434538 -26.609738 -26.451805 0 -34.927882 -26.641415 -26.997105 -27.204412 -27.62312 -26.75332 -26.534973 -26.3977 -26.359266 -26.392376 -26.408512 -26.425791 -26.506871 -26.562619 -26.813695 -26.76243 -26.476119 -26.734707 -26.998959 -26.833806 -26.343963 -26.588421 -26.992676 -27.148925 -26.904769 -26.559245 0 -39.448189 -26.356322 -26.412763 -26.774067 -26.690557 -26.237186 -26.235015 -26.784616 -26.621491 -26.193949 -26.182551 -27.167407 -28.52117 -30.692218 0 0 0 -28.538753 0 0 0 0 0 0 0 0 0 0 0 0 0 0 -26.507818 -26.67205 -26.535088 -26.515532 -26.465888 -26.392478 -26.929933 -27.058606 -26.59423 -26.595014 -26.401835 -26.323525 -26.320735 -26.532537 
-26.35103 -26.31898 -27.351871 -27.35838 -26.729106 -26.675834 0 -27.388464 -26.226499 -26.23336 -26.940983 -27.054993 -26.451805 -26.430345 -34.927882 -32.35943 -26.490726 -26.641415 -26.997105 -27.62312 -26.542353 -26.75332 -26.809609 -26.836805 -26.694659 -26.787792 -26.902851 -26.995522 -26.806196 -26.551281 -26.479121 -26.353936 -26.476119 -26.534479 -26.520285 -26.401635 -26.343963 -26.694402 -27.531692 -26.894017 -26.904769 -30.106542 -39.499973 -26.42942 -26.473969 -27.013402 -26.841171 -26.235015 -26.248237 -26.828237 -26.637537 -26.182551 -26.185155 -26.734587 -26.943619 -31.475398 -28.666531 0 0 0 0 0 0 0 0 0 0 0 0 0 0 0 0 0 -26.365314 -26.507818 -26.63218 -26.535088 -26.515532 -26.575297 -36.541676 -39.445769 -26.977753 -26.974082 -26.648324 -26.430756 -26.186779 -26.326677 
-26.337437 -26.35103 -27.068377 -27.673674 -26.675834 -26.637285 -39.486146 -27.544269 -26.23336 -26.242461 -27.129886 -27.621371 -26.430345 -26.418325 -32.35943 -29.567179 -26.505679 -26.43332 -37.779625 -29.543655 -26.542353 -26.542353 -27.380312 -27.105913 -27.906046 -26.999091 -26.608489 -26.496829 -26.388318 -26.396721 -26.436268 -26.384632 -26.353936 -26.543436 -26.534479 -26.520285 -26.401635 -27.914129 -32.399097 -26.720126 -26.894017 -27.96069 -30.106542 -26.653108 -26.560384 -27.39879 -27.073357 -26.248237 -26.26271 -26.762894 -26.648492 -26.185155 -26.195406 -26.659116 -26.811005 -28.196118 -27.112454 0 0 0 0 0 0 0 0 0 0 0 0 0 0 0 0 -27.724573 -26.399622 -26.365314 -26.802128 -26.63218 -27.105913 -27.184874 0 0 -28.054013 -28.279978 -27.14091 -26.665511 -26.210979 -26.384271 
-26.349995 -26.337437 -27.045125 -28.267153 -26.637285 -26.642547 -28.318388 -27.011857 -26.242461 -26.270861 -27.621371 -28.131008 -26.418325 -26.401477 -29.567179 -28.603774 -26.43332 -26.386417 -30.120036 -35.060493 -26.520705 -26.542353 -27.497743 -34.906742 -26.839107 -26.909326 -26.608981 -26.439317 -26.32879 -26.388318 -26.396721 -26.436268 -26.384632 -26.614085 -26.598263 -26.649481 -26.889788 -26.825269 -26.835813 -26.573265 -26.720126 -28.016754 -27.96069 -26.86387 -26.733084 -29.432629 -27.379384 -26.26271 -26.284 -26.781356 -26.689439 -26.195406 -26.208553 -26.638439 -26.840827 -27.112454 -26.654966 0 0 0 0 0 0 0 0 0 0 0 0 0 0 0 0 -27.693897 -26.765664 -26.399622 -27.186556 -27.673425 -26.752642 -27.105913 0 0 -28.403569 -28.52823 -30.136649 -28.56297 -26.369186 -26.846951 
-26.43307 -26.349995 -27.371588 -34.405836 -26.642547 -26.638909 -28.876931 -27.668724 -26.303047 -26.261387 -28.128194 -28.234383 -26.401477 -26.391885 -30.420204 -28.746018 -26.386417 -26.400608 -32.332664 -28.585282 -26.541182 -26.4764 -27.497743 0 -26.76979 -26.839107 -26.717607 -26.542248 -26.33821 -26.32879 -26.312263 -26.33204 -26.326214 -26.399601 -26.425005 -26.448822 -26.481698 -26.514744 -26.565325 -26.691551 -26.573265 -27.327148 -28.370747 -26.860707 -26.86387 -32.976702 -31.151697 -26.284 -26.290757 -27.112345 -26.817882 -26.208553 -26.22253 -26.607065 -26.856624 -26.654966 -26.512465 0 0 0 0 0 0 0 0 0 0 0 0 0 0 0 0 -29.423257 -27.693897 -26.507578 -26.753798 -27.64309 -28.87071 -26.752642 -39.522246 0 -28.52823 -27.980128 -28.201473 -27.82365 -26.906732 -39.487995 
-27.340628 -26.43307 -31.135286 0 -26.638909 -26.717288 -30.336131 -27.236345 -26.266984 -26.231565 -28.569682 -28.76046 -26.391885 -26.400288 -28.892416 -28.426829 -26.400608 -26.415185 -28.585282 -28.66307 -26.465782 -26.399665 0 0 -26.76979 -26.76979 -27.254139 -26.635509 -26.332848 -26.33821 -26.345537 -26.312263 -26.33204 -26.326214 -26.399601 -26.425005 -26.448822 -26.481698 -26.514744 -26.565325 -26.691551 -26.966242 -27.327148 -27.851172 -26.860707 -27.488458 -27.651748 -26.31885 -26.294841 -27.346788 -26.933626 -26.22253 -26.235496 -26.613701 -26.878565 -26.512465 -26.456354 0 0 0 0 0 0 0 0 0 0 0 0 0 0 0 -33.007027 -39.533574 -29.423257 -26.415315 -26.507578 -27.90139 -27.64309 -26.703668 -32.345127 -39.522246 -27.980128 -28.201473 -27.13878 -27.419375 -26.858122 -37.1047 
0 -26.765456 -29.34116 0 -26.816403 -26.921767 -27.395331 -26.867223 -26.231565 -26.211394 -29.458933 -29.212287 -26.400288 -26.408305 -29.461055 -28.189726 -26.415185 -26.399353 -28.66307 -28.446825 -26.399665 -26.364694 -30.728592 0 -26.79641 -26.624276 -39.447421 -27.254139 -26.394605 -26.332848 -26.481677 -26.506883 -26.435519 -26.375319 -26.397854 -26.407597 -26.433569 -26.487556 -26.55883 -26.627086 -26.729341 -26.815518 -26.966242 -27.035915 -26.533128 -27.095233 -27.488458 -26.492729 -26.319771 -26.563884 -27.11114 -26.235496 -26.256807 -26.670174 -26.792885 -26.456354 -26.444999 0 0 0 0 0 0 0 0 0 0 0 0 0 0 0 -31.700833 -33.007027 -39.533574 -26.363116 -26.415315 -27.711625 -27.90139 -26.585931 -26.703668 -32.345127 -32.327338 -27.13878 -26.994863 -26.875736 -26.655746 -27.569942 
0 0 -26.765456 0 0 0 -27.460335 0 -28.412002 -26.217736 -33.47701 0 0 -26.472609 0 0 -34.050842 -26.485312 0 0 -37.552095 -26.480674 0 0 0 -26.588175 -39.447421 0 0 -26.394605 -26.664903 -26.772927 -26.886642 -26.482687 -26.455094 -26.397854 -26.407597 -26.468372 -26.556899 -26.626494 -26.716218 -26.857177 -26.981708 -27.126896 -27.035915 -26.533128 -27.764758 -28.236819 -27.989382 -26.535634 -32.589625 -28.239188 -26.289539 -27.129295 -27.52579 -39.522654 -26.569878 0 0 0 0 0 0 0 0 0 0 0 0 0 0 0 0 -31.700833 0 0 -26.363116 -27.46043 -28.283438 -33.199247 -26.585931 -39.461756 -39.531638 0 -29.988478 -28.949348 -30.553946 -36.349157 
