NCOLS 42
NROWS 41
XLLCORNER 276826.32
YLLCORNER 3833378.9
CELLSIZE 10
NODATA_VALUE -9999
0 0 0 0 0 0 0 0 0 -37.378107 0 0 0 0 0 0 0 0 0 0 0 0 0 0 0 0 0 0 0 0 0 -34.956664 -32.581065 -33.307499 -32.781263 -33.202242 0 0 0 0 0 -48.591812 
0 0 0 0 0 0 0 0 0 -43.223467 -37.378107 0 0 0 0 0 0 0 0 0 0 0 0 0 0 0 0 -43.745494 0 0 -33.678926 -32.836051 -32.839082 -32.581065 -33.307499 -32.781263 -33.202242 0 0 0 -48.591812 0 
0 0 0 0 0 0 0 0 0 0 -48.549002 0 0 0 0 0 0 0 0 0 0 0 0 0 0 0 -33.462375 0 0 -35.771606 -32.739656 -33.678926 -32.836051 -32.839082 0 0 0 0 0 0 0 0 
0 0 0 0 0 0 0 0 0 0 0 0 0 0 0 0 0 0 0 0 0 0 0 0 0 0 -32.676106 -33.462375 -34.281547 -32.789478 -33.153324 -32.739656 -34.323533 0 0 0 0 0 0 0 0 0 
0 0 0 0 0 0 0 0 0 0 0 0 0 0 0 0 0 0 0 0 0 0 0 0 0 -32.697146 -32.941461 -32.676106 0 -34.281547 -32.789478 -33.153324 0 0 0 0 0 0 0 0 0 0 
0 0 0 0 0 0 0 0 0 0 0 0 0 0 0 0 0 0 0 0 0 0 0 0 0 -33.0252 -32.697146 -32.941461 0 0 0 0 0 0 0 0 0 0 0 0 0 0 
0 0 0 0 0 0 0 0 0 0 0 0 0 0 0 0 0 0 0 0 0 0 0 0 0 -33.697392 -33.0252 0 0 0 0 0 0 0 0 0 0 0 0 0 0 0 
0 0 0 0 0 0 0 0 0 0 0 0 0 0 0 0 0 0 0 0 0 0 0 0 0 -33.071055 -32.738084 0 0 0 0 0 0 0 0 0 0 0 0 0 0 0 
0 0 0 0 0 0 0 0 0 0 0 0 0 0 0 0 0 0 0 0 0 0 0 0 0 -32.738084 -33.319298 0 0 0 0 0 0 0 0 0 0 0 0 0 0 0 
0 0 0 0 0 0 0 -48.609198 -34.492404 0 0 0 0 0 0 0 0 0 0 0 0 0 0 0 0 -33.319298 0 0 0 0 0 0 0 0 0 0 0 0 0 0 0 0 
0 0 -38.249257 -35.423028 -34.626747 -33.961019 -33.210098 -33.144769 -48.609198 -34.492404 0 0 0 0 0 0 0 0 0 0 0 0 0 0 0 0 0 0 0 0 0 0 0 0 0 0 0 0 0 0 0 0 
-48.660533 -35.993945 -33.595051 -36.810027 -35.423028 -34.626747 -33.961019 -33.210098 -33.144769 0 0 0 0 -34.770858 0 0 0 0 0 0 0 0 0 0 0 0 0 0 0 0 0 0 0 0 0 0 0 0 0 0 0 0 
0 -48.660533 -35.993945 -33.595051 -36.810027 -37.000524 -38.574664 -42.872043 0 0 0 0 -35.044149 -33.834125 -34.770858 0 0 0 0 0 0 0 0 0 0 0 0 0 0 0 0 0 0 0 0 0 0 0 0 0 0 0 
-37.026669 -33.378894 -32.819042 -35.871482 0 0 0 0 0 0 0 0 0 -35.044149 -33.834125 0 0 0 0 0 0 0 0 0 0 -35.86072 0 0 0 0 0 0 0 0 0 0 0 0 0 0 0 0 
0 -32.819042 -32.560319 -33.098154 -33.414709 -33.863658 -34.724654 -33.759761 -32.95769 -39.077189 -39.077189 -37.980181 0 0 0 0 0 0 0 0 0 0 0 0 -35.86072 -34.365078 0 0 0 0 0 0 0 0 0 0 0 0 0 0 0 0 
0 -32.560319 -32.722721 -33.414709 -33.863658 -33.935063 -33.70051 -32.95769 -32.586958 -32.841114 -33.308731 -33.761993 -33.654919 -32.912093 0 0 0 0 0 0 0 0 0 0 -34.365078 0 0 0 0 0 0 0 0 0 0 0 0 0 0 0 0 0 
0 -32.722721 -32.757817 -34.244674 -33.935063 -33.70051 -33.311202 -32.586958 -32.841114 -33.308731 -33.109116 -33.558363 -32.912093 -32.64517 0 0 0 0 0 0 0 0 0 0 0 0 0 0 0 0 0 0 0 0 0 0 0 0 0 0 0 0 
-47.274947 -32.757817 -32.742623 0 0 -48.577311 -35.250774 -32.983459 -33.480299 -33.109116 -33.558363 -34.664542 -32.64517 -32.93136 0 0 0 0 0 0 0 0 0 0 0 0 0 0 0 0 0 0 0 0 0 0 0 0 0 0 0 0 
0 -32.742623 -32.63879 0 0 0 -45.010833 -37.967334 0 -45.717603 -36.075992 0 -32.93136 -33.044868 0 0 0 0 0 0 0 0 0 0 0 0 0 0 0 0 0 0 0 0 0 0 0 0 0 0 0 0 
0 -32.63879 -45.387055 0 0 0 -36.412692 0 0 0 0 -38.988168 -33.419771 -33.87498 -38.125235 -44.103749 0 -33.977774 -48.576585 0 0 0 0 0 0 0 0 0 0 0 0 0 0 0 0 -36.641254 0 0 0 0 0 0 
0 0 0 0 0 0 -34.978859 -36.412692 0 0 0 0 -34.631724 -38.125235 -44.103749 0 -33.977774 -32.943379 -32.604851 0 0 0 0 0 0 0 0 0 0 0 0 0 0 0 -36.641254 -48.60268 0 0 0 0 0 0 
0 0 0 0 0 0 -35.402066 -34.978859 0 0 0 -36.377919 -34.179509 0 0 -40.404842 -32.943379 -32.604851 -32.616121 0 0 -46.064889 0 0 0 0 0 0 0 0 0 0 0 0 -48.60268 -36.14905 0 0 0 0 0 0 
0 0 0 0 0 0 0 -35.402066 0 0 -36.377919 -34.179509 -34.046249 0 0 0 -48.548275 -32.616121 -32.995799 0 -46.064889 0 0 0 0 0 0 0 0 0 0 0 0 0 -36.14905 -37.572302 0 0 0 0 0 0 
0 0 0 0 0 -38.701558 0 0 0 0 0 -34.046249 0 0 0 -48.548275 -33.781201 -32.995799 -32.973123 0 0 0 0 0 0 0 0 0 0 0 0 0 0 0 -37.572302 0 0 0 0 0 0 0 
0 0 0 0 -38.701558 0 -36.336908 0 0 -37.941805 -41.2748 0 0 0 0 -33.781201 -33.280969 -32.973123 -32.625274 0 0 0 0 -48.65259 0 0 0 0 0 0 0 0 0 0 0 0 0 0 0 0 0 0 
0 0 0 0 0 -36.336908 0 0 -37.941805 -41.2748 0 0 0 0 0 0 -33.323068 -32.625274 -33.384391 -48.634523 0 0 -48.65259 -37.246066 0 0 0 0 0 0 0 0 0 0 0 0 0 0 0 0 0 0 
0 0 0 0 0 0 0 0 0 0 0 0 0 0 0 -37.651664 -34.002006 -33.313682 -33.88516 -34.239245 0 0 -37.246066 -34.71666 0 0 0 0 0 0 0 0 0 0 0 0 0 0 0 0 0 0 
-35.461417 -35.56355 0 0 0 0 0 0 0 0 0 0 0 0 -37.651664 0 -33.313682 -33.038617 -34.239245 -34.239245 -38.045254 0 -34.71666 -33.348765 0 0 0 0 0 0 0 0 0 0 -40.206203 0 0 0 0 0 0 0 
0 -45.854439 -47.918743 0 0 0 0 0 0 0 0 0 0 0 0 -33.899339 -33.038617 -33.038617 -34.239245 -33.469337 -33.691192 -41.938478 -33.348765 -33.183293 0 0 0 0 0 0 0 0 0 -40.206203 -34.746204 0 0 0 0 0 0 0 
0 0 0 -38.783385 -37.841837 -35.652581 -34.479058 -43.696039 0 0 -47.220925 -37.101545 -34.078401 -33.342248 -37.055125 0 -33.038617 -35.250774 -33.469337 -33.691192 -36.112197 -48.591087 -33.183293 -34.821519 0 0 0 0 -48.627291 0 0 0 0 -34.746204 -36.263683 0 0 0 0 0 0 0 
0 0 -48.549002 0 -35.652581 -34.479058 -35.577318 -38.006041 -48.664864 -43.94757 -33.601489 -33.450918 -33.130328 -34.012157 -33.342248 -34.179509 0 0 0 -35.017692 0 -34.883016 -34.883016 -47.38958 0 0 0 -48.627291 -35.140516 0 0 0 0 -36.263683 0 0 0 0 0 0 0 0 
0 0 0 -48.549002 0 -35.577318 -38.006041 -48.664864 -48.62295 -38.393084 -32.756373 -32.825615 -33.140538 -33.130328 -32.781923 -32.927937 -33.470893 -32.964675 -32.708166 -32.927318 -35.017692 0 -45.072061 0 0 0 0 -35.140516 -34.191545 0 0 0 0 0 0 0 0 0 0 0 0 0 
0 0 -36.736216 0 0 0 0 0 0 -33.51419 -32.667495 -32.756373 -32.825615 -32.544182 -32.574337 -32.781923 -32.927937 -33.297119 -32.964675 -32.708166 -32.927318 -48.555538 0 0 0 0 0 -34.191545 -35.067682 0 0 0 0 0 0 0 0 0 0 0 0 0 
0 -36.736216 0 0 0 0 0 0 0 -33.830499 -32.805504 -32.667495 -34.496885 -32.973806 -32.544182 -32.574337 -33.087833 -33.595051 -33.297119 -33.749784 0 0 0 0 0 0 -33.169346 -33.160067 -34.385388 0 0 0 0 0 0 0 0 0 0 0 0 0 
0 0 0 0 0 0 -33.916373 -33.667837 -37.206733 -32.41812 -32.41812 0 -48.621503 -36.843576 0 0 0 0 0 0 0 0 0 0 0 0 -32.707084 -33.169346 -33.160067 0 0 0 0 0 0 0 0 0 0 0 0 0 
0 -34.081516 0 0 0 -33.916373 -33.667837 -33.71521 -33.730167 -32.41812 -32.428504 -32.812098 -34.281547 0 0 0 0 0 0 0 0 0 0 0 0 0 -33.917696 -32.707084 0 0 0 0 0 0 0 0 0 0 0 0 0 0 
0 -33.290491 -34.790342 -33.552267 0 -36.929532 -33.71521 -33.730167 -33.730167 -32.428504 -32.596794 -32.946594 -33.148555 -34.768097 -37.903919 0 -34.239245 -34.219564 -34.60458 0 0 0 0 0 0 0 0 -33.917696 0 0 0 0 0 0 0 0 0 0 0 0 0 0 
0 -44.54091 -33.172307 -33.452435 -33.552267 -38.422648 -35.41042 -33.730167 -35.246974 -32.596794 -32.62867 -33.097286 -33.366682 -33.714151 -33.155723 -33.471672 -34.219564 -34.60458 0 0 0 0 0 0 0 0 0 0 0 0 0 0 0 0 0 0 0 0 0 0 0 0 
0 0 -34.412318 -33.172307 -33.452435 -35.736097 -35.41042 -34.325478 -34.616849 -32.62867 -32.744813 -32.987655 -32.924848 -33.155723 -33.471672 -32.513785 0 0 0 0 0 0 0 0 0 0 0 0 0 0 0 0 0 0 0 0 0 0 0 0 0 0 
0 -37.698037 -34.975668 -34.412318 -48.664143 -35.736097 -34.325478 -34.616849 -34.841724 -32.744813 -32.987655 -32.924848 -33.595051 -33.594136 -32.513785 -32.639084 0 0 0 0 0 0 0 0 0 0 0 0 0 0 0 0 0 0 0 0 0 0 0 0 0 0 
0 0 -37.698037 -34.975668 0 0 0 0 0 0 0 0 0 0 0 -32.830303 0 0 0 0 0 0 0 0 0 0 0 0 0 0 0 0 0 0 0 0 0 0 0 0 0 0 
