NCOLS 41
NROWS 49
XLLCORNER 616833.99
YLLCORNER 4621305.4
CELLSIZE 10
NODATA_VALUE -9999
-35.34316 0 0 0 0 0 0 0 0 0 0 0 0 0 0 0 0 0 0 0 0 0 0 0 0 0 0 0 0 -39.064972 0 0 0 0 0 0 0 0 0 0 0 
-33.994776 -35.34316 0 0 0 0 0 0 0 0 0 0 -48.055071 -48.038245 -35.403536 -34.54233 -33.525141 0 0 0 0 0 0 0 0 -40.347168 -38.076407 0 0 -34.322015 -34.076 0 0 0 0 0 0 0 0 0 0 
0 -33.994776 -35.763217 0 0 0 0 0 0 -43.217665 0 0 0 -35.403536 -34.54233 -33.525141 -33.106672 -35.774381 0 0 -34.06911 0 0 0 0 -38.076407 -42.473139 0 0 -34.076 -34.289092 0 0 -48.049897 0 0 0 0 0 0 0 
0 0 0 0 0 0 0 0 0 0 -43.217665 0 0 0 -34.813893 -33.106672 -33.333257 -33.975572 -41.64709 -34.06911 -33.667724 0 0 0 0 -42.473139 0 0 0 -34.289092 -35.371594 0 -48.049897 -41.392143 0 0 0 0 0 0 0 
0 0 0 0 0 0 0 0 0 0 0 0 0 0 0 -33.333257 -33.975572 -34.939723 -35.274478 -33.667724 -33.541502 0 0 0 0 0 0 -37.939084 0 -35.371594 -38.676142 0 -41.392143 -39.698001 0 0 0 0 0 0 0 
0 0 0 0 0 0 0 0 0 0 -48.066703 0 0 0 0 -37.769395 -34.939723 -35.274478 -47.983706 -33.541502 -33.491854 0 0 0 0 0 -37.939084 0 0 -38.676142 0 0 -39.698001 -47.990864 0 0 0 0 0 0 0 
0 0 0 0 0 0 0 0 0 -48.066703 -35.80073 0 0 0 0 0 -34.474903 -46.244592 0 -33.491854 -33.517873 0 0 0 0 0 -47.969378 -48.051837 0 0 0 0 -47.990864 0 0 0 0 0 0 0 0 
0 0 0 0 0 0 0 0 0 -35.80073 -35.548419 0 0 0 0 0 -41.531998 -34.474903 0 -33.517873 -33.823858 0 0 0 0 0 -45.798971 -47.969378 0 -47.973939 0 0 0 0 0 0 0 0 0 0 0 
0 0 0 0 0 0 0 0 0 -35.548419 -38.001614 0 0 0 0 0 0 -41.531998 0 -33.823858 -34.97548 0 0 0 0 0 -39.148033 -45.798971 0 -38.198137 -47.973939 0 0 0 0 0 0 0 0 -37.043911 -48.05119 
0 0 0 0 0 0 0 0 0 -38.001614 0 0 0 0 0 0 0 0 0 -34.97548 -36.661907 0 0 0 0 0 -40.347168 -39.148033 0 -35.567962 -38.198137 0 0 0 0 0 0 0 0 -35.436197 -36.661907 
0 0 0 0 0 0 0 0 0 0 0 0 0 0 0 0 0 0 0 -36.661907 0 0 0 0 0 0 -48.015554 -40.347168 0 -34.281322 -35.567962 0 0 -45.381338 0 0 0 0 0 -35.687152 -35.436197 
0 0 0 0 0 0 0 0 0 0 0 0 0 0 0 0 0 0 0 0 0 0 0 0 0 0 0 -48.015554 0 -34.322015 -34.281322 0 0 -35.789386 -45.381338 0 0 0 0 -37.721483 -35.687152 
0 0 0 0 0 0 0 0 0 0 0 0 0 0 0 0 0 0 0 -39.042006 -33.930009 0 0 0 0 0 0 0 0 -34.193091 -34.322015 0 0 -34.242408 -35.789386 0 0 0 0 0 -37.721483 
0 0 0 0 -36.538965 0 0 0 0 0 0 0 0 0 0 0 0 0 -39.042006 -33.930009 -33.159634 0 0 0 0 0 -40.077937 0 0 0 -34.193091 -39.178961 -39.998775 -34.516512 -34.242408 0 0 0 0 0 0 
0 0 0 -36.538965 -34.573299 0 0 0 0 0 0 -48.047956 -35.377349 0 0 0 0 0 -35.279851 -33.159634 -33.057008 -33.373299 0 0 0 0 -36.172212 -40.077937 0 0 -33.486063 -38.076407 -39.178961 -35.427217 -34.516512 0 0 0 0 0 0 
0 -35.79694 0 -34.573299 -34.063131 0 0 0 0 0 0 -48.055071 -43.547559 -35.377349 0 0 0 0 0 -33.057008 -33.373299 -33.65226 0 0 0 0 -36.172212 -36.172212 0 -48.002566 -33.510351 -33.486063 -38.076407 -35.258486 -35.427217 0 0 0 0 0 0 
0 -35.617934 0 -34.063131 -34.492721 0 0 0 0 0 0 0 -48.055071 -43.547559 0 0 0 0 0 0 -33.65226 -35.403536 0 0 0 0 -37.730996 -36.172212 0 0 -33.740899 -33.510351 0 -34.291324 -35.258486 0 0 0 0 0 0 
0 -35.086998 0 -34.492721 -36.729341 0 0 0 0 0 0 0 0 0 0 0 0 0 0 0 -35.403536 0 0 0 0 0 -48.066057 -37.730996 0 0 -33.740899 -33.740899 0 -34.066542 -34.291324 0 0 0 0 0 0 
0 -35.139313 0 -36.729341 -37.888052 0 0 0 0 0 0 0 0 0 0 0 0 0 0 0 0 0 0 0 0 0 0 -48.066057 0 0 -33.921514 -33.740899 0 -33.955378 -34.066542 -48.055071 0 -37.837968 0 0 0 
0 -36.704568 0 -37.888052 -35.183716 0 0 0 0 0 0 0 0 0 0 0 0 0 0 0 0 0 0 0 0 0 0 -37.980611 0 0 -33.869968 -33.921514 0 -33.955378 -33.955378 -43.463196 -48.055071 0 -37.837968 0 0 
0 -44.518648 0 -35.183716 -34.39039 0 0 0 0 0 0 0 0 0 0 0 0 0 0 0 0 0 0 0 0 0 0 -37.350981 -37.980611 0 -33.769988 -33.869968 0 -33.607377 -33.955378 -43.463196 -43.463196 0 0 0 0 
0 -42.138364 0 -34.39039 -34.111378 0 0 0 0 0 0 0 0 0 0 0 0 0 0 0 0 0 0 0 0 0 0 -35.628125 -37.350981 -48.053777 -33.788799 -33.769988 0 -33.581109 -33.607377 -38.37296 -43.463196 0 0 0 0 
0 -39.71609 0 -34.111378 -34.24771 0 0 0 0 0 0 0 0 0 0 0 0 0 0 0 0 0 0 0 0 0 0 -34.359779 -35.628125 -48.047956 -33.886506 -33.788799 0 -47.992165 -33.581109 0 0 0 0 0 0 
0 -37.058339 0 -34.24771 -34.099707 0 0 0 -36.162843 0 0 0 0 0 0 0 0 0 0 0 0 0 0 0 0 0 0 -33.580295 -34.359779 -47.95438 -33.921514 -33.886506 0 0 0 0 0 0 0 0 0 
0 -39.210178 0 -34.099707 -33.748453 0 0 -36.162843 -34.160775 0 0 0 0 0 0 0 0 0 0 0 0 0 0 0 -36.401755 0 -39.539185 -33.319698 -33.580295 -39.453945 -34.27362 -33.921514 0 0 0 0 0 0 0 0 0 
0 -47.082227 0 -33.748453 -33.65877 -33.482352 -39.354343 -34.160775 -34.257337 0 0 -41.337406 0 0 0 0 0 0 0 0 0 0 0 0 -34.172383 -35.250558 -34.352579 -33.390359 -33.319698 -41.795146 -34.762834 -34.27362 0 0 0 0 0 0 0 0 0 
0 -47.984357 0 -33.65877 -33.482352 -33.571827 -35.687152 -34.257337 -33.802834 0 -41.337406 -35.094009 0 0 0 0 0 0 0 0 -45.210275 0 0 0 -33.215166 -34.027376 -34.708871 -33.869315 -33.390359 0 -37.564905 -34.762834 0 0 0 0 0 0 0 0 0 
0 -40.590384 0 0 -33.571827 -34.10597 -35.621324 -33.802834 -33.378912 -36.36499 -35.094009 -34.705477 0 0 0 0 0 0 0 0 -48.034359 -45.210275 -48.001266 -34.663924 -33.0659 -33.215166 -34.027376 -34.708871 -33.869315 0 0 -37.564905 0 0 0 0 0 0 0 0 0 
0 0 0 0 -34.10597 -35.532322 -34.734657 -33.378912 -33.514277 -34.396633 -34.705477 -33.911729 -48.058303 0 0 0 0 0 0 0 0 -35.503773 -34.256262 -34.042971 -33.266933 -33.0659 -35.227047 -35.79694 -34.819501 0 0 0 0 0 0 0 0 0 0 0 0 
0 0 0 0 -35.532322 -37.015329 -48.038245 -33.514277 -34.396633 -35.221877 -33.911729 -33.549113 -33.676817 -40.705992 -45.557068 0 0 0 0 -37.409037 -35.638382 -33.377569 -34.81576 -34.256262 -33.788799 -33.266933 0 -46.310702 -35.79694 0 0 0 0 0 0 0 0 0 0 0 0 
0 0 0 0 -37.015329 -47.992815 0 -35.594413 -42.236413 -35.910505 -33.549113 -33.676817 -34.141783 -36.831421 -37.477111 -37.939084 0 -36.686178 -36.112156 -35.737462 -36.054033 -33.94367 -33.377569 -34.81576 -34.81017 -33.788799 0 0 -46.310702 0 0 0 0 0 0 0 0 0 0 0 0 
0 0 0 0 -47.992815 0 0 -47.969378 0 0 0 -34.141783 -36.831421 -37.477111 -37.939084 0 0 -48.069932 -36.686178 -36.112156 -35.737462 -36.054033 -33.94367 0 -38.716255 -34.81017 0 0 0 0 0 0 0 0 0 0 0 0 0 0 0 
0 0 0 0 0 0 0 0 0 0 0 -47.008544 0 0 0 0 0 0 -48.069932 0 0 0 -36.891036 0 0 -38.716255 0 0 0 0 0 0 0 0 0 0 0 0 0 0 0 
0 0 0 0 0 0 0 0 0 0 0 0 0 0 0 0 0 -48.071223 0 0 0 0 0 0 0 0 0 0 0 0 0 0 0 0 0 0 0 0 0 0 0 
0 0 0 0 0 0 0 0 0 0 0 0 0 0 0 0 -48.071223 0 0 0 0 0 0 0 0 0 0 0 0 0 0 0 0 0 0 0 0 0 0 0 0 
0 0 0 0 0 0 0 0 0 0 0 0 0 0 0 0 0 0 0 0 0 0 0 0 0 0 0 0 0 0 0 0 0 0 0 0 0 0 0 0 0 
0 0 0 0 0 0 0 0 0 0 0 0 0 0 0 0 0 0 0 0 0 0 0 0 0 0 0 0 0 0 0 0 0 0 0 0 0 0 0 0 0 
0 0 0 0 0 0 0 0 0 0 0 0 0 0 0 0 0 0 0 0 0 0 0 0 0 0 0 0 0 0 0 0 0 0 0 0 0 0 0 0 0 
0 0 0 0 0 0 0 0 0 0 0 0 0 0 0 0 0 0 0 0 0 0 0 0 0 0 0 0 0 0 0 0 0 0 0 0 0 0 0 0 0 
0 0 0 0 0 0 0 0 0 0 0 0 0 0 0 0 0 0 0 0 0 0 0 0 0 0 0 0 0 0 0 0 0 0 0 0 0 0 0 0 0 
0 0 0 0 0 0 0 0 0 0 0 0 0 0 0 0 0 0 0 0 0 0 0 0 0 0 0 0 0 0 0 0 0 0 0 0 0 0 0 0 0 
0 0 0 0 0 0 0 0 0 0 0 0 0 0 0 0 0 0 0 0 0 0 0 0 0 0 0 0 0 0 0 0 0 0 0 0 0 0 0 0 0 
0 0 0 0 0 0 0 0 0 0 0 0 0 0 0 0 0 0 0 0 0 0 0 0 0 0 0 0 0 0 0 0 0 0 0 0 0 0 0 0 0 
0 0 0 0 0 0 0 0 0 0 0 0 0 0 0 0 0 0 0 0 0 0 0 0 0 0 0 0 0 0 0 0 0 0 0 0 0 0 0 0 0 
0 0 0 0 0 0 0 0 0 0 0 0 0 0 0 0 0 0 0 0 0 0 0 0 0 0 0 0 0 0 0 0 0 0 0 0 0 0 0 0 0 
0 0 0 0 0 0 0 0 0 0 0 0 0 0 0 0 0 0 0 0 0 0 0 0 0 0 0 0 0 0 0 0 0 0 0 0 0 0 0 0 0 
0 0 0 -37.949407 0 0 0 0 0 0 0 0 0 0 0 0 0 0 0 0 0 0 0 0 0 0 0 0 0 0 0 0 0 0 0 0 0 0 0 0 0 
0 0 -37.949407 -44.035789 0 0 0 0 0 0 0 0 0 0 0 0 0 0 0 0 0 0 0 0 0 0 0 0 0 0 0 0 0 0 0 0 0 0 0 0 0 
0 0 0 0 0 0 0 0 0 0 0 0 0 0 0 0 0 0 0 0 0 0 0 0 0 0 0 0 0 0 0 0 0 0 0 0 0 0 0 0 0 
