NCOLS 89
NROWS 112
XLLCORNER 543650.24
YLLCORNER 4083886.8
CELLSIZE 10
NODATA_VALUE -9999
0 0 0 0 0 0 0 0 0 0 0 0 0 0 0 0 0 0 0 0 0 0 0 0 2.2749974 0 0 0 0 0 0 0 0 0 0 0.2084633 0.020995613 -7.4940054e-16 0 0 0 0 0 0 0 0 0 0 0 0 0 0 0 0 0 0 0 0 0 0 0 0 0 0 0 0 0 0 23.821725 0 0 0 0 0 0 0 0 0 0 0 0 0 0 0 0 0 0 0 0 
0 0 0 0 0 0 0 0 0 0 0 0 0 0 0 0 0 0 0 0 0 0 0 0 40.241484 0 0 0 0 0 0 0 0 0 18.400062 0 0.0049016099 2.220446e-16 0.029069418 0 0 0 0 0 0 0 0 0 0 0 0 0 0 0 0 0 0.011343461 0.045692679 3.5527137e-15 0 0 0 0 0 0 0 0.067794417 0 0 26.632808 0 0 0 0 0 0 0 0 0 0 0 0 0 0 0 0 0 0 0 
0 0 0 0 0 0 0 0 0 0 0 0 0 0 0 0 0 0 0 0 0 0 0 0 60.109579 0 0 0 0 0 0 0 0 23.015609 12.666818 21.391063 0 0 0 0 0 0 0 0 0 0 0 0 0 0 0 0 0 0 0 20.55778 0 0 3.5527137e-15 0.010027444 0 0.092864134 0 0 0 0 0.017842026 0 0 19.470243 0 0 0 0 0 0 0 0 0 0 0 0 0 0 0 0 0 0 0 
0 0 0 0 0 0 0 0 0 0 0 0 0 0 0 0 0 0 0 0 0 0 0 0 62.749742 0 0 0 0 0 0 0 0 55.95468 0 3.5527137e-15 0 0 0 0 0 0 0 0 0 0 0 0 0 0 0 0 0 0 0 60.568739 0 31.156061 0 3.5527137e-15 296.95985 0.11412851 0.045385119 0.00052942925 0.035426101 0 0.039887694 0 0 0.028170451 0 0 0 0 0 0 0 0 0 0 0 0 0 0 0 0 0 0 0 
0 0 0 0 0 0 0 0 0 0 0 0 0 0 0 0 0 0 0 0 0 0 0 0 34.68423 0 0 0 0 0 0 0 0 74.698466 3.5527137e-15 -7.1054274e-15 1.7763568e-15 0 0 0 0 0 0 0 0 0 0 0 0 0 0 0 0 0 0 58.13037 0 75.599429 0 0 139.87322 43.761428 0.11096326 0.0029419075 0.0040021219 0.064580628 0.030757611 0.015214825 0.0069796887 0 0 0 0 0 0 0 0 0 0 0 0 0 0 0 0 0 0 0 0 
0 0 0 0 0 0 0 0 0 0 0 0 0 0 0 0 0 0 0 0 0 0 0 0 0 0 0 0 0 0 0 0 0 59.394405 0 0 0 0 0 0 0 0 0 0 0 0 0 0 0 0 0 0 0 0 0.025602446 56.896507 0 33.398538 0 0 58.340142 0 1.8413294 0.19953032 0.042308773 3.5527137e-15 0.0011066892 0.0059328696 0.16740859 0.027415214 5.3290705e-15 -1.7763568e-15 0 0 0 0 0 0 0 0 0 0 0 0 0 0 0 0 0 
0 0 0 0 0 0 0 0 0 0 0 0 0 0 0 0 0 0 0 0 0 0 0 0 0 0 0 0 0 0 0 0 0 75.952547 3.5527137e-15 0 0 0 0 0 0 0 0 0 0 0.16675942 7.2042123 0 0 0 0 0 0 0 0.0089473398 59.138221 0 0 0 0 61.506146 0 0 0 0.14537672 37.02087 103.62502 0 0.20939767 0.044354456 0.087658231 0.062519763 0.0077738019 3.5527137e-15 0 0 0 0 0 0 0 0 0 0 0 0 0 0 0 
0 0 0 0 0 0 0 0 0 0 0 0 0 0 0 0 0 0 0 0 0 0 0 0 0 0 0 0 0 0 0 0 0 19.14327 0 0 0 0 18.174585 0 0 0 0 0 0 0 55.93386 0 0 0 0 0 0 0 0.020581264 28.873254 27.95752 0.98899513 0 0.02763639 55.332909 0 0 0 0 182.81381 0 0 0 0 449.116 74.959453 0 0.0084786045 0.013399907 2.7755576e-17 21.100556 0.33333906 0 0 0 0 0 0 0 0 0 0 0 
0 0 0 0 0 0 0 0 0 0 0 0 0 0 0 0 0 0 0 0 0 0 0 0 0 0 0 0 0 0 0 0 0 40.308658 0.004591525 0 0 0 59.642718 0 0 0 0 0 0 0 36.80701 0 0 0 0 0 0 0 0 23.417037 29.128794 0.39710439 0 -3.5527137e-15 52.4874 0 60.494962 0 0 79.552433 0 0 3.5527137e-15 69.03024 16.350648 0 0.0023794162 0.032398961 171.08814 0 0.15276758 0 0 0 0 0 0 0 0 0 0 0 0 
0 0 0 0 0 0 0 0 0 0 0 0 0 0 0 0 0 0 0 0 0 0 0 0 0 0 0 0 0 0 0 0 0 82.033955 0 0 0 0 44.401427 0 0 0 0 0 0 0 12.067431 0 0 0 0 0 0 0 0 0.24686618 23.307966 26.33782 0 -3.5527137e-15 56.703501 0 15.192386 0 0.011335074 75.30264 0 0 -7.1054274e-15 69.86866 22.196626 0 0 0 15.906492 0 0 0 0 0 0 0 0 0 0 0 0 0 0 
0 0 0 0 0 0 0 0 0 0 0 0 0 0 0 0 0 0 0 0 0 0 0 0 33.426342 8.8817842e-16 0 0 0 0 0 0 0 70.743352 0 0 0 0 42.275314 -3.5527137e-15 -3.5527137e-15 0 0 0 0 -3.5527137e-15 31.749581 0 0 0 0 0 0 0 0 23.235678 35.415108 0 0 0 55.293528 0 0 0 0 41.472015 0 0 -3.5527137e-15 -3.5527137e-15 58.352918 0 0 0 39.762355 0 0 0 0 0 0 0 0 0 0 0 0 0 0 
0 0 0 0 0 0 0 0 0 0 0 0 0 0 0 0 0 0 0 0 0 0 0 0 66.641752 0 0 0 0 0 0 0 0 7.2016528 55.507036 3.5527137e-15 0 0 45.665618 3.5527137e-15 0 0 0 0 0 3.5527137e-15 49.362982 0 0 0 0 30.291528 0 0 0 21.3777 29.864406 0 0 0 54.030957 0 0 0 1.7763568e-15 28.643195 0 0 0 -3.5527137e-15 38.480372 0 0 -7.1054274e-15 63.639521 0 0 0 0 0 0 0 0 0 0 0 0 0 0 
0 0 0 0 0 0 0 0 0 0 0 0 0 0 0 0 0 0 0 0 0 0 0 0 60.508811 0 0 0 0 0 0 0 0 1.3448447 52.442936 0 0 0 47.044543 0 0 0 0 0 0 -3.5527137e-15 56.266137 0 0 0 0 57.33787 0 0 0 0.032117952 16.259398 23.806766 0 0 53.208147 0 0 0 0 60.235451 0 0 0 0 0 0 0 0 35.990754 0 0 0 0 0 0 0 0 0 0 0 0 0 0 
0 0 0 0 0 0 0 0 0 0 0 0 0 0 0 0 0 0 0 0 0 0 0 0 57.716711 0 0 0 0 0 0 0 0 0 51.610136 0 0 0 53.613512 0 0 0 0 0 0 3.5527137e-15 57.257191 0 0 0 0 55.844744 0 0 0 0.0018597009 0 45.338152 0 -3.5527137e-15 52.539384 0 0 0 0 59.938263 0 0 0 0 0 0 0 0 0 0 0 0 0 0 0 0 0 0 0 8.2252521 0 0 0 
0 0 0 0 0 0 0 0 0 0 0 0 0 0 0 0 0 0 0 0 0 0 0 0 59.166291 0 0 0 0 0 0 0 0 13.71565 64.710869 0.010141997 0 28.716387 88.579767 0 0 0 0 0 0.035220563 0 54.480899 0 0 0 0 53.052637 0 0 0 0.025850744 0.01256165 20.894079 0.011860557 0.085277595 92.755517 0 0 0 0 55.799205 0 0 0 0 0 0 0 0 35.681416 0 0 0 0 0 0 0 0 0 0 32.765003 0 0 0 
0 0 0 0 0 0 0 0 0 0 0 0 0 0 0 0 0 0 0 0 0 0 0 0 69.858503 0 0 0 0 0 0 0 0 5.6455185 100.33161 0.023962354 0 0 29.023597 0 0 0 0 0 0 0 48.279067 0 0 0 0 0 4.4408921e-15 0 0.029573851 0.032431404 0.053991463 0.034616589 0.034133881 0.077741716 73.063902 0 0 0 -3.5527137e-15 53.282143 0 0 0 0 0 0 0 0 62.829155 0 0 0 0 0 0 0 0 0 0 23.093614 -3.5527137e-15 0 0 
0 0 0 0 0 0 0 0 0 0 0 0 0 0 0 0 0 0 0 0 0 0 0 0 49.551469 0 0 0 0 5.627831 0 0 55.482697 149.38359 0.034728458 0.015939986 0.065715185 82.51014 -7.1054274e-15 -3.5527137e-15 0 0 0 0 0 0 18.090678 25.1427 0 0 0 -1.7763568e-15 7.1054274e-15 0.040325035 0.051120137 0 0 0.032672531 0.11375193 0.10226108 26.13947 72.745462 0 0 -3.5527137e-15 55.213115 0 0 0 0 0 0 0 3.5527137e-15 56.62108 0 0 0 0 0 0 0 0 0 0 0 62.260215 0.029410454 0 
0 0 0 0 0 0 0 0 0 0 0 0 0 0 0 0 0 0 0 0 0 0 0 0 2.0289523 0 0 0 0 99.41881 0.088098593 0 218.16882 -4.4408921e-15 0.03385311 0.016399182 0 8.8817842e-15 0 0 0 0 0 0 0 3.5527137e-15 29.676329 34.530924 0 0 0 0 -7.1054274e-15 0 3.5527137e-15 3.5527137e-15 0.039902303 0 0 -3.5527137e-15 0.077004269 88.765809 0 0 0 47.159743 0 0 0 0 0 0 0 0 59.26626 0 0 0 0 0 0 0 0 0 0 0 50.612818 0.023449257 0 
0 0 0 0 0 0 0 0 0 0 0 0 0 0 0 0 0 0 0 0 0 0 0 0 0 0 0 0 0 238.92521 0 0.013894962 0.051068117 -3.5527137e-14 2.220446e-15 0 3.5527137e-15 0 3.5527137e-15 -3.5527137e-15 0 0 0 0 0 0 58.991078 1.1432788 0 0.038836968 3.5527137e-15 0 -2.6645353e-15 0.035968875 -3.5527137e-15 -3.5527137e-15 0 3.5527137e-15 0.0362543 0.030397113 310.46087 0 0 0 0 10.820326 0 0 0 0 0 0 0 0 67.738992 0 0 0 0 0 0 0 0 0 0 0 55.040035 -3.5527137e-15 0 
0 0 0 0 0 0 0 0 0 0 0 0 0 0 0 0 0 0 0 0 0 0 0 0 0 0 0 0 0 181.77588 0.080686246 0.037631682 -3.7747583e-15 -7.1054274e-15 2.1316282e-14 -1.0658141e-14 3.5527137e-15 7.1054274e-15 0 -3.5527137e-15 0 0 0 0 0 0 57.869874 0 0 0 0.0058830427 62.08656 8.8817842e-16 8.8817842e-16 0 0.026855463 247.81176 72.194531 0 0.026510354 180.19834 0 0 0 0 0 0 0 0 0 0 0 0 0 55.322793 0 0 0 0 0 0 0 0 0 0 0 28.498809 0 0 
0 0 0 0 0 0 0 0 0 0 0 0 0 0 0 0 0 0 0 0 0 0 0 0 0 0 0 0 0 140.25872 -1.0658141e-14 -1.0658141e-14 -5.3290705e-15 0.019357189 -7.1054274e-15 0 0 0 -3.5527137e-15 0 0 0 0 0 0 0 55.669661 0 0 0 3.5527137e-15 54.33682 0 0 0.012516392 0.025510822 85.27494 0 0 0.034194917 64.737559 0 0 0 0 0 0 0 0 0 0 0 0 0 6.2829949 0 0 0 0 0 0 0 0 0 0 0 56.641596 0 0 
0 0 0 0 0 0 0 0 0 0 0 0 0 0 0 0 0 0 0 0 0 0 0 0 0 0 0 0 0 99.528359 0.031842732 0.0207681 0.022746864 0.011634652 0 3.5527137e-15 0 3.5527137e-15 0 0 0 0 0 0 0 0 0 38.09712 0 0 3.5527137e-15 24.288731 1.7763568e-15 -1.7763568e-15 0 0.060966161 46.984566 27.483743 0 0 49.0889 0 0 0 0 0 0 0 0 0 0 0 0 0 0 0 0 0 0 0 0 0 0 0 0 0 4.8472312 0 0 
0 0 0 0 0 0 0 0 0 0 0 0 0 0 0 0 0 0 0 0 0 0 0 0 0 0 0 0 0 68.113354 0 -7.1054274e-15 0 -1.7763568e-15 0 0 0 0 0 0 0 0 0 0 0 -7.1054274e-15 -1.7763568e-15 -8.8817842e-16 9.2551955 0.034159543 0.023869069 0.020783021 0.019563404 0.051665626 7.1054274e-15 0 -1.7763568e-15 0.032759818 0.1031997 0.10359267 64.569874 0 0 0 0 0 0 0 0 0 0 0 0 0 0 0 0 0 0 0 0 0 0 0 0 0 0 0 0 
0 0 0 0 0 0 0 0 0 0 0 0 0 0 0 0 0 0 0 0 0 0 0 0 0 0 0 0 0 51.905565 -3.5527137e-15 0 31.747005 0 21.357899 0 0 0 0 0 0 0 0 0 0 0 5.3290705e-15 0.0040849732 0.028926559 0 3.5527137e-15 0.037871961 0.062095293 0.047996568 -3.5527137e-15 0.044549093 0.16171523 0.041754856 0 -3.5527137e-15 51.937553 0 0 0 0 0 0 0 0 0 0 0 0 0 0 0 0 0 0 0 0 0 0 0 0 0 0 0 0 
0 0 0 0 0 0 0 0 0 0 0 0 0 0 0 0 0 0 0 0 0 0 0 0 0 0 0 0 0 53.585788 0 0 0 0 54.678004 3.5527137e-15 0 0 0 0 0 0 0 0 0 0 3.5527137e-15 15.422863 4.4408921e-16 7.1054274e-15 0.049452519 0.042225746 0.056482879 0.033793426 0 0.050566921 0.094103789 0.060315414 -7.1054274e-15 0.064464382 25.354114 48.340382 22.353512 0 0 0 0 0 0 1.7763568e-15 19.107827 0 0 0 0 0 0 0 0 0 0 0 0 0 0 0 0 0 0 
0 0 0 0 0 0 0 0 0 0 0 0 0 0 0 0 0 0 0 0 0 0 0 0 0 0 0 0 0 54.330289 0 3.5527137e-15 0 0 53.012882 -3.5527137e-15 0 0 0 0 0 0 0 0 0 0 86.289882 6.2262619 0 0.0020410542 0.009808166 0.012731072 0.060145087 0.088750955 0.23571133 0.16947314 292.94608 0.20660425 0.30499661 0.16189285 0.17095144 0.15232319 161.18374 0 0 11.131425 0 0 0 0 52.231301 0 0 0 0 0 0 0 0 0 0 0 0 0 0 0 0 0 0 
0 0 0 0 0 0 0 0 0 0 0 0 0 0 0 0 0 0 0 0 0 0 0 0 0 0 0 0 0 54.888002 3.5527137e-15 0 0 0 56.898902 0 0 0 0 0 0 0 0 0 0 0 53.440504 0 0 0 0.035706727 0.033495747 0.092724847 0.13239306 0.13072475 0.30332265 346.86593 0 69.134147 0.27469431 0.23915209 346.9779 0 0 7.1054274e-15 64.331316 0 0 0 7.1054274e-15 50.522511 0 0 0 0 0 0 0 0 0 0 0 0 0 0 0 0 0 0 
0 0 0 0 0 0 0 0 0 0 0 0 0 0 0 0 0 0 0 0 0 0 0 0 0 0 0 0 0 55.469195 0 0 0 0 61.313691 0 0 0 0 0 0 0 0 0 0 0 5.0013768 2.49347 0 0 0 -7.1054274e-15 7.1054274e-15 7.1054274e-15 0.054820243 0.037602411 184.79419 0 0 0 0.17130265 122.73674 0 0 0 77.80778 0 0 0 3.5527137e-15 51.23058 0 0 0 0 0 0 0 0 0 0 0 0 0 0 0 0 0 0 
0 0 0 0 0 0 0 0 0 0 0 0 0 0 0 0 0 0 0 0 0 0 0 0 0 4.0256437 0 0 0 55.118254 0 0 0 36.00606 19.917892 0 0 0 0 0 0 0 0 0 0 0 0 0 0 0 0 0.0077112849 0.057125576 3.5527137e-15 0.016978098 0.058340448 175.51954 0 0 0 -3.5527137e-15 52.749179 0 0 0.029844882 93.478148 0 0 0 0 55.643029 0 0 0 0 0 0 0 0 0 0 0 0 0 0 0 0 0 0 
0 0 0 0 0 0 0 0 0 0 0 0 0 0 0 0 0 0 0 0 0 0 0 0 0 47.795046 0 0 0 53.492437 -3.5527137e-15 0 0 42.944709 19.890674 0 0 0 0 0 0 0 0 0 0 0 0 0 0 0 0 3.5527137e-15 0 -3.5527137e-15 -3.5527137e-15 0.017134526 173.72335 0 0 0 0 50.936806 0 0 0.022081772 78.620481 0 0 0 0 21.545529 0 0 0 0 0 0 0 0 0 0 0 0 0 0 0 0 0 0 
0 0 0 0 0 0 0 0 0 0 0 0 0 0 0 0 0 0 0 0 0 0 0 0 0 78.220107 0 0 0 57.317458 0 0 0 11.340912 57.176878 -7.1054274e-15 0 0 0 0 0 0 0 0 0 0 0 0 0 0 0 0 0 0.046024513 0.092777479 0.080038748 180.96793 0 0 0 0 50.249124 0 0 0 29.995163 0 0 0 0 0 0 0 0 0 0 0 0 0 0 0 0 0 0 0 0 0 0 0 
0 0 0 0 0 0 0 0 0 0 0 0 0 0 0 0 0 0 0 0 0 0 0 0 0 70.746825 0 0 0 65.089409 3.5527137e-15 0 0 26.739464 0 0 0 0 0 0 0 0 0 0 0 0 0 0 0 0 -3.5527137e-15 0 0.0054294953 3.5527137e-15 0.021612918 0 165.32544 0 0 0 0 51.912306 0 0 0 0 0 0 0 0 1.0803432 0 0 0 0 0 0 0 0 0 0 0 0 0 0 0 0 0 0 
0 0 0 0 0 0 0 0 0 0 0 0 0 0 0 0 0 0 0 0 0 0 0 0 0 63.860207 0 0 15.259138 32.117392 3.5527137e-15 -3.5527137e-15 0 0 0 0 0 0 0 0 0 0 0 0 0 0 0 0 0 0 0.019418523 0.027993132 0 0 0.0012559068 0 168.44662 0 0 0 0 54.710367 0 0 0 0 0 0 0 0.019732704 38.602148 0 0 0 0 0 0 0 0 0 0 0 0 0 0 0 0 0 0 
0 0 0 0 0 0 0 0 0 0 0 0 0 0 0 0 0 0 0 0 0 0 0 0 0 60.021367 -3.5527137e-15 0 85.365681 8.8817842e-16 0 3.5527137e-15 0 0 0 0 0 0 0 0 0 0 0 0 0 0 0 0 0 0 0 0 0 0 3.5527137e-15 -3.5527137e-15 165.27594 0 0 0 3.5527137e-15 54.608715 0 0 0 0 0 0 0 0 73.49988 0 0 0.028816174 0 0 0 0 0 0 0 0 0 0 0 0 0 0 0 
0 0 0 0 0 0 0 0 0 0 0 0 0 0 0 0 0 0 0 0 0 0 0 0 0 56.89198 -3.5527137e-15 0 95.690129 0.018273944 -3.5527137e-15 -3.5527137e-15 0 0 0 0 0 0 0 0 0 0 0 0 0 0 0 0 0 0 3.5527137e-15 -3.5527137e-15 0.020882434 0.032165969 0.032989873 0.035267552 140.90923 0 0 0 -3.5527137e-15 56.992538 0 0 0 0 0 0 0 0 61.23989 0 0 0 0 67.533579 0 0 0 0 0 0 0 0 0 0 0 0 0 
0 0 0 0 0 0 0 0 0 0 0 0 0 0 0 0 0 0 0 0 0 0 0 0 0 56.492084 0 0 48.703605 0.021614717 0 0 0 0 0 0 0 0 0 0 0 0 0 0 0 0 0 0 0 0 0 3.5527137e-15 0.041756302 0.022830248 0.033049658 0.053521866 128.12242 0 0 0 0 57.04436 0 0 0 0 0 0 0 -3.5527137e-15 58.606575 0 0 0 -3.5527137e-15 59.31898 0 0 0 0 0 0 0 0 0 0 0 0 0 
0 0 0 0 0 0 0 0 0 0 0 0 0 0 0 0 0 0 0 0 0 0 0 0 0 54.822679 -3.5527137e-15 0 50.540572 8.8817842e-16 -1.5543122e-15 3.5527137e-15 0 0 0 0 0 0 0 0 0 0 0 0 0 0 0 0 0 0 0 3.5527137e-15 -3.5527137e-15 0 0 0.052574346 88.007056 0 0 0 0 56.778455 0 0 0 0 0 0 0 0 57.486718 0 0 0 0 54.887331 0 0 0 0 0 0 0 0 0 0 0 0 0 
0 0 0 0 0 0 0 0 0 0 0 0 0 0 0 0 0 0 0 0 0 0 0 0 0 52.301762 0 0 40.36474 1.1835404 3.6473133 -3.5527137e-15 0 0 0 0 0 0 0 0 0 0 0 0 0 0 0 0 0 0 7.1054274e-15 -3.5527137e-15 0 0 0.076163786 0.075880667 25.553998 67.341816 0 0 0 53.763732 0 0 0 0 0 0 0 0 55.161206 0 0 0 0 51.008113 0 0 0 0 0 0 0 0 0 0 0 0 0 
0 0 0 0 0 0 0 0 0 0 0 0 0 0 0 0 0 0 0 0 0 0 0 0 0 57.577028 0 0 0.60316115 40.436691 0.019345847 0 0 0 0 0 0 0 0 0 0 0 0 0 0 0 0 0 0 0 0.030341722 0.0096427114 0.05071834 -7.1054274e-15 0.03411767 0.058341939 0.065342047 3.9036259 37.130284 0 0 52.139691 0 0 0 0 -8.8817842e-16 0 0 0 56.201336 0 0 0 0 49.938699 0 0 0 0 0 0 0 0 0 0 21.609665 0 0 
0 0 0 0 0 0 0 0 0 0.32598658 0 0 0 0 0 0 0 0 0 0 0 0 0 0 0 58.336346 0 0 30.682315 1.110223e-16 28.435066 3.5527137e-15 0 0 0 0 0 0 0 0 0 0 0 0 0 0 0 0 0 0 0 0.038946949 0.037491351 3.5527137e-15 3.5527137e-15 0.064597383 -3.5527137e-15 0.11703959 8.7662583 0.0094130545 0.073178738 81.987818 0 0 0 0 0 -1.7763568e-15 0 0 61.839527 0 0 0 -3.5527137e-15 50.733539 0 0 0 0 0 0 0 0 0 0 25.606316 0 0 
0 0 0 0 0 0 0 0 0.032126077 15.555029 4.5256513 0 0 0 0 0 0 0 0 0 0 0 0 0 0 54.419154 7.1054274e-15 0 29.700971 24.923166 3.7747583e-15 -3.5527137e-15 0 0 0 0 0 0 0 0 0 0 0 0 0 0 0 0 0 0 0 3.5527137e-15 -1.7763568e-15 0.047759061 -3.5527137e-15 0 0 577.94467 22.120647 0 0.14797747 91.177289 0 0 0 0 0 0.025907132 0 0.020350835 66.075547 0 0 0 0 48.350115 0 0 0 0 0 0 0 0 0 0 28.345582 0 0 
0 0 0 0 0 0 0 0.0014987647 0 0 128.6774 36.505175 0 0 0 0 0 0 0 0 0 0 0 0 0 56.470609 3.5527137e-15 0 2.9810713 34.596616 26.883844 -3.5527137e-15 0 0 0 0 0 0 0 0 0 0 0 0 0 0 0 0 0 0 0 0 1.3322676e-15 0.0042435889 0.079420059 0.051976035 203.17575 0 0 0 0 26.975241 0 0 0 3.5527137e-15 7.1054274e-15 -8.8817842e-15 0.046630783 0.039641742 0.050311412 0 0.027337012 0.056989195 0 -1.7763568e-15 29.93574 0 0 0 0 0 0 0 0 0 8.1633424 0 0 
0 0 0 0 0 0 0 -8.8817842e-16 0 115.67858 1.7763568e-15 -3.5527137e-15 0 0 0 0 0 0 0 0 13.914636 0 0 0 0 56.725252 3.5527137e-15 0 5.2488094 52.663659 19.070154 0 0 0 0 0 0 0 0 0 0 0 0 0 0 0 0 0 0 0 0 0.037109879 0.060186672 0.040637757 0.014282435 0.098743806 111.18614 0 0 0 0 0 0 0 0 0 3.5527137e-15 31.260636 0 0 3.3629811 6.6613381e-15 2.6645353e-15 0 0.037357022 0.042171738 46.549889 0 0 0 0 0 0 0 0 0 0 0 0 
0 0 0 0 0 0 0 0.004517633 59.838022 62.139011 0 -7.1054274e-15 0 0 0 0 0 0 0 0 49.257779 0 0 0 0 84.522108 0.12340557 0 76.058798 11.334599 0 3.5527137e-15 0 0 0 0 0 0 0 0 0 0 0 0 0 0 0 0 0 0 0 0.01714129 0.050270571 -8.8817842e-16 0.0016252197 0.0064123328 106.43793 0 0 0 0 21.755694 0 0 0 0 97.218541 63.839309 0 3.5527137e-15 117.14514 21.355941 0.034720778 -7.1054274e-15 0 177.09108 0 0 0 0 0 0 0 0 0 0 0 0 0 
0 0 0 8.8817842e-16 -7.1054274e-15 3.5527137e-15 17.866936 0 0 59.96588 -1.7763568e-15 5.3290705e-15 0 0 0 0 0 0 0 0 16.851464 0 0 0 90.993859 191.7626 1.7763568e-14 0 43.805 0.023467967 -1.7763568e-15 0 0 0 0 0 0 0 0 0 0 0 0 0 0 0 0 0 0 0 0 0 3.5527137e-15 -1.3322676e-15 0.0037904669 0.041031468 88.868751 0 0 0 0 66.504607 0 0 0 0 50.018438 0 0 0 6.5687225 6.9916968 0 0 0 108.18995 0 0 0 0 0 0 0 0 0 0 0 0 0 
0 0 0 4.4830186 34.056818 71.899873 17.050753 0 0 21.239235 24.699826 -3.5527137e-15 0 -3.5527137e-15 0 0 0 0 0 0 39.069226 0.24019597 0 136.6047 215.39028 -5.3290705e-15 -1.0658141e-14 -3.5527137e-15 -3.5527137e-15 -6.2172489e-15 3.5527137e-15 0 0 0 0 0 0 0 0 0 0 0 0 0 0 0 0 0 0 0 3.5527137e-15 0 0.015401757 0.056034767 0.034125566 0 118.01482 0 0 0 0 63.721597 0 0 0 0 66.488422 0 0 0 0 58.16587 0 0 0 22.658104 0 0 0 0 0 0 0 0 0 0 7.9041926 -4.4408921e-16 0 
0 0 0 0 0 0 0 0 0 9.766323 43.115586 0 0 0 0 0 0 0 0 0 145.76057 -3.5527137e-15 0.079657917 0.023185504 0.0060536725 7.1054274e-15 3.5527137e-15 0 3.5527137e-15 -3.5527137e-15 0 3.5527137e-15 0 0 0 0 0 0 0 0 0 0 0 0 0 0 0 0 0 0 3.5527137e-15 0 0 3.5527137e-15 0 0.012246579 102.34619 22.303479 0 0 0 0 0 0.018491844 0 0 70.267523 0 0 0 3.5527137e-15 25.895748 35.33691 0 0 0 0 0 0 0 0 0 0 0 0 0 76.218935 0 0 
0 0 0 0 0 0 49.541772 0 0 33.678068 22.231956 1.7763568e-15 0 0 0 0 0 0 0 0 0 74.368082 0.11189864 0.067560638 0.1085555 0.032277862 -3.5527137e-15 7.1054274e-15 0 -3.5527137e-15 0 0 0 0 0 0 0 0 0 0 0 0 0 0 0 0 0 0 0 0 0 -7.1054274e-15 0 -1.0658141e-14 1.0658141e-14 -3.5527137e-15 73.134951 93.77344 0 0 0 -3.5527137e-15 2.6645353e-15 2.6645353e-15 0 0.026196226 31.866787 0 0 0 7.1054274e-15 56.271429 0 0 0 0 0 0 0 0 0 0 0 0 0 0 70.931378 0 0 
0 0 0 0 0 0 70.357784 0.065673791 0 52.309098 -8.8817842e-16 0 -3.5527137e-15 0 0 0 0 0 0 0 0 60.603468 0.070312544 0.0040429278 0.07662963 0.071544503 0 -3.5527137e-15 0 -3.5527137e-15 -3.5527137e-15 0 0 0 0 0 0 0 0 0 0 0 0 0 0 0 1.7763568e-15 -8.8817842e-16 0 0 0 3.5527137e-15 7.1054274e-15 -7.1054274e-15 0.050021227 0.046539499 0.29827272 235.9232 44.858892 0 -7.1054274e-15 5.608933 3.5527137e-15 2.6645353e-15 0 0 21.012667 2.7176289 8.8817842e-16 0.069486001 0.13610243 2.5662323 9.6988005 0 0 0 0 0 0 0 0 0 0 0 0 34.167401 0 0 0 
0 0 30.90174 0 0 0 68.996139 0.059015011 0 10.469889 -3.5527137e-15 1.7763568e-15 3.5527137e-15 0 0 0 0 0 0 0 0 62.311416 0.052692018 3.5527137e-15 0.053174065 0 3.5527137e-15 0 0 0 0 0 0 0 0 0 0 0 0 0 0 0 0 0 0 0 -7.1054274e-15 32.125541 23.098295 4.1094744 0 0 0.014575244 0.034064781 0.035997713 0.22044348 0.0012272589 407.25068 0 0 0.028579361 84.965943 17.264152 0 0.03339445 0 32.128226 113.01081 0 0.025428248 0 0.12554758 35.848744 0 0 0 0 0 0 0 0 0 0 0 0 37.548848 74.013059 0 0 
0 0 66.012811 3.5527137e-15 0 0 58.72962 -3.5527137e-15 3.5527137e-15 2.5191177 -3.5527137e-15 -3.5527137e-15 0 0 0 0 0 0 0 0 0 61.638783 0.01084464 0.0047448095 0.039101872 0 -3.5527137e-15 0 0 0 0 0 0 0 0 0 0 0 0 0 0 0 0 0 0 0 0 81.166123 0 0 0 0 0.011347692 0.091742999 0.089264176 0.13355071 0.23192074 213.92841 0 0 0 79.212535 0 0 0 0 90.351517 0 0 0 0 75.193864 39.052939 0 0 0 0 0 0 0 0 0 0 0 108.14852 56.858084 -3.5527137e-15 0 3.5527137e-15 
0 0 52.556033 0 0 0 47.21909 0 3.5527137e-15 4.4408921e-16 0 0 0 0 0 0 0 0 0 0 0 56.651834 0.034368496 -3.5527137e-15 7.1054274e-15 0 0 0 0 0 0 0 0 0 0 0 0 0 0 0 0 0 0 0 0 0 0 12.835188 0 0 0 0.023577745 0 0.012856017 0.020859672 0.024220222 0.025990871 163.53572 0 0 -3.5527137e-15 27.654671 0 0 0 -3.5527137e-15 59.465001 0 0 0 0 147.02515 20.18679 0 0 0 0 0 0 0 0 0 0 0 168.62021 8.8817842e-16 0 -3.5527137e-15 0 
0 0 53.942221 0 0 0 62.648099 0 0 0 0 0 0 0 0 0 0 0 0 0 0 52.020706 -1.7763568e-15 3.5527137e-15 0 0 0 0 0 0 0 0 0 0 0 0 0 0 0 0 0 0 0 0 0 0 0 0 0 0 0 0.015161208 -2.6645353e-15 0 0.03748082 0.0061379631 0.024841761 121.12282 0 0 0 0 0 0 0 -3.5527137e-15 55.628688 0 0 3.5527137e-15 3.5527137e-15 -1.7763568e-15 121.76375 0 0 0 0 0 0 0 0 0 55.789849 126.95043 15.762417 0 -3.5527137e-15 3.5527137e-15 0 
0 0 54.154537 0.012710563 0 0 60.737993 0.0072763603 3.5527137e-15 0 0 0 0 0 0 0 0 0 0 0 0 57.865972 -3.5527137e-15 7.1054274e-15 0 0 0 0 0 0 0 0 0 0 0 0 0 0 0 0 0 0 0 0 0 0 0 0 0 0 0 0 0.003922038 0 0.024740156 0.036858147 0.036583434 101.2205 0 0 0 0 0 0 0 0 53.70779 0 0 0 -3.5527137e-15 -1.7763568e-15 38.805316 0 0 0 0 0 0 0 0 0 25.81171 0 -1.7763568e-15 -7.1054274e-15 3.5527137e-15 3.5527137e-15 0 
0 0 55.280999 0 0 0 0 52.194267 -3.5527137e-15 0 0 0 0 0 0 0 0 0 0 0 0 89.861764 0 0 0 0 0 0 0 0 0 0 0 0 0 0 0 0 0 0 0 0 0 0 0 0 0 0 0 0 0 0 25.577577 0.049498614 0 0 0.026532868 77.56072 0 0 0 0 0 0 0 3.5527137e-15 54.165005 0 0 0 -3.5527137e-15 -1.7763568e-15 45.083825 0 0 0 0 0 0 0 0 0 91.051227 0 -6.2172489e-15 7.1054274e-15 0 -3.5527137e-15 0 
0 0 54.502117 0 0 0 0 53.169887 0 0 0 0 0 0 0 0 0 0 0 0 0 77.621969 0 0 0 0 0 0 0 0 0 0 0 0 0 0 0 0 0 0 0 0 0 0 0 0 0 0 0 0 0 0 25.916744 0.037996233 0.061853104 0 0.020646182 84.459909 0 0 0 0 0 0 0 0 55.520612 0 0 0 3.5527137e-15 0 36.009964 0 0 0 0 0 0 0 0 0 103.28837 0 7.1054274e-15 3.5527137e-15 0 0 0 
0 0 51.87516 0.013522153 0 0 0 53.632504 0.0017230742 0 0 0 0 0 0 0 0 0 0 0 0 63.603252 7.1054274e-15 0 0 0 0 0 0 0 0 0 0 0 0 0 0 0 0 0 0 0 0 0 0 0 0 0 0 0 0 0 21.213088 0 0.03127425 0 0.021030852 81.862903 0 0 0 0 0 0 0 -3.5527137e-15 56.691652 0 0 0 3.5527137e-15 50.962337 0 0 0 0 0 0 0 0 0 0 74.309267 3.5527137e-15 -3.5527137e-15 5.3290705e-15 0 0 0 
0 0 49.838746 0 0 0 0 54.995946 0 0 0 0 0 0 0 0 0 0 0 0 0 51.645865 0 0 0 0 0 0 0 0 0 0 0 0 0 0 0 0 0 0 0 0 0 0 0 0 0 0 0 0 0 0 4.9042557 0 0.04146325 0 0.015270456 94.399672 0 0 0 0 0 0 0 -3.5527137e-15 57.638669 0 0 0 0 53.283169 0 0 0 0 0 0 0 0 0 0 53.103697 0 0 0 0 0 0 
0 0 50.515816 0 0 0 0 53.261078 0.027586633 0 0 0 0 0 0 0 0 0 0 0 0 49.392042 -3.5527137e-15 0 0 0 0 0 0 0 0 0 0 0 0 0 0 0 0 0 0 0 0 0 0 0 0 0 0 0 0 0 0 8.8817842e-16 0.0061772304 0.032536244 0 92.245341 0 0 0 0 0 0 0 -7.1054274e-15 65.833496 0 0 0 0 55.523333 0 0 0 0 0 0 0 0 0 0 51.492538 0 0 0 0 0 0 
0 0 51.957121 0 0 0 0 51.147586 3.5527137e-15 0 0 0 0 0 0 0 0 0 0 0 0 49.770799 0 0 0 0 0 0 0 0 0 0 0 0 0 0 0 0 0 0 0 0 0 0 0 0 0 0 0 0 0 0 2.6645353e-15 0.00031007466 0.015674801 0.067564632 0.06039264 96.19443 0 0 0 0 0 0 0 0 35.0181 0 0 0 0 56.218197 0 0 0 0 0 0 0 0 0 0 51.193578 0.029374476 0 0 0 0 0 
0 0 64.061987 -3.5527137e-15 0.040885539 0.0090963891 0.0037175754 20.58468 0 0 0 34.786826 -8.8817842e-16 0 0 0 0 0 0 0 0 50.650066 0 0 0 0 0 0 0 0 0 0 0 0 0 0 0 0 0 0 0 0 0 0 0 0 0 0 0 0 0 0 20.957173 12.782752 8.8817842e-16 0.047432058 0.0088157853 88.141747 0 0 0 0 0 0 0 0 0 0 0 0 0 63.253221 0 0 0 0 0 0 0 0 0 0 52.292109 0 0 0 0 0 0 
0 0 83.300312 -3.5527137e-15 0 0.012088317 20.010796 0 3.5527137e-15 0 0 68.453074 0 0 0 0 0 0 0 0 0 52.496662 0.026483483 0 0 0 0 0 0 0 0 0 0 0 0 0 0 0 0 0 0 0 0 0 0 0 1.7763568e-15 0 0 0 0 -3.5527137e-15 28.070617 44.42436 12.50843 0.030995884 0.079711471 64.203536 0 0 0 0 0 0 0 0 0 0 0 0 0 31.419489 0 0 0 0 0 0 0 0 0 0 52.864025 0 0 0 0 0 0 
0 0 75.836238 0.014505719 0.022346363 4.390723 33.129529 27.868448 0 0 0 69.233318 -3.5527137e-15 0 0 0 0 0 0 0 0 52.946829 0 0 0 0 0 0 0 0 0 0 0 0 0 0 0 0 0 0 0 0 0 0 0 0 0 -8.8817842e-16 0 14.538013 0 3.5527137e-15 64.954469 1.2535413 0 0 0.004151316 56.382758 0 0 0 0 0 0 0 0 0 0 0 0 0 0 0 0 0 0 0 0 0 0 0 0 52.109276 3.5527137e-15 0 0 0 0 0 
0 0 63.263488 0.0035537582 0 0 0 58.89877 0.0030408648 0 0 92.758026 0 0 0 0 0 0 0 0 0 48.048947 -3.5527137e-15 0 0 0 0 0 0 0 0 0 0 0 0 0 0 0 0 0 0 0 0 0 0 0 0 0 3.5527137e-15 41.575097 0 0 65.144331 0 0 0 -3.5527137e-15 54.040059 0 0 0 0 0 0 0 0 0 0 0 0 0 0 0 0 0 0 0 0 0 0 0 0 49.842129 0 0 0 0 0 0 
0 0 56.657116 0 0 0 1.1782258 63.464868 0.012033974 3.5527137e-15 0 0 86.443339 0.00087873109 0 0 0 0 0 0 0 45.659251 0 0 0 0 0 0 0 0 0 0 0 0 0 0 0 0 0 0 0 0 0 0 0 0 0 0 14.444657 21.913676 0 3.5527137e-15 60.969508 0 0 0 0 52.508293 0 0 0 0 0 0 0 0 0 0 0 0 0 0 0 0 0 0 0 0 0 0 0 0 48.668587 0 0 0 0 0 0 
0 29.260319 23.284242 0 0 0 0 54.075531 3.5527137e-15 0 0 0 74.887407 0.035230346 0 0 0 0 0 0 0 48.474554 0 0 0 0 0 0 0 0 0 0 0 0 0 0 0 0 0 0 0 0 0 0 0 0 0 0.029666984 64.073889 0 0 0 56.625047 0 0 0 0 53.672533 0 0 0 0 0 0 0 0 0 0 0 0 0 0 0 0 0 0 0 0 0 0 0 0 51.316868 3.5527137e-15 0 0 0 0 0 
23.255056 21.449297 0 0 0 0 0 50.989076 0.039720731 0 0 0 69.956468 0.017536157 0 0 0 0 0 0 0 48.7401 0 0 0 0 0 0 0 0 0 0 0 0 0 0 0 0 0 0 0 0 0 0 0 -3.5527137e-15 0 3.5527137e-15 95.540614 0 0 3.5527137e-15 3.9361944 46.081125 0 0 0 54.607009 0 0 0 0 0 0 0 0 0 0 0 0 0 0 0 0 0 1.110223e-15 37.497886 0 0 0 0 0 59.565044 0 0 0 0 0 0 
0 64.315231 0.062615772 0.0073202854 0 0 0 53.492109 0 0 0 0 38.642901 0 0 0 0 0 0 0 0 14.498443 0 0 0 0 0 0 0 0 0 0 0 0 0 0 0 0 0 0 0 0 0 0 0 0 0 1.7763568e-15 77.742802 0 0 -3.5527137e-15 32.766468 0 0 0 0 53.21909 0 0 0 0 0 0 0 0 0 0 0 0 0 0 0 0 0 0 65.375932 0 0 0 0 0 42.532104 0 0 0 0 0 0 
0 5.1164216 62.145338 0 0 0 26.705575 25.651579 0 0 0 0 0 0 0 0 0 0 0 0 0 0 0 0 0 0 0 0 0 0 0 0 0 0 0 0 0 0 0 0 0 0 0 0 0 1.7763568e-15 0 4.4408921e-15 85.554506 0 0 0 79.231396 0 0 0 0 52.143437 0 0 0 0 0 0 0 0 0 0 0 0 0 0 0 0 0 0 53.972143 0 0 0 0 0 4.1850222 0 0 0 0 0 0 
0 0 55.416375 0 0 0 26.466356 26.00061 0.0054802241 0 0 0 0 0 0 0 0 0 0 0 0 0 0 0 0 0 0 0 0 0 0 0 0 0 0 0 0 0 0 0 0 0 0 0 0 0 -3.5527137e-15 -3.9968029e-15 81.032148 0 0 0 67.727899 0 0 0 -3.5527137e-15 56.92622 0 0 0 0 0 0 0 0 0 0 0 0 0 0 0 0 0 3.5527137e-15 57.149381 0 0 0 0 0 0 0 0 0 0 0 0 
0 0 50.393517 -3.5527137e-15 0 0 0.41701277 61.711532 0.00011199991 0 0 0 37.918484 0.00051888722 0 0 0 0 0 0 0 0 0 0 0 0 0 0 0 0 0 0 0 0 0 0 0 0 0 0 0 0 0 0 0 132.05841 0 4.4408921e-16 49.920091 0 0 0 64.42613 0 0 0 0 44.297094 0 0 0 0 0 0 0 0 0 0 0 0 0 0 0 0 0 0 41.570493 0 0 0 0 0 0 0 0 0 0 0 0 
0 0 56.295652 0 0 27.694026 2.894459 24.920225 0.023432056 0 0 0 71.622428 0.0048698251 0 0 0 0 0 0 0 0 0 0 0 0 0 0 0 0 0 0 0 0 0 0 0 0 0 0 0 0 0 0 0 69.556116 0 0 13.126638 0 0 0 69.777659 0 0 0 0 5.5343157 0 0 0 0 0 0 0 0 0 0 0 0 0 0 0 0 0 0 1.3375204 0 0 0 0 0 0 0 0 0 0 0 0 
0 0 61.281845 0 0 0 0 54.750183 0 0 0 0 59.978149 3.5527137e-15 0 0 0 0 0 0 0 0 0 0 0 0 0 0 0 0 0 0 0 0 0 0 0 0 0 0 0 0 0 0 45.331183 41.623376 0 0 0 0 0 0 0 52.230154 0 0 0 0 0 0 0 0 0 0 0 0 0 0 0 0 0 0 0 0 0 0 6.8176196 0 0 0 0 0 0 0 0 0 0 0 0 
0 0 52.555369 3.5527137e-15 0 0 0 57.136411 0 0 0 0 59.655276 0 0 0 0 0 0 0 0 0 0 0 0 0 0 0 0 0 0 0 0 0 0 0 0 0 0 0 0 0 0 3.5527137e-15 92.871576 0 0 0 0 0 0 0 0 0 0 0 0 0 0 0 0 0 0 0 0 0 0 0 0 0 0 0 0 0 0 0 49.545325 0 0 0 0 0 0 0 0 0 0 0 0 
0 0 49.045589 0 0 0 0 52.836951 0 0 0 0 62.201901 0 0 0 0 0 0 0 0 0 0 0 0 0 0 0 0 0 0 0 0 0 0 0 0 0 0 0 0 0 3.5527137e-15 93.88493 0 0 0 0 0 0 0 0 1.7763568e-15 27.355796 0 0 0 0 0 0 0 0 0 0 0 0 0 0 0 0 0 0 0 0 0 7.1054274e-15 76.969929 0 0 0 0 0 0 0 0 16.198025 0 0 0 
0 0 46.843997 -3.5527137e-15 0 0 0 55.426348 3.5527137e-15 0 0 0 54.348831 0.011514431 0 0 0 0 0 0 0 0 0 0 0 0 0 0 0 0 0 0 0 0 0 0 0 0 0 0 7.1054274e-15 0 0.046775528 62.719934 0 0 0 0 0 0 0 0 0 69.914579 0 0 0 0 0 0 0 0 0 0 0 0 0 0 0 0 0 0 0 0 0 -7.1054274e-15 72.579643 0 0 0 0 0 0 0 0 0 23.322811 0 0 
0 0 62.31539 0 -3.5527137e-15 0 0 55.2978 0 0 0 0 56.764751 0 0 0 0 0 0 0 0 0 0 0 0 0 0 0 0 0 0 0 0 0 0 0 0 0 0 0 0 0.021159953 0.075760263 98.33018 0 0 0 0 0 0 0 0 0 70.056794 0 0 0 0 0 0 0 0 0 0 0 0 0 0 0 0 0 0 0 0 0 7.1054274e-15 33.395098 0 0 0 0 0 0 0 0 0 29.523738 0 0 
0 0 63.965357 -3.5527137e-15 -3.5527137e-15 0 0 49.288329 0 0 0 0 54.455127 0 0 0 0 0 0 0 0 0 0 0 0 0 0 0 0 0 0 0 0 0 0 0 0 0 -3.5527137e-15 -7.1054274e-15 0 0 20.218665 78.848213 0 0 0 0 0 0 0 0 0 63.955509 0 0 0 0 0 0 0 -1.7763568e-15 25.115462 0 0 0 0 0 0 0 0 0 0 0 0 0 0 0 0 0 0 0 0 0 0 0 0 0 0 
0 0 0 67.089586 0 0 0 48.473308 -3.5527137e-15 0 0 0 51.900463 0 0 0 0 0 0 0 0 0 0 0 0 0 0 0 0 0 0 0 0 0 0 0 0 0 0 0 197.04341 102.98645 32.434095 0 0 0 0 0 0 0 0 0 0 60.790821 0 0 0 0 0 0 0 0 65.159917 0 0 0 0 0 0 0 0 0 0 0 0 0 0 0 0 0 0 0 0 0 0 0 0 0 0 
0 0 0 58.265363 0 0 39.879154 -1.7763568e-15 0 0 24.622554 0.0091461687 18.766743 0 0 0 0 0 0 0 0 0 0 0 0 0 0 0 0 0 0 0 0 0 0 0 0 0 0 62.471582 9.0601745 0 14.869766 0 0 0 0 0 0 0 0 0 0 57.433701 0 0 0 0 0 0 0 7.1054274e-15 64.92721 0 0 0 0 0 0 0 0 0 0 0 0 0 0 0 0 0 0 0 0 0 0 0 0 0 0 
0 0 0 65.206594 0 0 39.526905 40.823913 0 0 0 6.6259469 53.68756 0 0 0 0 0 0 0 0 0 0 0 0 0 0 0 0 0 0 0 0 0 0 0 0 0 0 0.016806269 19.295013 0 0 0 0 0 0 0 0 0 0 0 0 51.131376 0 0 0 0 0 0 0 0 59.140185 0 0 0 0 0 0 0 0 0 0 0 0 0 0 0 0 0 0 0 0 0 0 0 0 0 0 
0 0 0 71.065463 3.5527137e-15 0 1.3629477 79.328842 0 0 0 0 58.754732 0.0078105774 0 0 0 0 0 0 0 0 0 0 0 0 0 0 0 0 0 0 0 0 0 0 0 0 0 88.826772 0 0 0 0 0 0 0 0 0 0 0 0 26.646049 11.432214 0 0 0 0 0 0 0 0 55.904101 0 0 0 0 0 0 0 0 0 0 0 0 -1.7763568e-15 26.15797 0 0 0 0 0 0 0 0 0 0 0 0 
0 0 0 54.812017 -3.5527137e-15 0 0 54.393801 0 0 0 0 73.254441 3.5527137e-15 0 0 0 0 0 0 0 0 0 0 0 0 0 0 0 0 0 0 0 0 0 0 0 0 0 72.210363 0 0 0 0 0 0 0 0 0 0 0 0 0 40.961615 0 0 0 0 0 0 0 0 47.139683 0 0 0 0 0 0 0 0 0 0 0 0 0 55.582557 0 0 0 0 0 0 0 0 0 0 0 0 
0 0 0 53.625636 0 0 0 51.599845 3.5527137e-15 0 0 0 55.567543 -3.5527137e-15 0 0 0 0 0 0 0 0 0 0 0 0 0 0 0 0 0 0 0 0 0 0 0 0 7.1054274e-15 82.708438 0 0 0 0 0 0 0 0 0 0 0 0 0 46.111628 0 0 0 0 0 0 0 1.7763568e-15 30.480231 0 0 0 0 0 0 0 0 0 0 0 0 7.1054274e-15 57.423091 0 0 0 0 0 0 0 0 0 0 0 0 
0 0 0 52.370354 3.5527137e-15 0 0 52.641568 0 0 0 0 57.372653 0 -3.5527137e-15 0 0 0 0 0 0 0 0 0 0 0 0 0 0 0 0 0 0 0 0 0 0 0 0 94.411165 0 0 0 0 0 0 0 0 0 0 0 0 0 7.5421494 0 0 0 0 0 0 0 0 33.569878 0 0 0 0 0 0 0 0 0 0 0 0 -7.1054274e-15 64.86943 0 0 0 0 0 0 0 0 0 0 0 0 
0 0 0 52.524309 3.5527137e-15 0 0 49.342773 0 0 0.33663123 0 62.542838 0 0 0 0 0 0 0 0 0 0 0 0 0 0 0 0 0 0 0 0 0 0 0 0 0 1.7763568e-15 53.397182 0 0 0 0 0 0 0 0 0 0 0 0 0 0 0 0 0 0 0 0 0 0 2.524659 0 0 0 0 0 0 0 0 0 0 0 0 0 68.232326 0 0 0 0 0 0 0 0 0 0 0 0 
0 0 0 53.681739 3.5527137e-15 0 0 82.219173 0.005420184 0 0 0 63.183497 0 0 0 0 0 0 0 0 0 0 0 0 0 0 0 0 0 0 0 0 1.7763568e-15 0 8.8817842e-16 -4.4408921e-16 55.200007 25.182287 0 0 0 0 0 0 0 0 0 0 0 0 0 0 0 0 0 0 0 0 0 0 0 0 0 0 0 0 0 0 0 0 0 0 0 0 0 6.5413069 0 0 0 0 0 0 0 0 0 0 0 0 
0 0 0 53.619118 0 0 0 91.617466 0.0060767426 3.5527137e-15 0 0 61.040875 0 0 0 0 0 0 0 0 0 0 0 0 0 0 0 0 0 0 0 0 0 1.7763568e-15 0 -8.8817842e-16 17.58873 0 0 0 0 0 0 0 0 0 0 0 0 0 0 0 0 0 0 0 0 0 0 0 0 0 0 0 0 0 0 0 0 0 0 0 0 0 0 0 0 0 0 0 0 0 0 0 0 0 0 0 
0 0 0 53.364855 0 0 0 0 61.591327 3.5527137e-15 0 0 59.668007 3.5527137e-15 0 0 0 0 0 0 0 0 0 0 0 0 0 0 0 0 0 0 0 0 -3.5527137e-15 -1.7763568e-15 49.0466 0 0 0 0 0 0 0 0 0 0 0 0 0 0 0 0 0 0 0 0 0 0 0 0 0 0 0 0 0 0 0 0 0 0 0 0 0 0 0 0 0 0 0 0 0 0 0 0 0 0 0 0 
0 0 0 52.715284 0 0 0 0 56.582216 -3.5527137e-15 0 0 58.837671 0 0 0 0 0 0 0 0 0 0 0 0 0 0 0 0 0 0 0 0 -3.5527137e-15 3.5527137e-15 66.161801 12.332798 0 0 0 0 0 0 0 0 0 0 0 0 0 0 0 0 0 0 0 0 0 0 0 0 0 0 0 0 0 0 0 0 0 0 0 0 0 0 0 0 0 0 0 0 0 0 0 0 0 0 0 0 
0 0 0 53.385734 0.0114225 0 0 0 53.577877 0 0 0 55.733288 0 0 0 0 0 0 0 0 0 0 0 0 0 0 0 0 0 0 0 0 0 28.091467 36.51255 0 0 0 0 0 0 0 0 0 0 0 0 0 0 0 0 0 0 0 0 0 0 0 0 0 0 0 0 0 0 0 0 0 0 0 0 0 0 0 0 0 0 0 0 0 0 0 0 0 0 0 0 0 
0 0 0 55.408294 0.006539906 0 0 0 51.066345 0 0 0 54.635625 0 0 0 0 0 0 0 0 0 0 0 0 0 0 0 0 0 0 0 0 0 86.082101 0 0 0 0 0 0 0 0 0 0 0 0 0 0 0 0 0 0 0 0 0 0 0 0 0 0 0 0 0 0 0 0 0 0 0 0 0 0 0 0 0 0 0 0 0 0 0 0 0 0 0 0 0 0 
0 0 0 55.226998 0 0.033625326 0 0 53.347698 0.03967729 0 0 60.695947 -7.1054274e-15 0 0 0 0 0 0 0 0 0 0 0 0 0 0 0 0 0 0 0 0 47.16593 0 0 0 0 0 0 0 0 0 0 0 0 0 0 0 0 0 0 0 0 0 0 0 0 0 0 0 0 0 0 0 0 0 0 0 0 0 0 0 0 0 0 0 0 0 0 0 0 0 0 0 0 0 0 
0 0 0 55.670858 0 0 0 0 55.552079 0.0031609714 0 0 32.140858 0 0 0 0 0 0 0 0 0 0 0 0 0 0 0 0 0 0 0 0 0 11.523012 0 0 0 0 0 0 0 0 0 0 0 0 0 0 0 0 0 0 0 0 0 0 0 0 0 0 0 0 0 0 0 0 0 0 0 0 0 0 0 0 0 0 0 0 0 0 0 0 0 0 0 0 0 0 
0 0 0 52.846389 0.038925923 0 0 0 55.660453 0 0 0 0 0 0 0 0 0 0 0 0 0 0 0 0 0 0 0 0 0 0 0 0 0 0 0 0 0 0 0 0 0 0 0 0 0 0 1.7763568e-15 22.610099 0 0 0 0 0 0 0 0 0 0 0 0 0 0 0 0 0 0 0 0 0 0 0 0 0 0 0 0 0 0 0 0 0 0 0 0 0 0 0 0 
0 0 0 51.812614 0 0 0 0 55.324066 0 0 0 0 0 0 0 0 0 0 0 0 0 0 0 0 0 0 0 0 0 0 0 0 0 0 0 0 0 0 0 0 0 0 0 0 0 0 0 64.659602 0 0 0 0 0 0 0 0 0 0 0 0 0 0 0 0 0 0 0 0 0 0 0 0 0 0 0 0 0 0 0 0 0 0 0 0 0 0 0 0 
0 0 0 54.307323 3.5527137e-15 0 0 0 54.139343 0.0053850166 0 0 21.077862 -1.7763568e-15 0 0 0 0 0 0 0 0 0 0 0 0 0 0 0 0 0 0 0 0 0 0 0 0 0 0 0 0 0 0 0 0 0 0 60.438889 0 0 0 0 0 0 0 0 0 0 0 0 0 0 0 0 0 0 0 0 0 0 0 0 0 0 0 0 0 0 0 0 0 0 0 0 0 0 0 0 
0 0 0 56.433165 0 0 0 0 53.360642 0 0 0 39.287117 0 0 0 0 0 0 0 0 0 0 0 0 0 0 0 0 0 0 0 0 0 0 0 0 0 0 0 0 0 0 0 0 0 0 0 39.159081 0 0 0 0 0 0 0 0 0 0 0 0 0 0 0 0 0 0 0 0 0 0 0 0 0 0 0 0 0 0 0 0 0 0 0 0 0 0 0 0 
0 0 0 57.35207 0 0 0 0 54.019239 0 0 0 0 4.4769089 0 0 0 0 0 0 0 0 0 0 0 0 0 0 0 0 0 0 0 0 0 0 0 0 0 0 0 0 0 0 0 0 0 0 0 33.075694 0 0 0 0 0 0 0 0 0 0 0 0 0 0 0 0 0 0 0 0 0 0 0 0 0 0 0 0 0 0 0 0 0 0 0 0 0 0 0 
0 0 0 56.267266 0 0 0 0 54.482323 -3.5527137e-15 0 0 0 0 0 0 0 0 0 0 0 0 0 0 0 0 0 0 0 0 0 0 0 0 0 0 0 0 0 0 0 0 0 0 0 0 0 0 0 11.852817 0 0 0 0 0 0 0 0 0 0 0 0 0 0 0 0 0 0 0 0 0 0 0 0 0 0 0 0 0 0 0 0 0 0 0 0 0 0 0 
0 0 0 53.714488 0 0 0 0 54.364231 0 0 0 0 0 0 0 0 0 0 0 0 0 0 0 0 0 0 0 0 0 0 0 0 0 0 0 0 0 0 0 0 0 0 0 0 0 0 0 0 0 0 0 0 0 0 0 0 0 0 0 0 0 0 0 0 0 0 0 0 0 0 0 0 0 0 0 0 0 0 0 0 0 0 0 0 0 0 0 0 
0 0 0 53.031665 0 0 0 0 54.375456 0 0 0 0 0 0 0 0 0 0 0 0 0 0 0 0 0 0 0 0 0 0 0 0 0 0 0 0 0 0 0 0 0 0 0 0 0 0 0 0 0 0 0 0 0 0 0 0 0 0 0 0 0 0 0 0 0 0 0 0 0 0 0 0 0 0 0 0 0 0 0 0 0 0 0 0 0 0 0 0 
3.1086245e-15 0 0 54.987316 0 0 0 0 55.215147 0 0 0 0 31.671444 -2.220446e-15 0 0 0 0 0 0 0 0 0 0 0 0 0 0 0 0 0 0 0 0 0 0 0 0 0 0 0 0 0 0 0 0 0 0 0 0 0 0 0 0 0 0 0 0 0 0 0 0 0 0 0 0 0 0 0 0 0 0 0 0 0 0 0 0 0 0 0 0 0 0 0 0 0 0 
1.3322676e-15 0 0 55.660702 0 0 0 0 54.533293 0 0 0 0 62.957386 -7.1054274e-15 0 0 0 0 0 0 0 0 0 0 0 0 0 0 0 0 0 0 0 0 0 0 0 0 0 0 0 0 0 0 0 0 0 0 0 0 0 0 0 0 0 0 0 0 0 0 0 0 0 0 0 0 0 0 0 0 0 0 0 0 0 0 0 0 0 0 0 0 0 0 0 0 0 0 
2.6645353e-15 0 0 53.859112 -3.5527137e-15 0 0 32.733148 21.605812 -3.5527137e-15 0 0 0 57.895906 0 0 0 0 0 0 0 0 0 0 0 0 0 0 0 0 0 0 0 0 0 0 0 0 0 0 0 0 0 0 0 0 0 0 0 0 0 0 0 0 0 0 0 0 0 0 0 0 0 0 0 0 0 0 0 0 0 0 0 0 0 0 -1.7763568e-15 22.756129 0 0 0 0 0 0 0 0 0 0 0 
-8.8817842e-16 0 0 54.047446 0 0 0 27.732066 29.24162 0 0 0 0 55.790311 0 0 0 0 0 0 0 0 0 0 0 0 0 0 0 0 0 0 0 0 0 0 0 0 0 0 0 0 0 0 0 0 0 0 0 0 0 0 0 0 0 0 0 0 0 0 0 0 0 0 0 0 0 0 0 0 0 -1.7763568e-15 18.564922 0 0 0 0 57.108755 0 0 0 0 0 0 0 0 0 0 0 
0 0 0 54.852348 3.5527137e-15 0 0 0 56.932902 0 0 0 0 51.820893 0 0 0 0 0 0 0 0 0 0 0 0 0 0 0 0 0 0 0 0 0 0 0 0 0 0 0 0 0 0 0 0 0 0 0 0 0 0 0 0 0 0 0 0 0 0 0 0 0 0 0 0 0 0 0 0 0 0 55.45368 0 0 0 0 56.610158 0 0 0 0 0 0 0 0 0 0 0 
0 0 0 55.699125 0 0 0 0 57.92317 -3.5527137e-15 0 0 0 52.323629 0 0 0 0 0 0 0 0 0 0 0 0 0 0 0 0 0 0 0 0 0 0 0 0 0 0 0 0 0 0 0 0 0 0 0 0 0 0 0 0 0 0 0 0 0 0 0 0 0 0 0 0 0 0 0 0 0 0 52.912267 0 0 0 0 55.193874 0 0 0 0 0 0 0 0 0 0 0 
0 0 0 56.648877 0 0 0 0 55.029595 0 0 0 0 38.886662 -3.5527137e-15 0 0 0 0 0 0 0 0 0 0 0 0 0 0 0 0 0 0 0 0 0 0 0 0 0 0 0 0 0 0 0 0 0 0 0 0 0 0 0 0 0 0 0 0 0 0 0 0 0 0 0 0 0 0 0 0 0 10.083144 0 0 0 0 63.947878 0 0 0 0 0 0 0 0 0 0 0 
0 0 0 61.162307 0 0 0 0 54.345313 0 0 0 0 3.5798911 0 0 0 0 0 0 0 0 0 0 0 0 0 0 0 0 0 0 0 0 0 0 0 0 0 0 0 0 0 0 0 0 0 0 0 0 0 0 0 0 0 0 0 0 0 0 0 0 0 0 0 0 0 0 0 0 0 0 0 0 0 0 0 50.763204 0 0 0 0 0 0 0 0 0 0 0 
0 0 0 62.06751 0 0 0 27.406428 28.433725 0 0 0 0 2.366172 0 0 0 0 0 0 0 0 0 0 0 0 0 0 0 0 0 0 0 0 0 0 0 0 0 0 0 0 0 0 0 0 0 0 0 0 0 0 0 0 0 0 0 0 0 0 0 0 0 0 0 0 0 0 0 0 0 0 0 0 0 0 0 6.5335151 0 0 0 0 0 0 0 0 0 0 0 
0 0 0 0 31.41217 1.7763568e-15 0 0 0 27.286377 0 0 0 0 0 0 0 0 0 0 0 0 0 0 0 0 0 0 0 0 0 0 0 0 0 0 0 0 0 0 0 0 0 0 0 0 0 0 0 0 0 0 0 0 0 0 0 0 0 0 0 0 0 0 0 0 0 0 0 0 0 0 0 0 0 0 0 0 0 0 0 0 0 0 0 0 0 0 0 
