NCOLS 40
NROWS 105
XLLCORNER 616843.99
YLLCORNER 4620745.4
CELLSIZE 10
NODATA_VALUE -9999
0 0 0 0 0 0 0 0 0 0 0 0 0 0 0 0 0 0 0 0 0 0 0 0 0 17.277479 0 0 0 20.890939 0 0 0 0 0 0 0 0 0 0 
0 18.057346 0 0 0 0 0 0 0 0 0 0 0 0 0 0 0 0 0 0 0 0 0 0 0 0 46.825206 0 0 -3.5527137e-15 54.321469 0 0 0 0 0 0 0 0 0 
13.271954 0 0 0 0 0 0 0 0 0 0 0 0 0 0 0 0 0 -2.220446e-15 0 0 0 0 0 0 1.7763568e-15 14.911961 0 0 3.5527137e-15 51.675563 0 0 0 0 0 0 0 0 0 
0 0 0 0 0 0 0 0 0 0 0 2.184974 0 3.5527137e-15 0.013068833 0 0 -8.8817842e-16 0 0 0 0 0 0 0 0 8.6535729 0 0 -3.5527137e-15 53.806593 0 0 0 0 0 0 0 0 0 
0 0 0 0 0 0 0 0 0 0 0 0 82.34284 264.91796 0.0052059585 -3.5527137e-15 0 0 0 0 0 0 0 0 0 0 0 45.784842 0 0 62.939994 0 0 0 0 0 0 0 0 0 
0 0 0 0 0 0 0 0 0 0 6.1149795 0 0 262.33922 0.062490398 -3.5527137e-15 0.035113729 0 3.5527137e-15 0 0 0 0 0 0 0 0 24.560944 0 0 34.996037 0 0 0 0 0 0 0 0 0 
0 0 0 0 0 0 0 0 0 0 54.826143 0 45.668695 0 156.28412 0.016538643 0.00090094849 18.035548 0 0 0 0 0 0 0 0 0 0 0 0 0 0 0 0 0 0 0 0 0 0 
0 0 0 0 0 0 0 0 0 0 75.640691 0 0 0 34.868234 0 0 26.216902 0 0 0 0 0 0 0 0 0 0 0 0 0 0 0 0 0 0 0 0 0 0 
0 0 0 0 0 0 0 0 0 0 58.772661 0 0 0 0 0 0 56.565141 0 0 0 0 0 0 0 0 0 0 0 0 26.237505 0 0 0 0 0 0 0 0 0 
0 0 0 0 0 0 0 0 0 1.7763568e-15 7.8657633 0 0 0 0 0 0 60.633914 0 0 0 0 0 0 0 0 0 0 0 0 60.791869 0 0 0 0 0 0 0 0 0 
0 0 0 0 0 0 0 0 0 0 0 0 0 0 0 0 0 47.188941 0 0 0 0 0 0 0 0 0 0 0 0 51.508724 0 0 0 0 0 0 0 0 0 
0 0 0 0 0 0 0 0 0 0 0 0 0 0 0 0 0 5.3457704 0 0 0 0 0 0 0 0 0 0 0 0 47.903073 0 0 0 4.7461032 0 0 0 0 0 
0 0 0 0 0 0 0 0 0 0 0 0 0 0 0 0 7.2260646 -8.8817842e-16 0 0 0 0 0 0 0 0 0 0 0 3.5527137e-15 0 0.030329286 0.04242843 0.040100862 34.185691 0 0 0 0 0 
1.2874869 0 0 0 0 0 0 0 0 0 0 0 0 0 3.5320344 0 0.0045188064 0 0 0 0 0 0 0 0 0 0 0 6.9388939e-16 0 0 -1.7763568e-15 0.051799891 0.10223164 0.01895224 7.0038247 0 0 0 4.0018637 
15.421347 -3.5527137e-15 0 0 0 0 0 0 0 0 0 0 1.7763568e-15 -8.8817842e-16 7.5119201 7.5301106 7.8098129 0.0094130772 0.0090707005 0 0 0 0 0 0 0 0 0 0.0086433302 0.0076897316 0 0.044154347 0.042350523 0.044785257 40.807862 0 48.650526 0 0 0 
41.429027 0.015588235 0 0 0 0 0 0 0 0 0 0 0 36.110901 5.5512384 0 46.020769 83.901926 0 0 0.010559991 0 0 0 0 0 0 0 0 0 0.019551044 0.069585515 0.095680207 0.090582631 0.047425044 0 0 15.167092 0 0 
51.1381 0.014264921 0 0 0 0 0 0 0 0 0 0 0 11.16188 0 0 0 15.981228 64.16325 0 0 0 0 0 0 0 0 -3.5527137e-15 0 0 -3.5527137e-15 0.082206327 0 0.15143208 0.026072078 0.0095703734 0 42.210757 28.251351 0 
49.878523 0 0 0 0 0 0 0 0 0 0 0 0 0 0 0 0 0 117.08337 0 0 0 0 0 0 -1.3322676e-15 -7.1054274e-15 0 0.00095713701 0 7.1054274e-15 3.5527137e-15 0.021588408 0.024587217 0.036448206 91.634999 0.024752797 7.4724235 2.6564388 0 
7.137277 79.532185 -7.1054274e-15 0 0 0 0 0 0 0 0 0 0 0 0 0 0 0 5.9499133 0 0 0 0 0 0 1.093438 4.4408921e-16 16.369825 35.906723 0.031364672 0.057541711 0.016025079 0.0063397198 0.029418676 0.026270245 0.012559881 0.25897675 0.0030832827 0 0 
80.047962 4.4408921e-16 0 0 0 0 0 0 0 0 0 0 0 0 0 0 0 0 0 0 0 0 0 0 0 0 0 65.378486 0 0 0 0 0 0.05192442 0.060131743 0.045703365 0.26364328 0.080608785 0.081799283 7.1819501 
58.449421 0 0 0 0 0 0 0 0 0 0 0 0 0 0 0 0 0 0 0 0 0 0 0 0 0 0 0.0062968958 0 0 0.06782134 -3.5527137e-15 -3.5527137e-15 0.099563497 0.048876355 0.061679608 15.169267 539.12502 8.7454724 0 
57.372001 -3.5527137e-15 -7.1054274e-15 0 0 0 0 0 0 0 0 0 0 0 0 0 0 0 0 0 0 0 0 0 0 0 0 0 -7.1054274e-15 0.036755183 0 0.011549905 0.073133149 0.013499136 0.020022156 0.13506213 186.09283 0 0 0 
51.375924 0 0 0 0 0 0 0 0 0 0 0 0 0 0 0 0 0 0 0 0 0 0 0 0 0 0 0.0031571362 0.0010111124 0.008950415 0.022729628 0.036792123 0.020449674 0.041794125 -3.5527137e-15 182.00437 0 0 0 0 
49.967115 0.0055999927 -3.5527137e-15 0 0 0.013861734 0 0 0 0 0 0 0 0 0 0 0 0 0 0 0 0 0 0 0 0 0 0 0.018643503 0.019172197 0.055449628 0.024137975 0.093991909 0.076369617 123.44536 0 0 0 0 0 
51.807887 -1.7763568e-15 0.033965808 0 0.014532544 0 0 0 0 0 0 0 0 0 0 0 0 0 0 0 0 0 0 0 0 0 0 0.029337409 0.010953545 0.04335607 0.042373469 0.041685951 0 93.499004 6.610748 0 0 0 0 0 
52.126446 1.7763568e-15 -3.5527137e-15 0 0.022270871 -3.5527137e-15 0 0 0 0 0 0 0 0 0 0 0 0 0 0 0 0 0 0 -3.5527137e-15 0.0099567183 0.0076864914 0.0049109206 0.034253149 0.039052271 0 0.063130822 121.19075 104.02363 0 0 0 0 0 0 
49.88791 0 0.028852958 0.0054705459 0 -3.5527137e-15 0.012899018 0.0095647908 0 0 0 0 0 0 0 0 0 0 0 0 0 0 0 0 -3.5527137e-15 0.006024124 0 0.020940999 0.015782609 0.064734424 0.037636667 0 105.44117 0 0 0 0 0 0 0 
47.272749 0 -7.1054274e-15 0.015498485 0.01847247 0 0.0084889059 0 0 3.5527137e-15 0 0 0 0 0 0 0 0 0 0 0 0 0 0 0 0.013915037 0.026323126 0.014296646 -3.5527137e-15 0 0 263.83354 0 0 0 0 0 0 0 0 
32.999058 97.484406 0.022008845 0.0081013011 0.0085495235 0 0.008297038 0.010075957 0 -3.5527137e-15 0 0 0 0 0 0 0 0 0 0 0 0 0 0 0 0.036693436 0.041250858 0.040009797 0.024724254 125.3615 56.772857 0 0 0 0 0 0 0 0 0 
19.654009 99.428892 0 0.021328347 0.0088564437 0.076068008 0.011442153 0.014486543 1.0658141e-14 0 -3.5527137e-15 0 0 0 0 0 0 0 0 0 0 0 -3.5527137e-15 0.0013182352 0.015564384 0.012161545 0.039800322 0.076349943 200.78728 0 0 0 0 0 0 0 0 0 0 0 
0 33.678934 91.126505 0.019726503 0.11773965 4.5566291 0.032101689 0.019555422 0 -3.5527137e-15 0 -3.5527137e-15 0 0 0 0 0 0 3.5527137e-15 0 0 0 -3.5527137e-15 0.0042398239 0.036806862 0.11179823 0.80719231 0.029344634 145.8121 0 0 0 0 0 0 0 0 0 0 0 
0 0 293.77032 0.064553319 28.056281 124.98616 0.086601554 21.983906 44.765752 0 -3.5527137e-15 0 7.1054274e-15 0 -7.1054274e-15 0 0 0 0 0 0 0 0 0.0054363546 0.010122721 1.068826 143.39232 72.607067 1.0377176 0 0 0 0 0 0 0 0 0 0 0 
0 0 13.14792 16.323648 0 38.703938 7.2084224 43.081881 132.75676 42.360491 1.7763568e-15 5.8854862 5.3290705e-15 0 0 0 0 0 0 -3.5527137e-15 -3.5527137e-15 0 0.47007432 82.233957 0.029547586 193.5464 0 0 0 0 0 0 0 0 0 0 0 0 0 0 
0 0 0 0 0 2.968585 23.313088 0 0 64.959826 11.370872 15.94957 70.628424 0 0 0 3.5527137e-15 0 93.971281 71.241124 40.338693 0.036778413 81.079418 21.918159 0.034236777 81.105546 0 0 0 0 0 0 0 0 0 0 0 0 0 0 
0 0 0 0 0 0 0 0 0 25.183318 3.780063 12.192377 0 7.6555801 0 0 0 43.510445 0 0 0 3.906036 56.282166 0 13.093651 0 0 0 0 0 0 0 0 0 0 0 0 0 0 0 
0 0 0 0 0 0 0 0 0 0 6.4859448 0 11.48619 39.980745 28.580864 0 30.593502 0 0 0 0 6.5931224 0 0 0 0 0 0 0 0 0 0 0 0 0 0 0 0 0 0 
0 0 0 0 0 0 0 0 0 0 0 0 0 0 0 0 0 0 0 0 0 0 0 0 0 0 0 0 0 0 0 0 0 0 0 0 0 0 0 0 
0 0 0 0 0 0 0 0 0 0 0 0 0 0 0 0 0 0 0 0 0 0 0 0 0 0 0 0 0 0 0 0 0 0 0 0 0 0 0 0 
0 0 0 0 0 0 0 0 0 0 0 0 0 0 0 0 0 0 0 0 0 0 0 0 0 0 0 0 0 0 0 0 0 0 0 0 0 0 0 0 
0 0 0 0 0 0 0 0 0 0 0 0 0 0 0 0 0 0 0 0 0 0 0 0 0 0 0 0 0 0 0 0 0 0 0 0 0 0 0 0 
0 0 0 0 0 0 0 0 0 0 0 0 0 0 0 0 0 0 0 0 0 0 0 0 0 0 0 0 0 0 0 0 0 0 0 0 0 0 0 0 
0 0 0 0 0 0 0 0 0 0 0 0 0 0 0 0 0 0 0 0 0 0 0 0 0 0 0 0 0 0 0 0 0 0 0 0 0 0 0 0 
0 0 0 0 0 0 0 0 0 0 0 0 0 0 0 0 0 0 0 0 0 0 0 0 0 0 0 0 0 0 0 0 0 0 0 0 0 0 0 0 
0 0 0 0 0 0 0 0 0 0 0 0 0 0 0 0 0 0 0 0 0 0 0 0 0 0 0 0 0 0 0 0 0 0 0 0 0 0 0 0 
0 0 0 0 0 0 0 0 0 0 0 0 0 0 0 0 0 0 0 0 0 0 0 0 0 0 0 0 0 0 0 0 0 0 0 0 0 0 0 0 
0 0 0 29.928338 0 0 0 0 0 0 0 0 0 0 0 0 0 0 0 0 0 0 0 0 0 0 0 0 0 0 0 0 0 0 0 0 0 0 0 0 
0 0 0 45.264511 0 0 0 0 0 0 0 0 0 0 0 0 0 0 0 0 0 0 0 0 0 0 0 0 0 0 0 0 0 0 0 0 0 0 0 0 
0 0 1.7763568e-15 3.8076855 0 0 0 0 0 0 0 0 0 0 0 0 0 0 0 0 0 0 0 0 0 0 0 0 0 0 0 0 0 0 0 0 0 0 0 0 
0 0 0 0 0 0 0 0 0 0 0 0 0 0 0 0 0 0 0 0 0 0 0 0 0 0 0 0 0 0 0 0 0 0 0 0 0 0 0 0 
0 0 0 0 0 0 0 0 0 0 0 0 0 0 0 0 0 0 0 0 0 0 0 0 0 0 0 0 0 0 0 0 0 0 0 0 0 0 0 0 
0 0 0 0 0 0 0 0 0 0 0 0 0 0 0 0 0 0 0 0 0 0 0 0 0 0 0 0 0 0 0 0 0 0 0 0 0 0 0 0 
0 0 0 0 0 0 0 0 0 0 0 0 0 0 0 0 0 0 0 0 0 0 0 0 0 0 0 0 0 0 0 0 0 0 0 0 0 0 0 0 
0 0 0 0 0 0 0 0 0 0 0 0 0 0 0 0 0 0 0 0 0 0 0 0 0 0 0 0 0 0 0 0 0 0 0 0 0 0 0 0 
0 0 0 0 0 0 0 0 0 0 0 0 0 0 0 0 0 0 0 0 0 0 0 0 0 0 0 0 0 0 0 0 0 0 0 0 0 0 0 0 
0 0 0 0 0 0 0 0 0 0 0 0 0 0 0 0 0 0 0 0 0 0 0 0 0 0 0 0 0 0 0 0 0 0 0 0 0 0 0 0 
0 0 0 0 0 0 0 0 0 0 0 0 0 0 0 0 0 0 0 0 0 0 0 0 0 0 0 0 0 0 0 0 0 0 0 0 0 0 0 0 
0 0 0 0 0 0 0 0 0 0 0 0 0 0 0 0 0 0 0 0 0 0 0 0 0 0 0 0 0 0 0 0 0 0 0 0 0 0 0 0 
0 0 0 0 0 0 0 0 0 0 0 0 0 0 0 0 0 0 0 0 0 0 0 0 0 0 0 0 0 0 0 0 0 0 0 0 0 0 0 0 
0 0 0 0 0 0 0 0 0 0 0 0 0 0 0 0 0 0 0 0 0 0 0 0 0 0 0 0 0 0 0 0 0 0 0 0 0 0 0 0 
0 0 0 0 0 0 0 0 0 0 0 0 0 0 0 0 0 0 0 0 0 0 0 0 0 0 0 0 0 0 0 0 0 0 0 0 0 0 0 0 
0 0 0 0 0 0 0 0 0 0 0 0 0 0 0 0 0 0 0 0 0 0 0 0 0 0 0 0 0 0 0 0 0 0 0 0 0 0 0 0 
0 0 0 0 0 0 0 0 0 0 0 0 0 0 0 0 0 0 0 0 0 0 0 0 0 0 0 0 0 0 0 0 0 0 0 0 0 0 0 0 
0 0 0 0 0 0 0 0 0 0 0 0 0 0 0 0 0 0 0 0 0 0 0 0 0 0 0 0 0 0 0 0 0 0 0 0 0 0 0 0 
0 0 0 0 0 0 0 0 0 0 0 0 0 0 0 0 0 0 0 0 0 0 0 0 0 0 0 0 0 0 0 0 0 0 0 0 0 0 0 0 
0 0 0 0 0 0 0 0 0 0 0 0 0 0 0 0 0 0 0 0 0 0 0 0 0 0 0 0 0 0 0 0 0 0 0 0 0 0 0 0 
0 0 0 0 0 0 0 0 0 0 0 0 0 0 0 0 0 0 0 0 0 0 0 0 0 0 0 0 0 0 0 0 0 0 0 0 0 0 0 0 
0 0 0 0 0 0 0 0 0 0 0 0 0 0 0 0 0 0 0 0 0 0 0 0 0 0 0 0 0 0 0 0 0 0 0 0 0 0 0 0 
0 0 0 0 0 0 0 0 0 0 0 0 0 0 0 0 0 0 0 0 0 0 0 0 0 0 0 0 0 0 0 0 0 0 0 0 0 0 0 0 
0 0 0 0 0 0 0 0 0 0 0 0 0 0 0 0 0 0 0 0 0 0 0 0 0 0 0 0 0 0 0 0 0 0 0 0 0 0 0 0 
0 0 0 0 0 0 0 0 0 0 0 0 0 0 0 0 0 0 0 0 0 0 0 0 0 0 0 0 0 0 0 0 0 0 0 0 0 0 0 0 
0 0 0 0 0 0 0 0 0 0 0 0 0 0 0 0 0 0 0 0 0 0 0 0 0 0 0 0 0 0 0 0 0 0 0 0 0 0 0 0 
0 0 0 0 0 0 0 0 0 0 0 0 0 0 0 0 0 0 0 0 0 0 0 0 0 0 0 0 0 0 0 0 0 0 0 0 0 0 0 0 
0 0 0 0 0 0 0 0 0 0 0 0 0 0 0 0 0 0 0 0 0 0 0 0 0 0 0 0 0 0 0 0 0 0 0 0 0 0 0 0 
0 0 0 0 0 0 0 0 0 0 0 0 0 0 0 0 0 0 0 0 0 0 0 0 0 0 0 0 0 0 0 0 0 0 0 0 0 0 0 0 
0 0 0 0 0 0 0 0 0 0 0 0 0 0 0 0 0 0 0 0 0 0 0 0 0 0 0 0 0 0 0 0 0 0 0 0 0 0 0 0 
0 0 0 0 0 0 0 0 0 0 0 0 0 0 0 0 0 0 0 0 0 0 0 0 0 0 0 0 0 0 0 0 0 0 0 0 0 0 0 0 
0 0 0 0 0 0 0 0 0 0 0 0 0 0 0 0 0 0 0 0 0 0 0 0 0 0 0 0 0 0 0 0 0 0 0 0 0 0 0 0 
0 0 0 0 0 0 0 0 0 0 0 0 0 0 0 0 0 0 0 0 0 0 0 0 0 0 0 0 0 0 0 0 0 0 0 0 0 0 0 0 
0 0 0 0 0 0 0 0 0 0 0 0 0 0 0 0 0 0 0 0 0 0 0 0 0 0 0 0 0 0 0 0 0 0 0 0 0 0 0 0 
0 0 0 0 0 0 0 0 0 0 0 0 0 0 0 0 0 0 0 0 0 0 0 0 0 0 0 0 0 0 0 0 0 0 0 0 0 0 0 0 
0 0 0 0 0 0 0 0 0 0 0 0 0 0 0 0 0 0 0 0 0 0 0 0 0 0 0 0 0 0 0 0 0 0 0 0 0 0 0 0 
0 0 0 0 0 0 0 0 0 0 0 0 0 0 0 0 0 0 0 0 0 0 0 0 0 0 0 0 0 0 0 0 0 0 0 0 0 0 0 0 
0 0 0 0 0 0 0 0 0 0 0 0 0 0 0 0 0 0 0 0 0 0 0 0 0 0 0 0 0 0 0 0 0 0 0 0 0 0 0 0 
0 0 0 0 0 0 0 0 0 0 0 0 0 0 0 0 0 0 0 0 0 0 0 0 0 0 0 0 0 0 0 0 0 0 0 0 0 0 0 0 
0 0 0 0 0 0 0 0 0 0 0 0 0 0 0 0 0 0 0 0 0 0 0 0 0 0 0 0 0 0 0 0 0 0 0 0 0 0 0 0 
0 0 0 0 0 0 0 0 0 0 0 0 0 0 0 0 0 0 0 0 0 0 0 0 0 0 0 0 0 0 0 0 0 0 0 0 0 0 0 0 
0 0 0 0 0 0 0 0 0 0 0 0 0 0 0 0 0 0 0 0 0 0 0 0 0 0 0 0 0 0 0 0 0 0 0 0 0 0 0 0 
0 0 0 0 0 0 0 0 0 0 0 0 0 0 0 0 0 0 0 0 0 0 0 0 0 0 0 0 0 0 0 0 0 0 0 0 0 0 0 0 
0 0 0 0 0 0 0 0 0 0 0 0 0 0 0 0 0 0 0 0 0 0 0 0 0 0 0 0 0 0 0 0 0 0 0 0 0 0 0 0 
0 0 0 0 0 0 0 0 0 0 0 0 0 0 0 0 0 0 0 0 0 0 0 0 0 0 0 0 0 0 0 0 0 0 0 0 0 0 0 0 
0 0 0 0 0 0 0 0 0 0 0 0 0 0 0 0 0 0 0 0 0 0 0 0 0 0 0 0 0 0 0 0 0 0 0 0 0 0 0 0 
0 0 0 0 0 0 0 0 0 0 0 0 0 0 0 0 0 0 0 0 0 0 0 0 0 0 0 0 0 0 0 0 0 0 0 0 0 0 0 0 
0 0 0 0 0 0 0 0 0 0 0 0 0 0 0 0 0 0 0 0 0 0 0 0 0 0 0 0 0 0 0 0 0 0 0 0 0 0 0 0 
0 0 0 0 0 0 0 0 0 0 0 0 0 0 0 0 0 0 0 0 0 0 0 0 0 0 0 0 0 0 0 0 0 0 0 0 0 0 0 0 
0 0 0 0 0 0 0 0 0 0 0 0 0 0 0 0 0 0 0 0 0 0 0 0 0 0 0 0 0 0 0 0 0 0 0 0 0 0 0 0 
0 0 0 0 0 0 0 0 0 0 0 0 0 0 0 0 0 0 0 0 0 0 0 0 0 0 0 0 0 0 0 0 0 0 0 0 0 0 0 0 
0 0 0 0 0 0 0 0 0 0 0 0 0 0 0 0 0 0 0 0 0 0 0 0 0 0 0 0 0 0 0 0 0 0 0 0 0 0 0 12.053341 
0 0 0 0 0 0 0 0 0 0 0 0 0 0 0 0 0 0 0 0 0 0 0 0 0 0 0 0 0 0 0 0 0 0 0 0 0 0 0 28.902588 
0 0 0 0 0 0 0 0 0 0 0 0 0 0 0 0 0 0 0 0 0 0 0 0 0 0 0 0 0 0 0 0 0 0 0 0 0 0 0 0 
0 0 0 0 0 0 0 0 0 0 0 0 0 0 0 0 0 0 0 0 0 0 0 0 0 0 0 0 0 0 0 0 0 0 0 0 0 0 0 1.3877788e-16 
0 0 0 0 0 0 0 0 0 0 0 0 0 0 0 0 0 0 0 0 0 0 0 0 0 0 0 0 0 0 0 0 0 0 0 0 0 0 0 0 
0 0 0 0 0 0 0 0 0 0 0 0 0 0 0 0 0 0 0 0 0 0 0 0 0 0 0 0 0 0 0 0 0 0 0 0 0 0 0 0 
0 0 0 0 0 0 0 0 0 0 0 0 0 0 0 0 0 0 0 0 0 0 0 0 0 0 0 0 0 0 0 0 0 0 0 0 0 0 0 0 
0 0 0 0 0 0 0 0 0 0 0 0 0 0 0 0 0 0 0 0 0 0 0 0 0 0 0 0 0 0 0 0 0 0 0 0 0 0 0 0 
0 0 0 0 0 0 0 0 0 0 0 0 0 0 0 0 0 0 0 0 0 0 0 0 0 0 0 0 0 0 0 0 0 0 0 0 0 0 0 0 
