NCOLS 39
NROWS 31
XLLCORNER 276826.32
YLLCORNER 3833478.9
CELLSIZE 10
NODATA_VALUE -9999
0 0 0 0 0 0 0 0 0 0 27.876076 0 0 0 0 0 0 0 0 0 0 0 0 0 0 0 0 0 0 99.518131 141.53756 0 0.03516761 0 0 3.5527137e-15 0 0 0 
0 0 0 0 0 0 0 0 0 0 0 54.829574 0 0 0 0 0 0 0 0 0 0 0 0 0 0 28.202134 0 0 21.807679 0.040200269 0.026001033 0 0.066178306 0 0 0 0 0 
0 0 0 0 0 0 0 0 0 0 0 52.598905 0 0 0 0 0 0 0 0 0 0 0 0 0 146.61955 0 0 153.84594 0 0.013175167 -3.5527137e-15 -3.5527137e-15 0 0 0 0 0 0 
0 0 0 0 0 0 0 0 0 0 0 0 0 0 0 0 0 0 0 0 0 0 0 0 47.562085 45.300386 7.1054274e-15 -3.5527137e-15 0.018909631 0.038435826 0 0 0 0 0 0 0 0 0 
0 0 0 0 0 0 0 0 0 0 0 0 0 0 0 0 0 0 0 0 0 0 0 0 20.816472 0.049726514 0.013680766 0.0080841164 -8.8817842e-16 0 0 0 0 0 0 0 0 0 0 
0 0 0 0 0 0 0 0 0 0 0 0 0 0 0 0 0 0 0 0 0 0 0 0 21.933176 0 0 0 0 0 0 0 0 0 0 0 0 0 0 
0 0 0 0 0 0 0 0 0 0 0 0 0 0 0 0 0 0 0 0 0 0 0 0 50.986858 0 0 0 0 0 0 0 0 0 0 0 0 0 0 
0 0 0 0 0 0 0 0 0 0 0 0 0 0 0 0 0 0 0 0 0 0 0 0 27.211169 0 0 0 0 0 0 0 0 0 0 0 0 0 0 
0 0 0 0 0 0 0 0 0 0 0 0 0 0 0 0 0 0 0 0 0 0 0 14.042575 3.5527137e-15 0 0 0 0 0 0 0 0 0 0 0 0 0 0 
0 0 0 0 0 0 0 0 0 0 29.342763 0 0 0 0 0 0 0 0 0 0 0 0 0 34.850071 -3.5527137e-15 0 0 0 0 0 0 0 0 0 0 0 0 0 
0 0 0 0 0 0 0 0 0 0 31.165016 0 0 0 0 0 0 0 0 0 0 0 0 0 56.178191 5.1567196 0 0 0 0 0 0 0 0 0 0 0 0 0 
0 0 -3.5527137e-15 0 3.5527137e-15 0 -3.5527137e-15 0 0 8.8817842e-16 0 0 30.724193 0 0 0 0 0 0 0 0 0 0 0 0 0 0 0 0 0 0 0 0 0 0 0 0 0 0 
59.812963 0 0.033621571 0.070607469 42.288043 0.021669159 0.019272746 0.029470465 0 0 67.18148 0 0 0 -3.5527137e-15 0 0.4652999 0 0 0 0 0 0 0 0 0 0 0 0 0 0 0 0 0 0 0 0 0 0 
3.5527137e-15 0.025969116 0.045851893 0.12619348 86.523187 840.97714 314.32092 128.15687 45.14224 164.63598 0 100.21485 0 3.5527137e-15 -3.5527137e-15 4.90907 21.746024 25.84902 0 0 0 0 0.18150561 0 0 0 0 0 0 0 0 0 0 0 0 0 0 0 0 
4.4408921e-16 0.016196492 0.018598703 0.02889386 0 -3.5527137e-15 0.027113026 0.044180386 0.10729895 0.037112873 -1.0658141e-14 0.041890664 0 0.043165985 406.99062 0 0 0 0 0 0 0 5.9604655 0 0 0 0 0 0 0 0 0 0 0 0 0 0 0 0 
0 3.5527137e-15 0.042182543 7.1054274e-15 0 3.5527137e-15 0.028060907 3.5527137e-15 0.021230657 0.047690824 0.024290728 0.017028577 0.052528928 -7.1054274e-15 121.35202 0 0 0 0 0 0 0 30.810463 58.224947 0 0 0 0 0 0 0 0 0 0 0 0 0 0 0 
0 0.038408924 0 0 7.1054274e-15 0.032714366 0.063217509 0 0 0 0 0.060907554 0.027368472 7.1054274e-15 54.712595 0 0 0 0 0 0 0 0 18.939541 0 0 0 0 0 0 0 0 0 0 0 0 0 0 0 
0 0.0022328451 0 -3.5527137e-15 4.1633363e-16 0.025715501 0 0 0.021031751 0.012462073 -3.5527137e-15 0.028655551 0 3.5527137e-15 326.74642 0 0 0 0 0 0 0 0 0 0 0 0 0 0 0 0 0 0 0 0 0 0 0 0 
0 0 0 0.024566798 -4.1633363e-17 0 0.056440885 0.053296845 0.031352133 0.042001916 3.5527137e-15 3.5527137e-15 0 -7.1054274e-15 120.60042 385.43988 25.555816 30.427918 54.008688 0 0 0 0 0 0 0 0 0 0 0 0 0 0 0 0 0 0 0 0 
0 0 0 0 20.532609 0 0 0 0 -7.7715612e-16 -8.8817842e-16 0 0 -7.1054274e-15 0.0022584878 0.067240872 4.4408921e-16 0.010678532 0 119.20283 0 0 0 0 0 0 0 0 0 0 0 0 20.387458 0 -2.6645353e-15 0 0 0 0 
0 0 0 0 0 0 0 0 0.6928308 2.220446e-15 0.0023092184 0.00031174437 1.0658141e-14 0.071055064 0.12629717 -1.7763568e-15 0.02782271 0.038339045 0 122.96144 36.269227 39.786827 58.843246 0 0 0 0 0 0 0 0 0 0 59.072689 0 0 0 0 0 
0 0 0 0 0 0 0 -3.5527137e-15 53.321684 2.7755576e-17 -8.8817842e-16 0.013838711 0.03873203 0.085268822 0 0 3.5527137e-15 3.5527137e-15 0.031619652 0 49.830898 0.051504597 22.011816 6.3628358 0 0 0 0 0 0 0 0 0 66.589317 0 0 0 0 0 
0 0 0 0 0 0 24.509615 5.876254 39.974877 0.011226734 0.040559471 7.1054274e-15 3.5527137e-15 0 0 0 0.030561232 0.0017135051 0 0 7.1054274e-15 39.709391 0.087560632 0 0 0 0 0 0 0 0 0 0 52.427362 0 0 0 0 0 
0 0 0 0 0 0 -1.7763568e-15 41.775206 4.5306983 0 1.7763568e-15 0.020166898 0.03453431 0 0 0.038138362 0.029557564 0 0 115.90954 0 0 30.864869 104.40752 0 0 0 0 0 0 0 0 0 45.484833 0 0 0 0 0 
0 0 0 0 0 -1.7763568e-15 -3.5527137e-15 0 0 -3.5527137e-15 0.037622678 0 0 0 0 0 3.5527137e-15 0.0085058608 -3.5527137e-15 0 146.55566 20.998486 85.286461 0.090421134 215.45838 0 0 0 0 0 0 0 0 14.356933 0 0 0 0 0 
0 0 0 0 0 0 -3.5527137e-15 0 0 0 0.0045358407 0 0 0 3.6516657 0 0.03972082 0 -3.5527137e-15 0 3.5527137e-15 0.010441558 0.11732523 0.090853383 190.16794 0 0 0 0 0 0 0 0 0 0 0 0 0 0 
0 0 0 0 0 0 0 0 0 0 0 0 0 0 0 0 7.1054274e-15 3.5527137e-15 0 0.055646958 -3.5527137e-15 0.057381686 0.035354219 0.041427765 112.37519 0 0 0 0 0 0 0 0 0 0 0 0 0 0 
0 0 0 0 0 0 0 0 0 0 0 0 0 0 0 0 0 0 0 0 0 3.5527137e-15 0.085139241 0.077700699 55.268996 0 0 0 0 0 0 0 29.1375 0 0 0 0 0 0 
28.027043 0 0 0 0 0 0 0 0 0 0 0 0 0 0 0 7.1054274e-15 3.5527137e-15 3.5527137e-15 3.5527137e-15 0 0.033902747 0.036281893 0.015456758 24.416522 0 0 0 0 4.482735 0 0 42.769683 0 0 0 0 0 0 
0 62.799268 38.853108 0.024148836 3.5527137e-15 0 0 0 0 0 0 0 0 0 0 0 0 0 0 0 0.048072125 0.028950242 0.034672209 0.046173804 64.590706 0 0 0 0 35.026939 0 0 53.019584 0 0 0 0 0 0 
0 0 1.0733033 29.967514 3.5527137e-15 0.01665403 -8.8817842e-16 0 0 0 0 0 0 0 0 18.736066 0.13871502 0 0 0 0 0 0 0 51.222385 0 0 0 0 0 0 0 0 26.335137 0 0 0 0 0 
