NCOLS 90
NROWS 110
XLLCORNER 367236.48
YLLCORNER 4195790.7
CELLSIZE 10
NODATA_VALUE -9999
0 0 0 0 0 0 0 0 0 0 0 0 0 0 0 0 0 0 0 0 0 0 0 0 0 0 0 0 0 0 0 0 0 0 0 0 0 0 0 0 0 0 0 0 0 0 0 0 0 0 0 0 0 0 51.317233 0 25.286192 0.0075694669 135.34814 0 0 0 0 51.70486 0 0 0 14.555495 0 0 0 0 0 0 0 0 0 0 0 0 0 0 0 0 0 0 0 0 0 0 
0 0 0 0 0 0 0 0 0 0 0 0 0 0 0 0 0 0 0 0 0 0 0 0 0 0 0 0 0 2.6317109 0 0.021505771 0.0099828051 0 0 0 0 0 0 0 0 0 0 0 0 0 0 0 0 0 0 56.144314 0 3.5527137e-15 0 -3.5527137e-15 7.1054274e-15 -7.1054274e-15 3.5527137e-15 134.93176 0 0 0 0 53.568269 0 0 0 107.16272 0 0 0 0 0 0 0 0 0 0 0 0 0 0 0 0 0 0 0 0 0 
0 0 0 0 0 0 0 0 0 0 0 0 0 0 0 0 0 0 0 0 0 0 0 0 0 0 0 0 0 8.2300125 21.116698 0.018095387 0.0090177179 0.04086 3.5527137e-15 7.1054274e-15 0 0 0 0 0 0 0 0 0 0 0 0 0 0.097072749 0 0 0 0 0 -4.6629367e-15 0 -3.5527137e-15 0 116.09857 0 0 0 -7.1054274e-15 26.977327 56.777591 0 0 107.50452 0 0 0 0 0 0 0 0 4.3175834 0 0 0 0 0 0 0 0 0 0 0 0 
0 0 0 0 0 0 0 0 0 0 0 0 0 0 0 0 0 0 0 0 0 0 0 0 0 0 0 0 0 12.684337 52.445896 0.014292121 0.0011414101 -3.5527137e-15 0.016888635 0 0 0 0 0 0 0 0 0 0 0 0 0 0 0 0 0 0 0 7.1054274e-15 23.490083 3.5527137e-15 0 0 76.890527 0 0 0 0 -3.5527137e-15 64.083963 0 0 51.358987 0 0 0 0 0 0 0 -7.1054274e-15 42.2801 0 0 0 0 0 0 0 0 0 0 0 0 
0 0 0 0 0 0 0 0 0 0 0 0 0 0 0 0 0 0 0 0 0 0 0 0 0 0 0 0 0 0 94.401439 0.0049380301 0.0013491521 -3.5527137e-15 0.018146036 0 0 0 0 0 0 0 0 0 0 0 0 0 0 0 0 0 0 0 -7.1054274e-15 64.152377 0 0 0 54.674991 0 0 -7.1054274e-15 -7.1054274e-15 3.5527137e-15 26.439913 0 0 59.089541 0 0 0 0 0 0 0 0 33.596595 0 0 0 0 0 0 0 0 0 0 0 0 
0 0 0 0 0 0 0 0 0 0 0 0 0 0 0 0 0 0 0 0 0 0 0 0 0 0 0 0 0 15.693736 101.86692 0.015366189 0.017591092 0.012607954 0.019951326 0 0 0 0 0 0 0 0 0 0 0 0 0 0 0 0 0 0 0 0 90.313697 0 0 -3.5527137e-15 54.198673 0 0 0 0 0 0 0 0 82.616773 0 0 0 0 0 0 0 0 0 0 0 0 0 0 0 0 0 0 0 0 0 
0 0 0 0 0 0 0 0 0 0 0 0 0 0 0 0 0 0 0 0 0 0 0 0 0 0 0 0 0 0 306.3713 0.034776437 75.716047 0.035909422 0.017813817 0 0 -7.1054274e-15 -7.1054274e-15 0 0 0 0 0 0 0 0 0 0 0 0 0 0 0 0 0.5058394 0 0 -3.5527137e-15 55.488546 0 0 0 0 0 0 0.017223004 0 64.951413 0 0 0 7.9694789 0 0 0 0 0 0 0 0 0 0 0 0 0 0 0 0 0 
0 0 0 26.417417 0 0 0 0 0 0 0 0 0 0 0 0 0 0 0 0 0 0 0 0 0 0 0 0 0 0 53.624532 0 119.60096 0.25593782 0.017235807 0.029661488 0 0.036878436 0 0.0046626016 0.00048834096 0 0 0 7.1054274e-15 0 0 0 0 0 0 0 0 0 0 0 0 0 -3.5527137e-15 53.686845 0 0 0 0 0 0 0 0 82.451142 0 0 0 55.69674 0 0 0 0 0 0 0 0 0 0 0 0 0 0 0 0 0 
0 0 0 95.485226 0 0 0 0 0 0 0 0 0 0 0 0 0 0 0 0 0 0 0 0 0 0 0 0 0 0 0 0 93.778463 15.465871 0 0.032191793 0.010830362 0 0 0.0058972582 0.00083462992 0 0 0.0016728157 0 0 0 0 0 0 0 0 0 0 0 0 0 0 0.020605215 53.470098 0 0 0 0 0 0 0 4.5874302 101.12683 0 0 48.861174 0 0 0 0 0 0 0 0 0 0 0 0 0 0 0 0 0 0 
0 0 0 79.070518 0 0 0 0 0 0 0 0 0 0 0 0 0 0 0 0 0 0 0 0 0 0 0 0 0 0 0 0 0 154.5997 0.0033604812 0.041500531 0.035634797 0.010787241 0.067806446 0.0075582349 0.0037632945 0 0.025626341 0 0.034242429 0 0 0 0 0 0 0 0 0 0 0 0 0 0 55.700814 0 0 -1.7763568e-15 41.962082 0 0 0 0.016515823 96.398622 367.51166 82.544382 0 0 0 0 0 0 0 0 0 0 0 0 0 0 0 0 0 0 0 
0 0 0 23.165143 0 0 0 0 0 0 0 0 0 0 0 0 0 0 0 0 0 0 0 0 0 0 0 0 0 0 0 0 0 49.809809 183.40469 0.056806132 0.0098157192 0.01856721 0.028257669 0.041131257 0.0090974885 7.1054274e-15 0 0.035121878 0.001360751 0 0 0 0 0 0 0 0 0 0 0 0 -3.5527137e-15 0 33.07221 0 0 0 80.877957 0 0 0 0.036268684 0.051777791 0.018660008 175.84198 0 0 0 0 0 0 0 0 0 0 0 0 0 0 4.4211047 0 0 0 0 
0 0 0 0 0 0 0 0 0 0 0 0 0 0 0 0 0 0 0 0 0 0 0 0 0 0 0 0 0 0 0 0 0 0 192.15851 0.01442709 0.062434317 0.12409189 0.11033384 0.014669704 0.016588527 2.1316282e-14 0 0.048229959 0 0 0 0 0 0 0 0 0 0 0 0 0 0.021531811 0.027691882 29.206136 71.401396 0.036147842 0.058888773 174.6046 0 0 0 -1.4210855e-14 0.0099080536 0.016949107 0.04922092 69.327361 0 0 0 0 0 0 0 0 0 0 0 0 0 66.210816 0 0 0 0 
0 0 0 0 0 0 0 0 0 0 0 0 0 0 0 0 0 0 0 0 0 0 0 0 0 0 0 0 0 0 0 0 0 30.417483 0.0079929021 0.023449277 216.15235 64.746773 -1.0658141e-14 0.028980384 0.022515669 7.1054274e-15 0 0.02162372 0.047770469 0 0 0 0 0 0 0 0 0 0 0 0 0.00041514125 0.0090357879 43.0807 145.76925 0.045279613 0.072814897 249.43993 0 0 0 0.039700627 0.0058348779 0.012770792 0.040225554 66.714061 0 0 0 0 0 0 0 0 0 0 0 0 0 97.604999 0 0 0 0 
0 0 0 0 0 0 0 0 0 0 0 0 0 0 0 0 0 0 0 0 0 0 0 0 0 0 0 0 0 0 0 0 0 86.473246 8.8817842e-16 0.06140374 0.1588307 247.16675 206.40916 0.03835404 0.012986868 0 3.5527137e-15 0.042185417 0.016757436 0 -7.1054274e-15 0.0052496614 3.5527137e-15 0 0 0 0 0 0 0 0 0.006441989 -7.1054274e-15 -7.1054274e-15 7.1054274e-15 -2.1316282e-14 -7.1054274e-15 216.65959 0 0 0.028626216 3.7747583e-15 0.033788533 0.0035029644 0 53.563549 0 0 0 0 0 0 0 0 0 0 0 0 0 53.573417 0 0 0 0 
0 0 0 0 0 0 0 0 0 0 0 0 0 0 0 0 0 0 0 0 0 0 0 0 0 0 0 0 0 0 0 0 0 25.481449 0.041881315 0.12848049 0 0 197.95276 0.036478735 1.0658141e-14 0 -3.5527137e-15 0.040968059 0.010573751 0.014100774 0 0.0048474243 1.4210855e-14 0 0 0 0 0 0 0 0 0 -3.5527137e-15 -7.1054274e-15 1.4210855e-14 0 -1.4210855e-14 37.701487 199.94605 0 0 107.14751 0 0 0 64.550398 0 0 0 0 0 0 0 0 0 0 0 0 1.110223e-16 1.7960246 0 0 0 0 
0 0 0 0 0 0 0 0 0 0 0 0 0 0 0 0 0 0 0 0 0 0 0 0 0 0 0 0 0 0 0 0 4.3475664 32.97992 0 0.10503811 0 0 145.61128 0.020875653 294.07911 200.54077 0.076917317 0.0067235686 0.032113131 0.031970092 0.016290686 0.11529801 0 0 7.1054274e-15 0 0 0 0 0 0 0 0 -7.1054274e-15 0 0 0.056604703 0 109.26608 0 0 79.770757 0 0 0 77.399544 0 0 0 0 0 0 0 0 0 0 0 0 0.59246618 0 0 0 0 0 
0 0 0 0 0 0 0 0 0 0 0 0 0 0 0 0 0 0 0 0 0 0 0 0 0 0 0 0 0 0 0 1.2774578 0 8.42162 0.045980296 0 0 0 5.6113596 0.024759909 0 104.07179 74.107407 0.090953253 0.063385134 -8.8817842e-16 0.012217937 -7.1054274e-15 0 7.1054274e-15 0 0 0 0 0 0 0 0 0 -7.1054274e-15 0 0 -2.220446e-16 57.252153 0 0 0 -3.5527137e-15 60.323721 0 -7.1054274e-15 106.681 19.123621 0 0 0 0 0 0 0 0 0 0 0 0 0 0 0 0 0 
0 0 0 0 0 0 0 0 0 0 0 0 0 0 0 0 0 0 0 0 0 0 0 0 0 0 0 0 0 0 0 0 58.637015 16.374123 0.20569332 -8.8817842e-16 0 0 -8.8817842e-16 0.08596278 0 0.50794917 126.0104 0.058807592 0.0021487592 0.071606055 0.033631008 -7.1054274e-15 0.032338194 7.1054274e-15 -3.5527137e-15 0 7.1054274e-15 0 0 0 0 13.533342 0 0 0 0 0 41.506215 0 0 0 3.5527137e-15 3.5527137e-15 0 0 -1.7763568e-15 158.71367 72.530598 0 0 0 0 0 0 0 0 0 0 0 0 0 0 0 0 
0 0 0 0 0 0 0 0 0 0 0 0 0 0 0 0 0 0 0 0 0 0 0 0 0 0 0 0 0 0 0 0 0 164.60444 0.055929375 -2.220446e-16 0 9.9695046 0 0.26793991 0 0 195.52397 0.065942065 0.16747456 0.090453494 3.5527137e-15 0.021722205 0 0 0 -3.5527137e-15 0 0 0 0 0 0 0 0 0 0 21.328035 11.423019 0 0 3.5527137e-15 -1.7763568e-15 0 0 3.5527137e-15 -3.5527137e-15 -3.5527137e-15 67.754668 0 44.474779 0 0 0 0 0 0 0 0 0 0 0 0 0 0 
0 0 0 0 0 0 0 0 0 0 0 0 0 0 0 0 0 0 0 0 0 0 0 0 0 0 0 0 0 0 0 0 0 0.22152244 0.015190432 5.5511151e-17 0 42.482603 0 -8.8817842e-16 52.543781 32.167228 231.06555 0.20897391 104.32806 0 0.037401964 0.027673321 7.1054274e-15 0 -3.5527137e-15 -7.1054274e-15 0 0 0 0 0 0 0 0 0 0 0 0 0 0 0 0 0 -3.5527137e-15 3.5527137e-15 0 -3.5527137e-15 3.5527137e-15 3.9968029e-15 114.06909 0 0 0 0 0 0 0 0 0 0 0 0 0 0 
0 0 0 0 0 0 0 0 0 0 0 0 0 0 0 0 0 0 0 0 0 0 0 0 0 0 0 0 0 0 0 0 0 17.624042 0.022356695 0.046492156 0 59.677469 0.30281719 0.030217179 0.10069072 0.052967395 0.11865363 0.094385849 84.831706 -3.5527137e-15 0.023792957 7.1054274e-15 0.066840432 7.1054274e-15 -8.8817842e-15 -7.1054274e-15 0 -7.1054274e-15 0 0 0 0 0 0 0 0 0 0 0 0 0 0 0 0 0 -8.8817842e-16 0.033563976 -7.1054274e-15 -1.4210855e-14 216.32615 0 0 0 0 0 0 0 0 0 0 0 0 0 0 
0 0 0 0 0 0 0 0 0 0 0 0 0 0 0 0 0 0 0 0 0 0 0 0 0 0 0 0 0 0 0 0 0 5.3072355 0.065200047 0.016452408 0 39.310815 0.078758556 0.12848148 0.017930778 0.1206081 0.10887988 0.081498443 0 0.020574485 7.1054274e-15 0.045478604 0 0 0.041292411 -7.1054274e-15 0 3.5527137e-15 0 0 0 50.909838 0 0 0 0 0 0 0 0 0 0 0 0 0 7.1054274e-15 7.1054274e-15 0 1.0658141e-14 239.08757 0 0 0 0 0 0 0 0 0 0 0 0 0 0 
0 0 0 0 0 0 0 0 0 0 0 0 0 0 0 0 0 0 0 0 0 0 0 0 0 0 0 0 0 0 0 0 0 0.26517551 0 0 0 49.404893 0.024034443 0.13781339 0.050532749 0.028199421 0.10767979 0 0.043964036 0 0.018249401 0 0 0 0 -5.3290705e-15 7.1054274e-15 -3.5527137e-15 0 0 0 0 0 0 0 0 0 0 0 0 0 0 0 0 0 1.4210855e-14 0 0 0 131.1381 99.815048 0 0 21.707254 0 0 0 0 0 0 0 0 0 0 
0 0 0 0 0 0 0 0 0 0 0 0 0 0 0 0 0 0 0 0 0 0 0 0 0 0 0 0 0 0 0 0 0.16796968 2.7755576e-17 0.0049518826 0 0.20535923 39.265265 0.042384032 10.415596 82.142101 -3.5527137e-15 0.049850744 0 0 0.039028927 0 0.059657453 0.057291347 66.485975 7.1054274e-15 -7.1054274e-15 -1.0658141e-14 0 0 0 0 0 0 0 0 0 0 0 0 0 0 0 0 0 -7.1054274e-15 0 0 3.5527137e-15 -3.5527137e-15 -3.5527137e-15 20.855232 0.09209714 0 178.24693 0 0 0 0 0 0 0 0 0 0 
0 0 0 0 0 0 0 0 0 0 0 0 0 0 0 0 0 0 0 0 0 0 0 0 0 0 0 0 0 0 0 0 0 0.00071992896 0 0 0 12.301859 0 0 0 152.03263 0.04473666 167.56386 0.032546463 0.032165 1.0658141e-14 0.040696759 195.48295 159.89825 171.80159 -7.1054274e-15 3.5527137e-15 3.5527137e-15 3.5527137e-15 -7.1054274e-15 0 0 0 0 0 0 0 0 0 0 0 0 0 0 0 0 0 0 0 0 0 0 0 198.54544 0 0 0 0 0 0 0 0 0 0 
0 0 0 0 0 0 0 0 0 0 0 0 0 0 0 0 0 0 0 0 0 0 0 0 0 0 0 0 0 0 0 0.11492061 0 0 0 0 0 0 0 0 0 0 67.067223 0 139.06837 178.02857 223.07826 0.058293882 0 4.3737895 94.2724 3.7747583e-15 0.12790786 111.30595 0 0 3.5527137e-15 0 0 0 0 0 0 0 0 0 0 0 0 0 0 0 0 0 3.5527137e-15 0 0 -1.0658141e-14 -7.1054274e-15 202.82607 0 0 0 0 0 0 0 0 0 0 
0 0 0 0 0 0 0 0 0 0 0 0 0 0 0 0 0 0 0 0 0 0 0 0 0 0 0 0 0 0 0 0 0 0 1.7763568e-15 0 0 0 0 0 0 0 0 0 0 7.2691694 0.12828865 0.16730661 0 8.0956618 80.850545 0.03652403 0.09019271 57.835658 46.234906 -3.5527137e-15 -1.7763568e-15 0 0 0 0 0 0 0 0 0 0 0 0 0 0 0 0 0 -3.5527137e-15 -7.1054274e-15 7.1054274e-15 3.5527137e-15 -3.5527137e-15 114.64921 48.540472 0 0 0 0 0 0 0 0 0 
0 0 0 0 0 0 0 0 0 0 0 0 0 0 0 0 0 0 0 0 0 0 0 0 0 0 0 0 0 0 0 0 92.371956 8.8817842e-16 4.4408921e-16 0 0 21.921513 0 0 0 0 0 0 0 34.576771 -7.1054274e-15 0.12707331 0 1.0211622 81.517225 3.6359804e-15 0.030876691 0 56.333159 -3.5527137e-15 0 0 0 0 0 0 0 0 0 0 0 0 0 0 0 0 0 0 0 0 0 0.024243355 0 7.1054274e-15 140.40285 4.3309348 0 0 0 0 0 0 0 0 
0 0 0 0 0 0 0 0 0 0 0 0 0 0 0 0 0 0 0 0 0 0 0 0 0 0 0 0 0 0 0 0 15.03587 9.9920072e-16 1.7025204 0 19.661854 0 -1.7763568e-15 0 0 0 0 0 0 0 0.6346014 5.1308586 0 0 48.567131 -3.1086245e-15 20.239779 0 63.074806 9.2555769 0 0 0 0 0 0 0 0 0 0 0 0 0 0 0 0 0 0 0 0 0 3.5527137e-15 0 -1.7763568e-15 58.379587 58.620531 0 0 0 0 0 0 0 0 
0 0 0 0 0 0 0 0 0 0 0 0 0 0 0 0 0 0 0 0 0 0 0 0 0 0 0 0 0 0 0 0 0 3.0644984 0 0 52.407307 0 2.220446e-16 0 0 0 0 0 0 0 94.103651 0 0 0 52.198304 0.26979662 0 0 0 39.682068 1.218511 0 0 0 0 0 0 0 0 0 0 0 0 0 0 0 0 0 0 0 3.833436 0 -3.5527137e-15 0 3.7747583e-15 35.34967 0 0.56465308 0 0 0 0 0 0 
0 0 0 0 0 0 0 0 0 0 0 0 0 0 0 0 0 0 0 0 0 0 0 0 0 0 0 0 0 0 0 0 0 0 0 0 14.162971 -4.4408921e-16 -5.5511151e-17 0 0 0 0 0 0 0 0 0 0 0 0 23.81911 0 0 0 0 0 0 0 0 0 0 0 0 0 0 0 0 0 0 0 0 0 0 0 3.4337484 0 0 3.5527137e-15 0 0 21.977345 8.8817842e-16 16.60111 0 0 0 0 0 0 
0 0 0 0 0 0 0 0 0 0 0 0 0 0 0 0 0 0 0 0 0 0 0 0 0 0 0 0 0 0 0 0 0 0 0 0 3.6070872 -2.220446e-16 0.12474592 0 0 0 0 0 0 0 0 0 0 0 0 0 0 0 0 0 0 0 0 0 0 0 0 0 0 0 0 0 0 0 0 0 0 0 0 0 0 0 0 0 0 0.01250154 0 39.549293 0 0 0 0 0 0 
0 0 0 0 0 0 0 0 0 0 0 0 0 0 0 0 0 0 0 0 0 0 0 0 0 0 0 0 0 0 0 0 0 0 0 0 0 0.66814744 0 0 0 0 0 0 0 0 0 0 0 0 0 0 0 0 0 0 0 0 0 0 0 0 0 0 0 0 0 0 0 0 0 0 0 0 0 0 0 0 0 0 0.0041717011 0.024351779 0 41.322655 0 0 0 0 0 0 
0 0 0 0 0 0 0 0 0 0 0 0 0 0 0 0 0 0 0 0 0 0 0 0 0 0 0 0 0 0 0 0 0 0 0 0 0 0 0 0 0 0 0 0 0 0 0 0 0 0 0 0 0 0 0 0 0 0 0 0 0 0 0 0 0 0 0 0 0 0 0 0 0 0 0 0 0 7.1054274e-15 0 52.875913 0 0 0 0 0 0 0 0 0 0 
0 0 0 0 0 0 0 0 0 0 0 0 0 0 0 0 0 0 0 0 0 0 0 0 0 0 0 0 0 0 0 0 0 0 0 0 0 0 0 0 0 0 0 0 0 0 0 0 0 0 0 0 0 0 0 0 0 0 0 0 0 0 0 0 0 0 0 0 0 0 0 0 0 0 0 0 16.913469 1.7763568e-15 107.80857 0 0 0 0 0 0 0 0 0 0 0 
0 0 0 0 0 0 0 0 0 0 0 0 0 0 0 0 0 0 0 0 0 0 0 0 0 0 0 0 0 0 0 0 0 0 0 0 0 0 0 0 0 0 0 0 0 0 0 0 0 0 0 0 0 0 0 0 0 0 0 0 0 0 0 0 0 0 0 0 0 0 0 0 0 0 0 0 0 4.1441093 0 0 0 0 0 0 0 0 0 0 0 0 
0 0 0 0 0 0 0 0 0 0 0 0 0 0 0 0 0 0 0 0 0 0 0 0 0 0 0 0 0 0 0 0 0 0 0 0 0 0 0 0 0 0 0 0 0 0 0 0 0 0 0 0 0 0 0 0 0 0 0 0 0 0 0 0 0 0 0 0 0 0 0 0 0 0 0 0 0 0 0 0 0 0 0 4.3875036 0 0 0 0 0 0 
0 0 0 0 0 0 0 0 0 0 0 0 0 0 0 0 0 0 0 0 0 0 0 0 0 0 0 0 0 0 0 0 0 0 0 0 0 0 0 0 0 0 0 0 0 0 0 0 0 0 0 0 0 0 0 0 0 0 0 0 0 0 0 -7.1054274e-15 0 0 0 0 0 0 0 0 0 0 0 0 0 0 0 0 0 0 0 9.5171082 0 0 0 0 0 0 
0 0 0 0 0 0 0 0 0 0 0 0 0 0 0 0 0 0 0 0 0 0 0 0 0 0 0 0 0 0 0 0 0 0 0 0 0 0 0 0 0 0 0 0 0 0 0 0 0 0 0 0 0 0 0 0 0 0 0 0 0 0 0 0 -7.1054274e-15 0 -4.4408921e-16 0 0 0 0 0 0 0 0 0 0 -7.1054274e-15 7.1054274e-15 0 0 0 96.641697 0 0 0 0 0 0 0 
0 0 0 0 0 0 0 0 0 0 0 0 0 0 0 0 0 0 0 0 0 0 0 0 0 0 0 0 0 0 0 0 0 0 0 0 0 0 0 0 0 0 0 0 0 0 0 0 0 0 0 0 0 0 0 0 0 0 0 0 0 0 0 0 3.5527137e-15 0 0.025998477 0.015786879 0 0 0 0 0 0 0 0.79507183 66.700848 103.46658 50.406678 0 0 0 0 0 0 0 0 0 0 0 
0 0 0 0 0 0 0 0 0 0 0 0 0 0 0 0 0 0 0 0 0 0 0 0 0 0 0 0 0 0 0 0 0 0 0 0 0 0 0 0 0 0 0 0 0 0 0 0 0 0 0 0 0 0 0 0 0 0 0 0 0 0 0 28.495644 0 53.558152 14.14844 6.3533991 0.13553528 0 0 0 0 0 0 0 0 0 0 0 0 0 0 0 0 0 0 0 0 0 
0 0 0 0 0 0 0 0 0 0 0 0 0 0 0 0 0 0 0 0 0 0 0 0 0 0 0 0 0 0 0 0 0 0 0 0 0 0 0 0 0 0 0 0 0 0 0 0 0 0 0 0 0 0 0 0 0 0 0 0 0 0 0 45.162947 104.1734 82.289312 0 0 0 0 0 0.77657771 1.1318085 0 0 0 0 0 0 0 0 0 0 0 0 0 0 0 0 0 
0 0 0 0 0 0 0 0 0 0 0 0 0 0 0 0 0 0 0 0 0 0 0 0 0 0 0 0 0 0 0 0 0 0 0 0 0 0 0 0 0 0 0 0 0 0 0 0 0 0 0 0 0 0 0 0 0 0 0 0 0 0 0 0 0 0 0 0 0 0 0 0 0 0 0 0 0 0 0 0 0 0 0 0 0 0 0 0 0 0 
0 0 0 0 0 0 0 0 0 0 0 0 0 0 0 0 0 0 0 0 0 0 0 0 0 0 0 0 0 0 0 0 0 0 0 0 0 0 0 0 0 0 0 0 0 0 0 0 0 0 0 0 0 0 0 0 0 0 0 0 0 0 0 0 0 0 0 0 0 0 0 0 0 0 0 0 0 0 0 0 0 0 0 0 0 0 0 0 0 0 
0 0 0 0 0 0 0 0 0 0 0 0 0 0 0 0 0 0 0 0 0 0 0 0 0 0 0 0 0 0 0 0 0 0 0 0 0 0 0 0 0 0 0 0 0 0 0 0 0 0 0 0 0 0 0 0 0 0 0 0 0 0 0 0 0 0 0 0 0 0 0 0 0 0 0 0 0 0 0 0 0 0 0 0 0 0 0 0 0 0 
0 0 0 0 0 0 0 0 0 0 0 0 0 0 0 0 0 0 0 0 0 0 0 0 0 0 0 0 0 0 0 0 0 0 0 0 0 0 0 24.928753 7.1054274e-15 1.7763568e-15 0 0 0 0 0 0 0 0 0 0 0 0 0 0 0 0 0 0 0 0 0 0 0 0 0 0 0 0 0 0 0 0 0 0 0 0 0 0 0 0 0 0 0 0 0 0 0 0 
0 0 0 0 0 0 0 0 0 0 0 0 0 0 0 0 0 0 0 0 0 0 0 0 0 0 0 0 0 0 0 0 0 0 0 0 0 0 0 0 75.98422 11.385741 0 0 0 0 0 0 0 0 0 0 0 0 0 0 0 0 0 0 0 0 0 0 0 0 0 0 0 0 0 0 0 0 0 0 0 0 0 0 0 0 0 0 0 0 0 0 0 0 
0 0 0 0 0 0 0 0 0 0 0 0 0 0 0 0 0 71.543634 -1.7763568e-15 18.751591 0 0 0 0 0 0 0 0 0 0 0 0 0 0 0 0 0 0 0 0 0 0 0 0 0 0 0 0 0 0 0 0 0 0 0 0 0 0 0 0 0 0 0 0 0 0 0 0 0 0 0 0 0 0 0 0 0 0 0 0 0 0 0 0 0 0 0 0 0 0 
0 0 0 0 0 0 0 0 0 0 0 0 0 0 0 0 0 22.169166 0 0 0 0 0 0 0 0 0 0 0 0 0 0 0 0 0 0 0 0 0 0 0 0 0 0 0 0 0 0 0 0 0 0 0 0 0 0 0 0 0 0 0 0 0 0 0 0 0 0 0 0 0 0 0 0 0 0 0 0 0 0 0 0 0 0 0 0 0 0 0 0 
0 0 0 0 0 0 0 0 0 0 0 0 0 0 0 0 0 0 0 0 0 0 0 0 0 0 0 0 0 0 0 0 0 0 0 0 0 0 0 0 0 0 0 0 0 0 0 0 0 0 0 0 0 0 0 0 0 0 0 0 0 0 0 0 0 0 0 0 0 0 0 0 0 0 0 0 0 0 0 0 0 0 0 0 0 0 0 0 0 0 
0 0 0 0 0 0 0 0 0 0 0 0 0 0 0 0 0 0 0 0 0 0 0 0 0 0 0 0 0 0 -3.5527137e-15 0 -3.5527137e-15 0 1.7763568e-15 0 0 0 0 0 0 0 0 0 0 0 0 0 0 0 0 0 0 0 0 0 0 0 0 0 0 0 0 0 0 0 0 0 0 0 0 0 0 0 0 0 0 0 0 0 0 0 0 0 0 0 0 0 0 0 
0 0 0 0 0 0 0 0 0 0 0 0 0 0 4.4408921e-16 0 23.043901 0 0 0 0 0 0 0 0 0 0 0 0 0 0 0 0.0031982694 0 0 0 0 0 0 0 0 0 0 0 0 0 0 0 0 0 0 0 0 0 0 0 0 0 0 0 0 0 0 0 0 0 0 0 0 0 0 0 0 0 0 0 0 0 0 0 0 0 0 0 0 0 0 0 0 0 
0 0 0 0 0 0 0 0 0 0 0 0 0 0 0.026288347 55.856768 22.363206 0 0 0 0 0 0 0 0 0 0 0 0 0 -7.1054274e-15 0.03556086 0.018728532 -7.1054274e-15 0 0 0 0 0 0 0 0 -7.1054274e-15 0 0 0 0 0 0 0 0 0 0 0 0 0 0 0 0 0 0 0 0 0 0 0 0 0 0 0 0 0 0 0 0 0 0 0 0 0 0 0 0 0 0 0 0 0 0 0 
0 0 0 0 0 0 0 0 0 0 0 0 0 0 0 0.80879259 0 0 0 0 0 0 0 0 0 0 0 0 0 0 0 0.014860795 0.052167383 0 0 0 -3.5527137e-15 0 0 0 -2.1316282e-14 0 0 0 0 0 0 0 0 0 0 0 0 0 0 0 0 0 0 0 0 0 0 0 0 0 0 0 0 0 0 0 0 0 0 0 0 0 0 0 0 0 0 0 0 0 0 0 0 0 
0 0 0 0 0 0 0 0 0 0 0 0 0 0 0 0 0 0 0 0 0 0 0 0 0 0 0 0 0 -7.1054274e-15 0 0.086095915 0.053681031 3.5527137e-15 0 0 0 -3.5527137e-15 0 0.005417598 0.016139253 0.032892017 0 0 0 0 0 0 0 0 0 0 0 0 0 0 0 0 0 0 0 0 0 0 0 0 0 0 0 0 0 0 0 0 0 0 0 0 0 0 0 0 0 0 0 0 0 0 0 0 
0 0 0 0 0 0 0 0 0 0 0 0 0 0 0 0 0 0 0 0 0 0 0 0 0 0 0 0 0 7.1054274e-15 7.1054274e-15 0.083221401 0.021726615 -7.1054274e-15 0 0 0 0 0 0.02570547 0.039555156 0 0 0 0 0 0 0 0 0 0 0 0 0 0 0 0 0 0 0 0 0 0 0 0 0 0 0 0 0 0 0 0 0 0 0 0 0 0 0 0 0 0 0 0 0 0 0 0 0 
0 0 0 0 0 0 0 0 0 0 0 0 0 0 0 0 0 0 0 0 0 0 0 0 0 0 0 0 0 7.1054274e-15 0 0.070909129 0.052013964 0.10171667 0.05401578 0 4.4408921e-15 0.030240157 0.13255023 0.16741157 0.096990526 0 0 0 0 0 0 0 0 0 0 0 0 0 0 0 0 0 0 0 0 0 0 0 0 0 0 0 0 0 0 0 0 0 0 0 0 0 0 0 0 0 0 0 0 0 0 0 0 0 
0 0 0 0 0 0 0 0 0 0 0 0 0 0 0 0 0 0 0 0 0 0 0 0 0 0 0 0 0 0 0 52.942242 960.42591 0.051286313 0.1000917 0.050959552 71.137109 140.42455 0.31630692 0.2601345 0.037090634 0 0.010514229 -7.1054274e-15 0 0 0 0 0 0 0 0 0 0 0 0 0 0 0 0 0 0 0 0 0 0 0 0 0 0 0 0 0 0 0 0 0 0 0 0 0 0 0 0 0 0 0 0 0 0 
0 0 0 0 0 0 0 0 0 0 0 0 0 0 0 0 0 0 0 0 0 0 0 0 0 0 0 0 30.291536 -3.5527137e-15 3.5527137e-15 0.12647873 0.32203175 0.12299346 0.14855626 0 46.287053 499.52774 0.074047746 0.065650984 0.015087467 0.00215135 -3.5527137e-15 0.043720505 0 0 0 0 0 0 0 0 0 0 0 0 0 0 0 0 0 0 0 0 0 0 0 0 0 0 0 0 0 0 0 0 0 0 0 0 0 0 0 0 0 0 0 0 0 0 
0 0 0 10.670217 0 0 0 0 0 0 0 0 0 0 0 0 0 0 0 0 0 0 8.0123044 0 0 0 0 0 0 53.098131 0.072652547 0.29642286 0.038047391 0.19610127 0.064422586 63.82615 332.7988 155.48092 147.84338 0.14755316 0.0035846274 0.0082723924 0.009902283 0.066026177 0.0027409856 0 0 0 0 0 0 0 0 0 0 0 0 0 0 0 0 0 0 0 0 0 0 0 0 0 0 0 0 0 0 0 0 0 0 0 0 0 0 0 0 0 0 0 0 0 
0 0 27.584652 29.626517 0 0 0 0 0 0 0 0 0 0 0 0 0 0 0 0 61.037542 0 0 0 0 0 0 0 0 0 0.15141478 0.50984269 788.02648 60.501477 106.911 0 0 5.7953065 0.12100757 0.21762669 0.00075109115 0.0036355618 0.0011087483 0.050921538 0.008273457 0 0 0 -7.1054274e-15 0 0 0 0 0 0 0 0 0 0 0 0 0 0 0 0 0 0 0 0 0 0 0 0 0 0 0 0 0 0 0 0 0 0 0 0 0 0 0 0 0 
0 0 0 0 0 0 0 0 0 0 0 0 0 0 0 0 0 0 0 116.97957 0 0 0 0 0 0 0 0 0 0 0 0.046264779 123.59305 74.805532 0.072234524 0 0 156.15262 0.076205437 0.17118998 0 0.025384567 0.054625001 0.014771998 0.016492836 0 0 -1.4210855e-14 0 0 0 0 0 0 0 0 0 0 0 0 0 0 0 0 0 0 0 0 0 0 0 0 0 0 0 0 0 0 0 0 0 0 0 0 0 0 0 0 0 0 
0 0 145.97787 0 0 0 0 0 0 0 0 0 0 0 0 0 0 0 0 17.763783 0 0 0 0 0 0 0 0 0 0 0 0 21.868503 0 0 0 0 0.11400418 0.073960069 0.096808103 -7.1054274e-15 0.0080716091 0.02484904 0.044432346 0.017772502 0.043015297 0.0016272223 3.5527137e-15 0 7.1054274e-15 0 -3.5527137e-15 0 0 0 0 0 0 0 0 0 0 0 0 0 0 0 0 0 0 0 0 0 0 0 0 0 0 0 0 0 0 0 0 0 0 0 0 0 0 
0 0 0 0 0 0 0 0 0 0 0 0 0 0 0 0 0 0 0 0 0 0 0 0 0 0 0 0 0 0 0 0 7.6099946 0 0 0 0.30776385 0.19646272 0.069716657 0.042516618 0.011397919 0.09674178 0.102056 0.0029951461 0.010759269 -1.7763568e-15 3.5527137e-15 -7.1054274e-15 0 3.5527137e-15 0 0 0 0 0 0 0 0 0 0 0 0 0 0 0 0 0 0 0 0 0 0 0 0 0 0 0 0 0 0 0 0 0 0 0 0 0 0 0 0 
0 0 0 0 0 0 0 0 0 0 0 0 0 0 0 0 0 0 0 0 0 0 0 0 0 0 0 0 0 0 0 0 0 9.6798634 64.8405 696.69248 109.22577 0.017336704 0.14654058 0.16939829 0.10212249 0.17405052 0.073116035 -7.1054274e-15 0.020059263 0.034863474 177.32138 161.27722 0.020191984 106.87855 0.029025382 7.1054274e-15 0 0 0 0 0 0 0 0 0 0 0 0 0 0 0 0 0 0 0 0 0 0 0 0 0 0 0 0 0 0 0 0 0 0 0 0 0 0 
0 0 0 0 0 0 0 0 0 0 0 0 0 0 0 0 0 0 0 0 0 0 0 0 0 0 0 0 0 0 0 0 103.75722 0 0 0 24.248278 97.859302 365.49943 0.20847476 0.050667354 0.14988058 0.080785707 0.15256997 0.052209774 99.142468 0 0 0.10094057 13.433383 197.27866 5.3981845 -7.1054274e-15 0 0 0 7.1054274e-15 0 0 0 0 0 0 0 0 0 0 0 0 0 0 0 0 0 0 0 0 0 0 0 0 0 0 0 0 0 0 0 0 0 
0 0 0 0 0 0 0 0 0 0 0 0 0 0 0 0 0 0 0 0 0 0 0 0 0 0 0 0 0 0 0 0 128.73905 0 0 0 0 0 168.30911 0.030973716 24.076881 2.0345815 0.22951615 0.087061839 0.070462797 0.017244606 0 0 0.055653722 0 0 141.52895 0.055816487 0.023774824 0 3.5527137e-15 0 -7.1054274e-15 0 0 0 0 0 0 0 0 0 0 0 0 0 0 0 0 0 0 0 0 0 0 0 0 0 0 0 0 0 0 0 0 
0 0 0 0 0 0 0 0 0 0 0 0 0 0 0 0 0 0 0 0 0 0 0 0 0 0 0 0 0 0 0 0 25.574163 0 0 0 0 80.350101 0 158.25896 142.07534 138.78675 0.037055516 0.20518617 0.07397664 0 7.1054274e-15 0.020110297 0.010118362 0 0 0.32177917 0.099322327 12.461468 69.000203 7.1054274e-15 0 0 0 0 0 0 0 0 0 0 0 0 0 0 0 0 0 0 0 0 0 0 0 0 0 0 0 0 0 0 0 0 0 0 
0 0 0 0 0 0 0 0 0 0 0 0 0 0 0 0 0 0 0 0 0 0 0 0 0 0 0 0 0 0 0 0 0 0 0 0 0 0 26.08727 0 0 63.834539 21.011653 0.035856168 0.0089744597 3.5527137e-15 7.1054274e-15 0.15020659 0.017266215 -7.1054274e-15 0 0.041162271 0.069174334 0 0 78.206345 0 -8.8817842e-16 23.641843 0 1.4210855e-14 -3.5527137e-15 0 0 0 0 0 0 0 0 0 0 0 0 0 0 0 0 0 0 0 0 0 0 0 0 0 0 0 0 
0 0 0 0 0 0 0 0 0 0 0 0 0 0 0 0 0 0 0 0 0 0 0 0 0 0 0 0 0 0 0 0 0 0 0 0 0 0 0 0 0 0 172.44842 0.018648761 0.03813426 0.038662038 0.032961296 0.072224068 0 0 0.07473673 0 0.036122738 0 0 66.292867 8.8817842e-16 0 0 60.126625 0 0 0 0 0 7.1054274e-15 0 0 0 0 0 0 0 0 0 0 0 0 0 0 0 0 0 0 0 0 0 0 0 0 
0 0 0 0 0 0 0 0 0 0 0 0 0 0 0 0 0 0 0 0 0 0 0 0 0 0 0 0 0 0 0 0 0 0 0 0 0 0 0 0 0 0 153.14098 0.093290851 79.205897 98.419867 2.7754243 0.01163797 0.0097767392 0.098543473 0.11104903 0.099564765 0.027234887 0 0 0 0 0 0 59.407837 -3.5527137e-15 0 0 0 23.696479 0 19.84911 0 0 0 0 0 0 0 0 0 0 0 0 0 0 0 0 0 0 0 0 0 0 0 
0 0 0 0 0 0 0 0 0 0 0 0 0 0 0 0 0 0 0 0 0 0 0 0 0 0 0 0 0 0 0 0 0 0 0 0 0 0 0 0 0 0 3.8997759 14.898565 0 0 72.163188 0.067443836 15.550844 214.26891 29.503678 0 0 0 -7.1054274e-15 0 0 0 0 0 0 0 0 1.9010315 3.5527137e-15 8.8817842e-16 0 0 0 0 0 0 0 0 0 0 0 0 0 0 0 0 0 0 0 0 0 0 0 0 
0 0 0 0 0 0 0 0 0 0 0 0 0 0 0 0 0 0 0 0 0 0 0 0 0 0 0 0 0 0 0 0 0 0 0 0 0 0 0 0 0 0 0 0 0 0 99.738592 2.7241276 33.081362 8.3166024 186.27285 0.059758159 0 7.1054274e-15 1.4210855e-14 7.1054274e-15 0.034341379 0.066475597 0 -1.7763568e-15 2.220446e-16 0 0 16.696827 3.5527137e-15 0 0 0 0 0 0 0 0 0 0 0 0 0 0 0 0 0 0 0 0 0 0 0 0 0 
0 0 0 0 0 0 0 0 0 0 0 0 0 0 0 0 0 0 0 0 0 0 0 0 0 0 0 0 0 0 0 0 0 0 0 0 0 0 0 0 0 0 0 0 0 0 0.45202468 18.672947 0 0 5.7146979 58.754139 65.417547 118.31408 154.38615 0 0.015239211 0.031587825 -1.7763568e-15 3.5527137e-15 0 0 0 0 5.0557921 0 0 0 0 0 0 0 0 0 0 0 0 0 0 0 0 0 0 0 0 0 0 0 0 0 
0 0 0 0 0 0 0 0 0 0 0 0 0 0 0 0 0 0 0 0 0 0 0 0 0 0 0 0 0 0 0 0 0 0 0 0 0 0 0 0 0 0 0 0 0 0 0 8.7292574 0 0 0 0 0 0 185.98374 8.8817842e-16 0.083705074 9.5062846e-16 0 3.5527137e-15 0 0 0 0 45.096842 0 0 0 0 0 0 0 0 0 0 0 0 0 0 0 0 0 0 0 0 0 0 0 0 0 
0 0 0 0 0 0 0 0 0 0 0 0 0 0 0 0 0 0 0 0 0 0 0 0 0 0 0 0 0 0 0 0 0 0 0 0 0 0 0 0 0 0 0 0 0 0 0 0 0 0 0 0 0 0 29.8874 -2.7061686e-16 0.37379425 32.307228 1.7763568e-15 0 0 0 0.57290825 0 -1.110223e-16 -5.5511151e-17 52.657207 0.029467421 0 0 1.110223e-16 0 0 0 0 0 0 0 0 0 0 0 0 0 0 0 0 0 0 0 
0 0 0 0 0 0 0 0 0 0 0 0 0 0 0 0 0 0 0 0 0 0 0 0 0 0 0 0 0 0 0 0 0 0 0 0 0 0 0 0 0 0 0 0 0 0 0 0 0 0 0 0 0 0 9.9686545 1.6020284 2.9501396 14.472364 118.30761 14.492063 0.073875353 0.089954803 0.016689874 0 0.024066133 0.07641519 2.220446e-16 -7.1054274e-15 0.017568356 0 0 0 0 0 0 0 0 0 0 0 0 0 0 0 0 0 0 0 0 0 
0 0 0 0 0 0 0 0 0 0 0 0 0 0 0 0 0 0 0 0 0 0 0 0 0 0 0 0 0 0 0 0 0 0 0 0 0 0 0 0 0 0 0 0 0 0 0 0 0 0 0 0 0 0 0 4.6446804 0 0 0.02597388 0.017128933 -7.1054274e-15 0 0 0 0.012665125 0.0060466252 -8.8817842e-16 0.0065272753 0.021593684 0 0.53121759 0 0 0 0 0 0 0 0 0 0 0 0 0 0 0 0 0 0 0 
0 0 0 0 0 0 0 0 0 0 0 0 0 0 0 0 0 0 0 0 0 0 0 0 0 0 0 0 0 0 0 0 0 0 0 0 0 0 0 0 0 0 0 0 0 0 0 0 0 0 0 0 0 0 0 0 0 55.139792 25.072976 0.029893489 0.076272783 -7.1054274e-15 0 0 0.022594902 0.026961153 0.038430654 0.018629688 0 0 0 27.531049 -7.1054274e-15 0 47.675958 0 0 0 0 0 0 0 0 0 0 0 0 0 0 0 
0 0 0 0 0 0 0 0 0 0 0 0 0 0 0 0 0 0 0 0 0 0 0 0 0 0 0 0 0 0 0 0 0 0 0 0 0 0 0 0 0 0 0 0 0 0 0 0 0 0 0 0 0 0 0 0 0 0 69.171726 147.6428 132.30066 84.121801 0.033794464 0.16155119 0.0015017607 0.024239676 0 0.0039491898 0 0 0 0 87.759416 8.8817842e-16 0 0 0 0 0 0 0 0 0 0 0 0 0 0 0 0 
0 0 0 0 0 0 0 0 0 0 0 0 0 0 0 0 0 0 0 0 0 0 0 0 0 0 0 0 0 0 0 0 0 0 0 0 0 0 0 0 0 0 0 0 0 0 0 0 0 0 0 0 0 0 0 0 0 0 0 0 0 12.854084 106.70343 603.7581 0.032618039 7.1054274e-15 0 0.0050564966 7.1054274e-15 0 0 0 0.00019270995 0.049040759 0 0 0 0 0.14313378 0 0 0 0 0 0 0 0 0 0 0 
0 0 0 0 0 0 0 0 0 0 0 0 0 0 0 0 0 0 0 0 0 0 0 0 0 0 0 0 0 0 0 0 0 0 0 0 0 0 0 0 0 0 0 0 0 0 0 0 0 0 0 0 0 0 0 0 0 0 0 0 0 0 0 131.8142 0.030712694 0.0087245043 0.046478616 0.026104328 -1.4210855e-14 0.014931447 0 18.304925 4.4408921e-16 0.016807883 0 0 0 0 0 2.6816883 57.188522 0 0 0 0 0 0 0 0 0 
0 0 0 0 0 0 0 0 0 0 0 0 0 0 0 0 0 0 0 0 0 0 0 0 0 0 0 0 0 0 0 0 0 0 0 0 0 0 0 0 0 0 0 0 0 0 0 0 0 0 0 0 0 0 0 0 0 0 0 0 0 0 0 0 144.82255 263.37253 0.5501116 0.0354282 0 0 0 25.238929 0.03662784 0 0 0 0 0 0 0 119.22176 0 0 0 0 0 0 0 0 0 
0 0 0 0 0 0 0 0 0 0 0 0 0 0 0 0 0 0 0 0 0 0 0 0 0 0 0 0 0 0 0 0 0 0 0 0 0 0 0 0 0 0 0 0 0 0 0 0 0 0 0 0 0 0 0 0 0 0 0 0 0 0 0 0 0 0 151.81974 177.15778 0.023027642 0.018256587 0 0 0.037096779 0 0 0 0 0 0 0 44.571778 0 0 0 0 0 0 0 0 0 
0 0 0 0 0 0 0 0 0 0 0 0 0 0 0 0 0 0 0 0 0 0 0 0 0 0 0 0 0 0 0 0 0 0 0 0 0 0 0 0 0 0 0 0 0 0 0 0 0 0 0 0 0 0 0 0 0 0 0 0 0 0 0 0 0 0 0 109.80339 1.4210855e-14 0 0 0.0081575315 0 0 0 0 0 0 0 0 0 0 0 0 0 0 0 0 0 0 
0 0 0 0 0 0 0 0 0 0 0 0 0 0 0 0 0 0 0 0 0 0 0 0 0 0 0 0 0 0 0 0 0 0 0 0 0 0 0 0 0 0 0 0 0 0 0 0 0 0 0 0 0 0 0 0 0 0 0 0 0 0 0 0 0 0 0 43.736329 0 0 0.052747229 0 -7.1054274e-15 0 0 0 0 0 0 0 0 0 0 0 0 0 0 0 0 0 
0 0 0 0 0 0 0 0 0 0 0 0 0 0 0 0 0 0 0 0 0 0 0 0 0 0 0 0 0 0 0 0 0 0 0 0 0 0 0 0 0 0 0 0 0 0 0 0 0 0 0 0 0 0 0 0 0 0 0 0 0 0 0 0 0 0 0 0 0 0 4.585583 -3.5527137e-15 -7.1054274e-15 1.7763568e-15 0 0 0 0 0 0 0 0 0 0 0 0 0 0 0 0 
0 0 0 0 0 0 0 0 0 0 0 0 0 0 0 0 0 0 0 0 0 0 0 0 0 0 0 0 0 0 0 0 0 0 0 0 0 0 0 0 0 0 0 0 0 0 0 0 0 0 0 0 0 0 0 0 0 0 0 0 0 0 0 0 0 0 0 0 0 0 31.451558 127.3709 -8.8817842e-16 15.521924 1.0888196 0 0 0 0 0 0 0 0 0 0 0 0 0 0 0 
0 0 0 0 0 0 0 0 0 0 0 0 0 0 0 0 0 0 0 0 0 0 0 0 0 0 0 0 0 0 0 0 0 0 0 0 0 0 0 0 0 0 0 0 0 0 0 0 0 0 0 0 0 0 0 0 0 0 0 0 0 0 0 0 0 0 0 0 0 0 0 0 14.581954 0 3.0396859 136.23485 0 0 0 0 0 0 0 0 0 0 0 0 0 0 
0 0 0 0 0 0 0 0 0 0 0 0 0 0 0 0 0 0 0 0 0 0 0 0 0 0 0 0 0 0 0 0 0 0 0 0 0 0 0 0 0 0 0 0 0 0 0 0 0 0 0 0 0 0 0 0 0 0 0 0 0 0 0 0 0 0 0 0 0 0 0 0 0 0 0 19.071108 0 0 0 0 0 0 0 0 0 0 0 0 0 0 
0 0 0 0 0 0 0 0 0 0 0 0 0 0 0 0 0 0 0 0 0 0 0 0 0 0 0 0 0 0 0 0 0 0 0 0 0 0 0 0 0 0 0 0 0 0 0 0 0 0 0 0 0 0 0 0 0 0 0 0 0 0 0 0 0 0 0 0 0 0 0 0 0 0 0 0 0 0 0 0 0 0 0 0 0 0 0 0 0 0 
0 0 0 0 0 0 0 0 0 0 0 0 0 0 0 0 0 0 0 0 0 0 0 0 0 0 0 0 0 0 0 0 0 0 0 0 0 0 0 0 0 0 0 0 0 0 0 0 0 0 0 0 0 0 0 0 0 0 0 0 0 0 0 0 0 0 0 0 0 0 0 0 0 0 0 0 0 0 0 0 0 0 0 0 0 0 0 0 0 0 
0 0 0 0 0 0 0 0 0 0 0 0 0 0 0 0 0 0 0 0 0 0 0 0 0 0 0 0 0 0 0 0 0 0 0 0 0 0 0 0 0 0 0 0 0 0 0 0 0 0 0 0 0 0 0 0 0 0 0 0 0 0 0 0 0 0 0 0 0 0 0 0 0 0 0 0 0 0 0 0 0 0 0 0 0 0 0 0 0 0 
0 0 0 0 0 0 0 0 0 0 0 0 0 0 0 0 0 0 0 0 0 0 0 0 0 0 0 0 0 0 0 0 0 0 0 0 0 0 0 0 0 0 0 0 0 0 0 0 0 0 0 0 0 0 0 0 0 0 0 0 0 0 0 0 0 0 0 0 0 0 0 0 0 0 0 0 0 0 0 0 0 0 0 0 0 0 0 0 0 0 
0 0 0 0 0 0 0 0 0 0 0 0 0 0 0 0 0 0 0 0 0 0 0 0 0 0 0 0 0 0 0 0 0 0 0 0 0 0 0 0 0 0 0 0 0 0 0 0 0 0 0 0 0 0 0 0 0 0 0 0 0 0 0 0 0 0 0 0 0 0 0 0 0 0 0 0 0 0 0 0 0 0 0 0 0 0 0 0 0 0 
0 0 0 0 0 0 0 0 0 0 0 0 0 0 0 0 0 0 0 0 0 0 0 0 0 0 0 0 0 0 0 0 0 0 0 0 0 0 0 0 0 0 0 0 0 0 0 0 0 0 0 0 0 0 0 0 0 0 0 0 0 0 0 0 0 0 0 0 0 0 0 0 0 0 0 0 0 0 0 0 0 0 0 0 0 0 0 0 0 0 
0 0 0 0 0 0 0 0 0 0 0 0 0 0 0 0 0 0 0 0 0 0 0 0 0 0 0 0 0 0 0 0 0 0 0 0 0 0 0 0 0 0 0 0 0 0 0 0 0 0 0 0 0 0 0 0 0 0 0 0 0 0 0 0 0 0 0 0 0 0 0 0 0 0 0 0 0 0 0 0 0 0 0 0 0 0 0 0 0 0 
0 0 0 0 0 0 0 0 0 0 0 0 0 0 0 0 0 0 0 0 0 0 0 0 0 0 0 0 0 0 0 0 0 0 0 0 0 0 0 0 0 0 0 0 0 0 0 0 0 0 0 0 0 0 0 0 0 0 0 0 0 0 0 0 0 0 0 0 0 0 0 0 0 0 0 0 0 0 0 0 0 0 0 0 0 0 0 0 0 0 
0 0 0 0 0 0 0 0 0 0 0 0 0 0 0 0 0 0 0 0 0 0 0 0 0 0 0 0 0 0 0 0 0 0 0 0 0 0 0 0 0 0 0 0 0 0 0 0 0 0 0 0 0 0 0 0 0 0 0 0 0 0 0 0 0 0 0 0 0 0 0 0 0 0 0 0 0 0 0 0 0 0 0 0 0 0 0 0 0 0 
0 0 0 0 0 0 0 0 0 0 0 0 0 0 0 0 0 0 0 0 0 0 0 0 0 0 0 0 0 0 0 0 0 0 0 0 0 0 0 0 0 0 0 0 0 0 0 0 0 0 0 0 0 0 0 0 0 0 0 0 0 0 0 0 0 0 0 0 0 0 0 0 0 0 0 0 0 0 0 0 0 0 0 0 0 0 0 0 0 0 
0 0 0 0 0 0 0 0 0 0 0 0 0 0 0 0 0 0 0 0 0 0 0 0 0 0 0 0 0 0 0 0 0 0 0 0 0 0 0 0 0 0 0 0 0 0 0 0 0 0 0 0 0 0 0 0 0 0 0 0 0 0 0 0 0 0 0 0 0 0 0 0 0 0 0 0 0 0 0 0 0 0 0 0 0 0 0 0 0 0 
0 0 0 0 0 0 0 0 0 0 0 0 0 0 0 0 0 0 0 0 0 0 0 0 0 0 0 0 0 0 0 0 0 0 0 0 0 0 0 0 0 0 0 0 0 0 0 0 0 0 0 0 0 0 0 0 0 0 0 0 0 0 0 0 0 0 0 0 0 0 0 0 0 0 0 0 0 0 0 0 0 0 0 0 0 0 0 0 0 0 
0 0 0 0 0 0 0 0 0 0 0 0 0 0 0 0 0 0 0 0 0 0 0 0 0 0 0 0 0 0 0 0 0 0 0 0 0 0 0 0 0 0 0 0 0 0 0 0 0 0 0 0 0 0 0 0 0 0 0 0 0 0 0 0 0 0 0 0 0 0 0 0 0 0 0 0 0 0 0 0 0 0 0 0 0 0 0 0 0 0 
0 0 0 0 0 0 0 0 0 0 0 0 0 0 0 0 0 0 0 0 0 0 0 0 0 0 0 0 0 0 0 0 0 0 0 0 0 0 0 0 0 0 0 0 0 0 0 0 0 0 0 0 0 0 0 0 0 0 0 0 0 0 0 0 0 0 0 0 0 0 0 0 0 0 0 0 0 0 0 0 0 0 0 0 0 0 0 0 0 0 
0 0 0 0 0 0 0 0 0 0 0 0 0 0 0 0 0 0 0 0 0 0 0 0 0 0 0 0 0 0 0 0 0 0 0 0 0 0 0 0 0 0 0 0 0 0 0 0 0 0 0 0 0 0 0 0 0 0 0 0 0 0 0 0 0 0 0 0 0 0 0 0 0 0 0 0 0 0 0 0 0 0 0 0 0 0 0 0 0 0 
0 0 0 0 0 0 0 0 0 0 0 0 0 0 0 0 0 0 0 0 0 0 0 0 0 0 0 0 0 0 0 0 0 0 0 0 0 0 0 0 0 0 0 0 0 0 0 0 0 0 0 0 0 0 0 0 0 0 0 0 0 0 0 0 0 0 0 0 0 0 0 0 0 0 0 0 0 0 0 0 0 0 0 0 0 0 0 0 0 0 
0 0 0 0 0 0 0 0 0 0 0 0 0 0 0 0 0 0 0 0 0 0 0 0 0 0 0 0 0 0 0 0 0 0 0 0 0 0 0 0 0 0 0 0 0 0 0 0 0 0 0 0 0 0 0 0 0 0 0 0 0 0 0 0 0 0 0 0 0 0 0 0 0 0 0 0 0 0 0 0 0 0 0 0 0 0 0 0 0 0 
0 0 0 0 0 0 0 0 0 0 0 0 0 0 0 0 0 0 0 0 0 0 0 0 0 0 0 0 0 0 0 0 0 0 0 0 0 0 0 0 0 0 0 0 0 0 0 0 0 0 0 0 0 0 0 0 0 0 0 0 0 0 0 0 0 0 0 0 0 0 0 0 0 0 0 0 0 0 0 0 0 0 0 0 0 0 0 0 0 0 
0 0 0 0 0 0 0 0 0 0 0 0 0 0 0 0 0 0 0 0 0 0 0 0 0 0 0 0 0 0 0 0 0 0 0 0 0 0 0 0 0 0 0 0 0 0 0 0 0 0 0 0 0 0 0 0 0 0 0 0 0 0 0 0 0 0 0 0 0 0 0 0 0 0 0 0 0 0 0 0 0 0 0 0 0 0 0 0 0 0 
0 0 0 0 0 0 0 0 0 0 0 0 0 0 0 0 0 0 0 0 0 0 0 0 0 0 0 0 0 0 0 0 0 0 0 0 0 0 0 0 0 0 0 0 0 0 0 0 0 0 0 0 0 0 0 0 0 0 0 0 0 0 0 0 0 0 0 0 0 0 0 0 0 0 0 0 0 0 0 0 0 0 0 0 0 0 0 0 0 0 
