NCOLS 37
NROWS 150
XLLCORNER 276816.32
YLLCORNER 3833388.9
CELLSIZE 10
NODATA_VALUE -9999
0 0 0 0 0 0 0 0 0 0 0 0 0 0 0 -26.937987 0 0 0 0 0 0 -27.089523 0 0 0 0 0 -27.371588 0 0 0 0 0 0 0 0 
0 0 0 0 0 0 0 0 0 0 0 0 0 0 -27.6925 -26.432324 -26.79568 -26.473204 0 0 -39.467886 0 -26.816699 -27.089523 -39.53727 -28.619793 -30.648727 0 -26.758765 -30.254394 0 0 0 0 0 0 0 
0 0 0 0 0 0 0 0 0 0 -27.889451 -29.023379 0 0 0 -26.79568 -26.473204 -26.306671 -27.186306 -39.467886 -36.929656 -28.540182 -26.854419 -26.816699 0 -39.488501 -28.619793 -30.648727 0 0 0 0 0 0 0 0 0 
0 -27.674916 0 0 0 0 0 0 0 -39.498503 -27.299711 -27.889451 -29.023379 0 0 -27.612682 -26.306671 -26.43432 -26.360851 -26.839794 -28.540182 -28.601673 -26.810248 -26.627191 0 0 -39.488501 0 0 0 0 0 0 0 0 0 0 
0 -27.620789 0 0 0 0 0 0 0 0 -39.498503 -27.299711 0 0 -39.525534 -37.724551 -26.43432 -26.360851 -26.519017 -26.514052 -27.759804 -31.194381 -26.627191 -26.847043 -38.299605 -28.830034 -29.984034 0 0 0 0 0 0 0 0 0 0 
-27.620789 -27.620789 -27.452815 0 0 0 0 0 0 0 0 0 0 0 0 0 -27.0869 -26.519017 -26.514052 -26.772795 0 -30.012365 -29.287623 -29.529248 -28.830034 -28.017836 -27.504131 0 0 0 0 0 0 0 0 0 0 
0 -27.452815 -28.05084 -27.121465 -28.82649 0 0 0 0 0 0 0 0 0 0 0 -29.815646 -26.802755 -26.772795 -26.545222 -26.646412 -29.287623 -29.529248 -29.949178 -28.017836 -27.504131 -29.534775 -39.480258 -27.84316 0 0 0 0 0 0 0 0 
0 -28.05084 -27.121465 -28.82649 -27.16608 -39.48438 0 0 0 0 0 0 0 0 0 0 0 -28.534476 -26.545222 -26.646412 -27.076018 -27.973721 -29.949178 -30.092394 -33.268805 -29.534775 -39.480258 -27.84316 -26.933973 0 0 0 0 0 0 0 0 
0 0 -29.625629 -27.16608 -28.185908 -27.535862 0 0 0 0 0 0 0 0 0 0 -30.78676 0 0 -27.076018 -27.973721 -28.00707 -26.461119 -33.268805 0 0 -33.176355 -26.933973 -27.95661 0 0 0 0 0 0 0 0 
0 0 0 0 0 0 0 0 0 0 0 0 0 0 0 -30.78676 -37.427723 0 -27.559205 -27.627803 -28.00707 -26.461119 -26.752441 0 0 0 -26.78928 -26.467131 -28.332766 0 0 0 0 0 0 0 0 
0 0 0 0 0 0 -38.504034 -34.133212 0 0 0 0 0 -36.522018 -39.510849 -37.427723 -27.726156 -27.559205 -27.627803 -28.169102 -29.154372 -26.752441 0 0 0 0 -26.460272 -26.38341 0 0 0 0 0 0 0 0 0 
0 0 0 0 0 0 0 -38.504034 -34.133212 0 0 0 -36.522018 -39.510849 0 -27.726156 -26.913559 0 -28.169102 -29.154372 -27.018708 -26.403134 -27.527546 -39.482025 -29.221917 -27.474648 -26.38341 -26.464918 -37.724551 0 0 0 0 0 0 0 0 
0 0 0 0 0 0 0 0 0 0 0 0 0 0 0 -26.913559 -30.86938 0 0 0 -26.403134 -26.954917 -32.647901 -29.221917 -27.474648 -26.977668 -26.644566 -26.562059 0 0 0 0 0 0 0 0 0 
0 0 0 0 0 0 0 0 0 0 0 0 0 0 0 -30.86938 0 0 0 0 -26.954917 -38.367001 0 -29.568307 -26.977668 -26.644566 -26.895081 -27.341425 0 0 0 0 0 0 0 0 0 
0 0 0 0 0 0 0 0 0 0 0 0 0 0 0 0 0 0 0 0 -38.367001 0 0 0 0 0 0 0 -34.597972 0 0 0 0 0 0 0 0 
0 0 0 0 0 0 0 0 0 0 0 0 0 0 0 0 0 0 0 0 0 0 0 0 0 0 -39.527295 -27.894209 0 -34.597972 0 0 0 0 0 0 0 
0 0 0 0 0 0 0 0 0 0 0 0 0 0 0 0 0 0 0 0 0 0 0 0 0 -39.527295 -27.894209 0 0 0 0 0 0 0 0 0 0 
0 0 0 0 0 0 0 0 0 0 0 0 0 0 0 0 0 0 0 0 0 0 0 0 0 0 0 0 0 0 0 0 0 0 0 0 0 
0 0 0 0 0 0 0 0 0 0 0 0 0 0 0 0 0 0 0 0 0 0 0 0 0 0 -39.469065 -38.299605 0 0 0 -31.354588 0 0 0 0 0 
0 0 0 0 0 0 0 0 0 0 0 0 0 0 0 0 0 0 0 0 0 0 0 0 0 -39.469065 -38.299605 -38.299605 0 0 0 0 -31.354588 0 0 0 0 
0 0 0 0 0 0 0 0 0 0 0 0 0 0 0 0 0 0 0 0 0 0 0 0 0 0 -38.299605 0 0 0 0 0 0 0 0 0 0 
0 0 0 0 0 0 0 0 0 0 0 0 0 0 0 0 0 0 0 0 0 0 0 0 0 0 0 0 0 0 0 0 0 0 0 0 0 
0 0 0 0 0 0 0 0 0 0 0 0 0 0 0 0 0 0 0 0 0 0 0 0 0 0 0 0 0 0 0 0 0 0 0 0 0 
0 -39.443113 -27.763931 -32.551414 0 0 0 0 0 0 0 0 0 0 0 0 0 0 0 0 0 0 0 0 0 0 0 0 0 0 0 0 0 0 0 0 0 
0 -26.659251 -28.737358 -27.763931 -32.551414 0 0 0 0 0 0 0 0 0 0 0 0 0 0 0 0 0 0 0 0 0 0 0 0 0 0 0 0 0 0 0 0 
-26.768322 -26.876654 -26.659251 -28.737358 0 0 0 0 0 0 0 0 0 0 0 0 0 0 0 0 0 0 0 0 0 0 0 0 0 0 0 0 0 0 0 0 0 
0 -26.768322 -26.876654 0 0 0 0 0 0 0 0 0 0 0 0 0 0 0 0 0 0 0 0 0 0 0 0 0 0 0 0 0 0 0 0 0 0 
0 0 0 0 0 0 -29.619814 0 0 0 0 0 0 0 0 0 0 0 0 0 0 0 0 0 0 0 0 0 0 0 0 0 0 0 0 0 0 
0 0 0 0 0 0 0 -29.619814 0 0 0 0 0 0 0 0 0 0 0 0 0 0 0 0 0 0 0 0 0 0 0 0 0 0 0 0 0 
0 0 0 0 0 0 0 0 0 0 0 0 0 0 0 0 0 0 0 0 0 0 0 0 0 0 0 0 0 0 0 -31.380117 -28.563261 -27.76531 -27.261217 -27.212435 0 
0 -29.145579 0 0 0 0 0 0 0 0 0 0 0 0 0 0 0 0 0 0 0 0 0 0 0 0 0 0 0 -29.984034 -31.885164 -27.933147 -28.332766 -27.261217 -27.212435 -26.876654 -39.509674 
-29.132481 0 -29.145579 0 0 0 0 0 0 0 0 0 0 0 0 0 0 0 0 0 0 0 0 0 0 0 0 0 0 0 -29.984034 -31.885164 -27.933147 -28.25808 -26.876654 -28.34245 -28.743769 
-38.511665 -27.829712 0 0 0 0 0 0 0 0 0 0 0 0 0 0 0 0 0 0 0 0 0 0 0 0 0 0 0 0 0 0 0 0 0 0 0 
-39.490266 -30.922481 0 0 0 0 0 0 0 0 0 0 0 0 0 0 0 0 0 0 0 0 0 0 0 0 0 0 0 0 0 0 0 0 0 -39.458453 0 
0 0 0 -28.242375 -27.369092 -27.20854 -27.18818 -27.204027 -26.988372 -27.320239 0 0 0 0 0 0 0 0 0 0 0 0 0 0 0 0 0 0 0 0 0 0 0 0 -39.458453 0 0 
0 0 0 -39.502032 -28.242375 -27.369092 -27.20854 -26.988372 -27.320239 -27.320239 0 0 0 0 0 0 0 0 0 0 0 0 0 0 0 0 0 0 0 0 0 0 0 0 0 -39.502032 0 
0 0 0 0 0 0 0 0 -27.320239 0 0 0 0 0 0 0 0 0 0 0 0 0 0 0 0 0 0 0 0 0 0 0 0 0 0 0 0 
0 0 0 0 0 0 0 0 0 0 0 0 0 0 0 0 0 0 0 0 0 0 0 0 0 0 0 0 0 0 0 0 0 0 0 0 0 
0 0 0 0 0 0 0 0 0 0 0 0 0 0 0 0 0 0 0 0 0 0 0 0 0 0 0 0 0 0 0 0 0 0 0 0 0 
0 0 0 0 0 0 0 0 0 0 0 0 0 0 0 0 0 0 0 0 0 0 0 0 0 0 0 0 0 0 0 0 0 0 0 0 0 
0 0 0 0 0 0 0 0 0 0 0 0 0 0 0 0 0 0 0 0 0 0 0 0 0 0 0 0 0 0 0 0 0 0 0 0 0 
0 0 0 0 0 0 0 0 0 0 0 0 0 0 0 0 0 0 0 0 0 0 0 0 0 0 0 0 0 0 0 0 0 -27.275472 -27.444447 -29.047877 0 
0 0 0 0 0 0 0 0 0 0 0 0 0 0 0 0 0 0 0 0 0 0 0 0 0 0 0 0 0 0 0 0 -26.753194 -26.990106 -27.275472 -27.444447 -29.047877 
0 0 0 0 0 0 0 0 0 0 0 0 0 0 0 0 0 0 0 0 0 0 0 0 0 0 0 0 0 0 0 0 -26.532236 -26.753194 -26.990106 -27.65042 -28.628948 
0 -28.207286 0 0 0 0 0 0 0 0 0 0 0 0 0 0 0 0 0 0 0 0 0 0 0 0 0 0 0 0 0 0 -26.833283 -26.532236 0 -36.824813 0 
-30.631616 -26.8736 -27.036962 -27.911859 -39.536097 0 0 0 0 0 0 0 0 0 0 0 0 0 0 0 0 0 0 0 0 0 0 -27.948165 0 0 0 0 -27.63725 -26.833283 0 0 -36.824813 
0 -27.036962 -27.687438 -28.084942 -28.476085 -39.536097 0 0 0 0 0 0 0 0 0 0 0 0 0 0 0 0 0 0 0 0 -27.948165 -29.469568 0 0 0 -26.505532 -27.416347 -32.955202 0 0 0 
0 -27.687438 -28.084942 -28.476085 -28.188027 0 0 0 0 0 0 0 0 0 0 0 0 0 0 0 0 0 0 0 0 0 -29.469568 0 0 0 -30.270494 -26.538843 -26.505532 -37.200866 0 0 0 
0 -29.809206 -30.42107 -28.026897 -26.638909 -30.500412 0 0 0 0 0 0 0 0 0 0 0 0 0 0 0 0 0 0 0 0 -39.473779 -39.540202 0 0 0 -27.241787 -26.538843 0 0 0 0 
0 -32.513599 -28.026897 -26.638909 -26.62476 -27.267592 -27.662577 -27.591081 -27.147114 -27.030805 -27.178255 0 0 0 0 0 0 0 0 0 0 0 0 0 0 0 0 -39.473779 0 0 0 -27.838655 -28.075356 0 0 0 0 
0 0 0 -26.62476 -26.744744 -26.607768 -26.968439 -27.147114 -27.030805 -26.78407 -26.854742 -27.090576 -27.548507 -28.685249 -39.457864 0 0 0 0 0 0 0 0 0 0 -27.361658 -33.315929 0 0 0 0 -28.462576 0 0 0 0 0 
0 0 0 -26.744744 -26.607768 -26.863242 -27.181339 -27.295236 -26.78407 -26.734086 -27.090576 -27.548507 -28.090737 -27.903796 -27.822325 -27.151798 -30.500412 0 0 0 0 0 0 0 0 -30.78676 -27.361658 -33.315929 0 0 0 0 0 0 0 0 0 
-39.522291 -30.776629 -32.058955 -29.835097 -26.863242 -27.181339 0 -36.235701 -26.734086 -26.835442 -28.435997 -28.090737 -27.903796 -27.822325 -27.151798 -27.69887 -30.776629 -33.877716 -39.527882 0 -39.489089 0 0 0 0 0 -30.78676 0 0 0 0 0 0 0 0 0 0 
0 -33.823104 -30.776629 -28.07345 -32.687296 -34.282447 -36.235701 0 -26.835442 -26.901517 0 0 0 0 -27.69887 -30.077607 -27.548507 -39.527882 0 -39.489089 -29.31661 0 0 0 0 0 0 0 0 0 0 0 0 0 0 0 0 
-38.299605 -39.445474 -28.07345 -26.794001 -34.282447 -36.235701 0 0 -26.901517 -26.461874 0 0 0 0 -30.077607 -27.548507 -28.548787 0 0 -29.31661 0 0 0 0 0 0 0 0 0 0 0 0 0 0 0 0 0 
-39.483791 -38.299605 -26.794001 -26.453338 -29.733589 0 0 -39.466707 -26.461874 -26.527016 -31.885164 0 0 0 0 -28.548787 0 0 0 0 -27.820855 0 0 0 0 0 0 0 0 0 0 0 0 0 0 0 0 
-28.00707 -29.119493 -26.453338 -26.561499 0 0 0 0 -26.527016 -29.660915 0 0 0 0 0 0 -29.24508 -30.922481 0 -27.820855 -26.951696 0 0 0 0 0 0 0 0 0 0 0 0 0 0 0 0 
0 -27.790519 -26.561499 -26.431497 0 0 0 -31.663638 -26.67705 0 0 0 0 0 0 -29.24508 -30.922481 -30.145006 -27.704001 -26.951696 -26.613217 0 0 0 0 0 0 0 -29.003264 0 0 0 0 -39.537856 -38.23294 -29.496443 0 
0 -27.714356 -26.431497 -26.76937 -27.376608 0 -31.663638 -26.67705 -26.885598 -35.964553 0 0 0 0 0 -31.916017 -30.303062 -27.704001 -27.137861 -26.613217 -26.718658 0 0 0 0 0 0 -29.003264 -28.371992 -27.965128 -39.489678 -26.92783 0 0 -29.496443 -29.027435 -35.800609 
0 0 -26.76937 -27.308755 -27.364952 -28.136252 -29.914926 -26.885598 -30.19119 0 0 0 0 0 -39.463171 -27.884718 0 0 -26.517707 -26.517707 -27.409271 -28.132216 -29.991079 0 0 0 0 -28.371992 -27.965128 -27.876881 -26.92783 -26.612385 -27.342223 -27.479481 -36.773143 -28.138276 0 
-30.853521 -26.768584 -27.308755 -27.364952 -28.136252 -29.914926 -28.021451 -27.636063 -27.566781 0 0 0 0 0 -27.884718 -31.445016 0 0 -26.544564 -27.150623 -27.617305 -27.070404 -26.67442 0 0 0 0 0 -27.876881 -30.403817 -26.612385 -27.342223 -27.479481 -27.378289 -27.276193 -26.720034 -26.720034 
-30.492133 -26.736001 -26.311711 -30.286716 -32.933834 -28.001729 -27.636063 -27.566781 -28.052706 -28.412561 -27.678653 0 0 -27.4217 -26.435914 -26.768846 -31.445016 0 -26.542731 -27.617305 -27.070404 -26.67442 -26.67442 -27.846175 0 0 0 0 0 -28.294815 -27.6925 -38.644137 -27.378289 -27.276193 -28.088802 -26.408386 -26.641955 
0 -26.311711 -26.223338 -34.374646 -28.001729 -27.232968 -26.984492 -28.052706 -28.412561 -27.678653 0 0 0 -27.934805 -27.4217 -26.435914 -26.768846 -26.97894 -29.984034 -26.542731 0 -26.67442 -27.312561 -26.731469 0 0 0 0 0 -27.6925 0 0 0 -28.088802 -28.616755 -26.36606 -26.749782 
0 -26.223338 -26.24951 -27.381664 -27.232968 -26.984492 -27.120908 -27.295979 0 -26.687989 -27.331926 0 -26.72489 -27.985878 -27.934805 -28.369502 0 -39.489089 -26.97894 -27.419911 -26.621834 -26.462821 -26.731469 -28.292484 0 0 0 0 0 -28.092675 0 0 0 0 0 -27.314855 -29.858138 
0 -26.24951 -26.251176 -26.973032 0 -27.120908 -27.295979 -27.04755 -26.442495 -26.692209 -26.687989 -27.331926 -26.541559 -26.72489 -27.985878 0 0 -27.748895 -27.017789 -27.671195 -27.064347 -26.621834 -26.462821 -27.612682 0 0 0 0 0 -26.942161 -28.092675 0 0 0 -27.025186 -27.429806 -27.984132 
-26.363116 -26.247323 -26.249428 -26.72559 -39.509086 0 -26.488464 -26.464631 -26.511953 -26.442495 -26.692209 -28.698089 -26.698421 -26.541559 -27.75297 -30.198987 0 -27.420805 -27.748895 -27.017789 -27.671195 -27.064347 0 0 0 0 0 0 0 -27.59784 -26.942161 0 0 0 -27.4426 -27.025186 -27.429806 
-26.369416 -26.363116 -26.247323 -26.841046 0 0 -26.306963 -26.413322 -26.464631 -26.511953 -29.226523 -26.654093 -26.78653 -26.698421 -34.799096 -39.513787 0 -27.044641 -27.420805 0 0 0 0 0 0 0 0 0 -29.427416 -28.179575 -27.59784 0 -32.998336 0 -29.568307 -27.4426 0 
-26.379159 -26.369416 -26.841046 -26.978516 0 0 -26.279896 -26.29927 -26.451344 -27.057861 -39.524359 -26.60581 -26.654093 -26.78653 -39.490855 0 0 -32.366605 -27.044641 0 0 0 0 0 0 0 0 0 -27.259809 -27.259809 -39.452555 0 0 -32.998336 0 -29.568307 -39.526121 
-26.418845 -26.379159 -26.903682 -27.016872 0 0 -26.242435 -26.279896 -26.921767 0 0 -27.325667 -26.60581 0 0 0 0 0 -32.366605 0 0 0 0 0 0 0 0 0 -27.380819 -27.864477 0 0 0 0 0 0 0 
-26.656948 -26.418845 -26.943737 -27.447226 0 -26.848317 -26.261842 -26.242435 -26.873262 0 -39.534337 -26.759787 -27.325667 0 0 0 0 0 0 0 0 0 0 0 0 0 0 0 -28.271717 -27.380819 0 0 0 0 0 0 0 
-28.495247 -26.656948 -27.710458 -30.286716 0 -26.77866 -26.700806 -26.270277 -29.003264 -32.513599 -29.331297 -26.759787 -26.645672 0 0 0 0 0 0 0 0 0 0 0 0 0 0 0 0 -28.271717 0 0 0 0 0 0 0 
-38.03721 -28.495247 0 0 0 -26.61472 -26.504515 -27.548507 -27.563525 -27.954915 -29.331297 -26.645672 -26.507464 0 0 0 0 0 0 0 0 0 0 0 0 0 0 0 0 0 0 0 0 0 -30.084987 0 0 
0 -38.03721 0 0 0 -26.504515 -26.578333 -26.813461 -26.743028 -27.954915 -27.450947 -26.507464 -26.423085 -30.160287 -39.445474 -39.464939 -34.192256 -28.467962 0 0 0 0 0 0 0 0 0 0 0 0 0 0 0 -30.084987 -39.444884 0 0 
0 0 0 0 0 -26.578333 -26.813461 -26.606951 -26.743028 -26.772266 -26.67201 -26.423085 -26.907315 -27.144207 -27.379974 -27.393608 -27.432528 -26.750939 0 0 0 0 0 -29.67283 0 0 0 0 0 0 0 0 0 -39.444884 0 0 0 
0 0 -37.036548 -27.960008 0 -28.586764 -26.606951 -26.606951 -26.514052 -26.52677 -26.492514 -26.261236 -26.653903 -26.784343 -26.746468 -26.646968 -26.743028 -26.470148 -39.469065 -27.24384 -27.150037 -28.734042 -27.450015 -26.502941 0 0 0 0 0 0 0 0 0 0 -39.48438 0 0 
0 -37.036548 -27.946485 -27.517276 -27.960008 -26.91061 -26.496851 -26.362183 -26.398367 -26.455351 -26.261236 -26.257422 -26.625279 -26.719804 -26.606298 -26.474797 -26.470148 -26.404145 -26.927068 -26.718201 -27.24384 -27.150037 -26.502941 -26.783798 0 0 0 0 0 0 -39.520249 -39.526708 0 -39.48438 -37.313157 0 0 
0 0 -27.517276 -27.553837 -27.13386 -26.496851 -26.362183 -26.398367 -26.355061 -26.349021 -26.257422 -26.246405 -26.463581 -26.585383 -26.474797 -26.68967 -26.404145 -26.536283 -26.491549 -26.569864 -26.718201 -26.689249 -26.346556 -26.944132 0 0 0 0 0 -39.520249 -39.526708 0 0 -37.313157 0 0 0 
0 0 -28.081097 -27.553837 -28.120197 -27.082209 -26.512302 -26.355061 -26.349021 -26.391389 -26.246405 -26.236763 -26.492085 -26.698205 -26.836371 -26.970521 -26.536283 -26.961016 -26.983205 -26.491549 -26.569864 -26.346556 -26.282878 -27.07397 -28.730734 0 -32.191937 0 0 0 0 0 -31.032236 -27.82823 0 0 0 
0 -39.5132 -28.081097 -26.926687 -26.940983 -26.474397 0 -27.245213 -26.442929 -26.347142 -26.236763 -26.292825 -26.419702 -26.509411 -26.795961 -27.106618 -26.500931 -26.763901 -26.961016 -26.983205 -28.04712 -26.282878 -26.363759 -26.660215 -26.670015 -27.09747 -27.16128 -28.704556 0 0 0 -31.032236 -27.35838 -26.73337 0 0 0 
0 -39.5132 -26.926687 -26.940983 -26.474397 -26.317992 0 0 0 -27.042229 -26.292825 -26.419702 -26.43499 -26.32272 -26.38577 -26.500931 -26.587364 -26.827478 -26.763901 -28.694868 -27.557053 -26.363759 -26.477408 -26.670015 -26.636566 -26.703208 -27.257002 -27.293009 0 0 0 -27.35838 -26.73337 -26.578778 0 0 0 
0 0 -27.269732 -27.124818 -26.317992 -26.360909 -34.731017 0 0 0 -26.954513 -26.43499 -26.32272 -26.38577 -26.343497 -26.548135 -26.64273 -26.803613 -26.843246 -27.078589 -26.767799 -26.477408 -26.466842 -26.636566 -26.703208 -27.257002 -26.510217 -26.510217 0 0 0 -32.075265 -26.578778 -27.062843 0 0 0 
0 0 -30.361268 -28.899104 -26.360909 -26.797367 -27.116472 0 0 0 0 -26.842301 -26.388091 -26.343497 -26.548135 -26.78407 -26.677863 -26.843246 -26.730995 -26.767799 -26.667045 -26.466842 -26.660409 -33.363668 -29.854748 0 -26.550945 -26.574067 0 0 0 0 -27.062843 -28.560353 0 0 0 
0 0 0 -27.618465 -27.535862 -27.116472 -29.311744 -39.540789 0 0 0 0 -27.241787 -26.670612 -26.78407 -26.677863 -26.462441 -26.730995 -27.030334 -27.948165 -26.338347 -26.403206 -26.518778 -27.091103 -33.363668 -29.854748 -26.580117 -26.695408 -27.192575 -39.443703 0 0 0 0 -39.529055 -39.514962 0 
0 0 0 -30.47365 -34.938489 -29.311744 -39.540789 0 0 -26.66371 -31.524992 -28.11226 -26.67221 -27.053418 -29.039667 -26.462441 -26.975977 -29.311744 -31.316746 -30.286716 -26.364053 -26.338347 -26.891193 -27.178255 -27.091103 0 -26.695408 -26.75902 -26.63567 -27.192575 -27.082728 -26.942555 0 -39.529055 -39.514962 -39.160232 0 
0 -30.776629 0 0 -33.315929 0 0 0 0 -26.712083 -26.516286 -26.67221 -27.053418 -28.862336 -28.152551 -26.495869 -27.154744 -39.518487 -30.286716 -27.575531 -26.344703 -26.231351 -27.00465 -26.745236 -27.3335 0 0 -28.438629 -26.75902 -26.63567 -26.942555 -27.20854 -26.519136 0 -39.160232 0 0 
0 0 -30.776629 0 0 0 0 0 0 -26.516286 -26.627017 -27.859868 -28.862336 -28.371992 -26.472214 -26.408312 -39.518487 -29.94228 -27.575531 -26.749194 -26.231351 -26.193124 -26.566716 -26.505418 -26.59152 -31.90055 -27.140737 -26.595736 -28.8443 0 -27.125379 -26.519136 -26.557202 -27.290791 0 0 0 
0 0 0 0 0 0 0 0 0 -27.224273 -27.859868 0 0 0 -26.408312 -26.35229 -29.94228 -28.090737 -27.341425 -26.746962 -26.193124 -26.221063 -26.505418 -26.515461 -26.533494 -26.52335 -26.447851 -26.881792 -26.595736 -27.125379 -26.962246 -26.557202 -26.722107 -28.694868 -34.312953 0 0 
0 0 0 0 0 0 0 0 0 0 0 0 0 0 -26.35229 -26.41302 -27.155335 -27.566781 -27.475612 -26.584323 -26.221063 -26.301469 -26.515461 -26.533494 -26.52335 -26.811413 -26.72489 -26.447851 -26.881792 -26.962246 -26.918391 -26.722107 -26.612884 -26.943737 0 0 0 
0 0 0 0 0 0 0 0 0 0 0 0 0 0 -26.41302 -27.155335 -27.280538 -27.475612 -27.424391 -26.508035 -26.432821 -26.498607 -26.493483 -26.478217 -26.604027 -26.743272 -27.000198 -26.72489 -27.999956 -27.077559 -26.890139 -26.612884 -26.713885 -26.943737 -29.745983 0 0 
0 0 0 0 0 0 0 0 0 0 0 0 0 0 -27.318696 -27.280538 -28.43075 -27.424391 -27.677405 -26.432821 -26.602897 -26.493483 -26.478217 -26.604027 -26.576266 -26.630696 -26.636208 -27.000198 -27.046094 -26.744253 -27.076018 -26.713885 -26.713885 -28.349767 -39.476724 0 0 
0 0 0 0 0 0 0 0 0 0 0 0 0 0 0 -29.733589 -28.465266 -27.677405 -27.255604 -26.602897 -26.732894 -26.92783 -26.641451 -26.576266 -26.630696 -26.636208 -26.829302 -26.789004 -26.744253 -26.885251 -26.649201 -26.649201 -27.399658 -27.470804 -31.538551 0 0 
0 0 0 0 0 0 0 0 0 0 0 0 0 0 0 0 -28.222502 -27.255604 -27.072949 -26.732894 -26.591365 -28.037878 -27.257703 -26.990106 -27.317926 -28.045265 -32.042733 -28.094617 -26.885251 -27.12594 -26.649201 -26.659829 -27.470804 -27.87221 -30.062926 0 0 
0 0 0 0 0 0 0 0 0 0 0 0 0 0 0 0 -29.727423 -27.908625 -27.099609 -26.591365 -26.675227 0 -30.42107 -27.958308 -30.019511 0 -36.721963 -28.489742 -27.931493 -27.12594 -26.659829 -26.523471 -27.87221 -30.062926 0 0 0 
0 0 0 0 0 0 0 0 0 0 0 0 0 0 0 0 -28.142335 -28.069647 -28.402289 -26.675227 0 0 0 0 0 0 0 0 -27.907013 -27.232968 -26.523471 -26.554192 -39.443113 0 0 0 0 
0 -27.982389 -26.733847 -29.336221 0 0 0 -28.102422 -29.254439 0 0 0 0 0 0 0 -39.457274 -30.697101 0 -27.293751 0 0 0 0 0 -28.327953 0 -27.907013 -27.232968 -29.60824 -26.554192 -27.26546 -32.727161 -31.329301 0 0 0 
0 -26.604512 -27.982389 -26.733847 0 0 0 -26.776517 -28.102422 -29.254439 0 0 0 0 0 0 0 0 -27.293751 -31.869858 0 0 0 0 -28.327953 -28.327953 0 0 0 -26.948098 -27.26546 -32.727161 -31.329301 0 -39.47319 0 0 
-29.585312 -26.648082 -26.604512 -28.601673 0 0 0 -29.093835 -26.776517 0 0 0 -27.073459 -27.220962 -28.548787 -28.523143 -27.175188 -39.511437 -31.869858 0 0 0 0 0 -28.327953 -29.881264 0 0 0 -27.280538 -26.935134 0 0 -39.47319 0 0 0 
0 -29.585312 -26.648082 0 0 0 0 -28.278597 -27.419018 0 0 0 -27.977179 -27.073459 -27.220962 -27.175188 -28.506331 -27.69377 -39.529055 0 0 0 -39.453145 0 -29.881264 0 0 0 0 -26.935134 -26.900438 0 0 0 0 0 0 
0 0 0 0 0 0 -28.727434 -27.419018 -39.482614 0 0 0 0 -27.977179 0 -28.506331 -27.69377 -39.529055 0 0 0 -39.453145 -39.453145 0 -35.877335 0 0 0 0 -26.900438 0 0 0 0 0 0 0 
0 0 0 0 0 0 -29.771019 -28.727434 0 0 0 0 -30.848459 0 0 0 0 0 0 0 0 -39.453145 0 -31.009896 -39.454915 0 0 0 0 0 0 0 0 0 0 0 0 
-31.764904 0 0 0 0 0 0 -29.771019 0 0 0 0 -35.384489 -30.848459 0 0 0 0 0 0 0 0 -29.998149 0 -31.009896 0 0 0 -39.519074 0 0 0 0 0 0 0 0 
-31.471416 -31.764904 0 0 0 0 0 0 0 0 0 0 -36.929656 0 0 0 0 0 0 0 0 0 0 -29.998149 0 0 0 -39.519074 0 0 -39.485557 0 0 0 0 0 0 
0 -31.471416 0 0 0 -35.193357 0 0 0 0 0 0 0 0 0 0 0 0 0 0 0 0 0 -31.677886 -27.557053 0 0 0 0 -39.485557 0 0 0 0 0 0 0 
0 0 0 0 0 0 -35.193357 0 0 0 0 0 0 0 0 0 0 0 0 0 0 0 -31.677886 -27.557053 0 -28.948338 -29.802788 -38.166993 0 0 0 0 0 0 0 0 0 
0 0 0 0 0 0 0 0 0 0 0 0 0 0 0 0 0 0 0 0 0 0 0 0 0 0 -28.948338 -29.802788 0 0 0 0 0 0 0 0 0 
0 0 0 0 0 0 0 0 0 0 0 0 0 0 0 0 0 0 0 0 0 0 0 0 0 0 0 0 0 0 0 0 0 0 0 0 0 
0 0 0 0 0 0 0 0 0 0 0 0 0 0 0 0 0 0 0 0 0 0 0 0 0 0 0 0 0 0 0 0 0 0 0 0 0 
0 0 0 0 0 0 0 0 0 0 0 0 0 0 0 0 0 0 0 0 0 0 0 0 0 0 0 0 0 0 0 0 0 0 0 0 0 
0 0 0 0 0 0 0 0 0 0 0 0 0 0 0 0 0 0 0 0 0 0 0 0 0 0 0 0 0 0 0 0 0 -33.612023 -27.056871 0 0 
0 0 0 0 0 0 0 0 0 0 0 0 0 0 0 0 0 0 0 0 0 0 0 0 0 0 0 0 0 0 0 0 -33.612023 -27.056871 -37.663958 -30.766541 0 
0 0 0 0 0 0 0 0 0 0 -30.369712 0 0 0 0 0 0 0 0 0 0 0 0 0 0 0 0 0 0 0 0 0 -28.402289 -26.472115 -27.062343 -26.634776 -30.766541 
0 0 0 0 0 0 0 0 0 0 -35.119067 -30.369712 0 0 0 0 0 0 0 0 0 0 0 0 0 0 0 0 -35.543214 0 0 -27.364127 -26.679292 -26.681754 -26.472115 -27.062343 -26.634776 
0 0 0 0 0 0 0 0 0 0 0 -39.446064 0 0 0 0 0 0 0 0 0 0 0 0 0 0 0 -27.18818 0 0 -29.06443 -26.600971 -27.364127 -26.679292 -26.681754 0 0 
0 0 0 0 0 0 0 0 0 0 0 0 0 0 0 0 0 0 0 0 0 0 0 0 0 0 0 -26.549336 -27.18818 -27.853757 -26.641451 -26.937076 -26.600971 -27.887871 0 0 0 
0 0 0 0 0 0 0 0 0 0 0 0 0 0 0 0 0 0 0 0 0 0 0 0 0 0 -26.566431 -26.764937 -26.549336 0 -27.853757 -26.641451 -26.937076 0 0 0 0 
0 0 0 0 0 0 0 0 0 0 0 0 0 0 0 0 0 0 0 0 0 0 0 0 0 0 -26.832975 -26.566431 -26.764937 0 0 0 0 0 0 0 0 
0 0 0 0 0 0 0 0 0 0 0 0 0 0 0 0 0 0 0 0 0 0 0 0 0 0 -27.379131 -26.832975 0 0 0 0 0 0 0 0 0 
0 0 0 0 0 0 0 0 0 0 0 0 0 0 0 0 0 0 0 0 0 0 0 0 0 0 -26.870232 -26.599693 0 0 0 0 0 0 0 0 0 
0 0 0 0 0 0 0 0 0 0 0 0 0 0 0 0 0 0 0 0 0 0 0 0 0 0 -26.599693 -27.071929 0 0 0 0 0 0 0 0 0 
0 0 0 0 0 0 0 0 -39.494973 -28.025078 0 0 0 0 0 0 0 0 0 0 0 0 0 0 0 0 -27.071929 0 0 0 0 0 0 0 0 0 0 
0 0 0 -31.077521 -28.78121 -28.134232 -27.593328 -26.983205 -26.930124 -39.494973 -28.025078 0 0 0 0 0 0 0 0 0 0 0 0 0 0 0 0 0 0 0 0 0 0 0 0 0 0 
-39.494385 -39.536683 -29.24508 -27.295979 -29.908147 -28.78121 -28.134232 -27.593328 -26.983205 -26.930124 0 0 0 0 -28.251322 0 0 0 0 0 0 0 0 0 0 0 0 0 0 0 0 0 0 0 0 0 0 
0 -39.494385 -39.536683 -29.24508 -27.295979 -29.908147 -30.062926 -31.341914 -34.833535 0 0 0 0 -28.473371 -27.490227 -28.251322 0 0 0 0 0 0 0 0 0 0 0 0 0 0 0 0 0 0 0 0 0 
-37.312986 -27.648009 -27.120351 -26.665471 -29.145579 0 0 0 0 0 0 0 0 0 -28.473371 -27.490227 0 0 0 0 0 0 0 0 0 0 -29.136835 0 0 0 0 0 0 0 0 0 0 
-27.239741 -26.743028 -26.665471 -26.455259 -26.89225 -27.149451 -27.514222 -28.213782 -27.429806 -26.778123 -31.750216 -31.750216 -30.858897 0 0 0 0 0 0 0 0 0 0 0 0 -29.136835 -27.921626 0 0 0 0 0 0 0 0 0 0 
-31.820757 -26.799627 -26.455259 -26.587211 -27.149451 -27.514222 -27.572239 -27.381664 -26.778123 -26.476903 -26.683405 -27.063344 -27.43162 -27.344622 -26.741076 0 0 0 0 0 0 0 0 0 0 -27.921626 0 0 0 0 0 0 0 0 0 0 0 
-30.22707 -26.734564 -26.587211 -26.615727 -27.823797 -27.572239 -27.381664 -27.065352 -26.476903 -26.683405 -27.063344 -26.901157 -27.26617 -26.741076 -26.524201 0 0 0 0 0 0 0 0 0 0 0 0 0 0 0 0 0 0 0 0 0 0 
-33.067636 -26.873939 -26.615727 -26.603381 0 0 -39.469065 -28.641254 -26.799061 -27.202743 -26.901157 -27.26617 -28.16494 -26.524201 -26.75673 0 0 0 0 0 0 0 0 0 0 0 0 0 0 0 0 0 0 0 0 0 0 
0 -27.043675 -26.603381 -26.519017 0 0 0 -36.571302 -30.848459 0 -37.145553 -29.311744 0 -26.75673 -26.848955 0 0 0 0 0 0 0 0 0 0 0 0 0 0 0 0 0 0 0 0 0 0 
0 -35.119067 -26.519017 -36.876982 0 0 0 -29.585312 0 0 0 0 -31.677886 -27.153564 -27.523421 -30.976754 -35.834296 0 -27.606941 -39.468476 0 0 0 0 0 0 0 0 0 0 0 0 0 0 0 0 0 
0 0 0 0 0 0 0 -28.420323 -29.585312 0 0 0 0 -28.138276 -30.976754 -35.834296 0 -27.606941 -26.766496 -26.491442 0 0 0 0 0 0 0 0 0 0 0 0 0 0 0 -29.771019 0 
0 0 0 0 0 0 0 -28.764179 -28.420323 0 0 0 -29.557059 -27.770851 0 0 -32.828934 -26.766496 -26.491442 -26.500598 0 0 -37.427723 0 0 0 0 0 0 0 0 0 0 0 0 -39.489678 0 
0 0 0 0 0 0 0 0 -28.764179 0 0 -29.557059 -27.770851 -27.662577 0 0 0 -39.445474 -26.500598 -26.809086 0 -37.427723 0 0 0 0 0 0 0 0 0 0 0 0 0 -29.371103 0 
0 0 0 0 0 0 -31.445016 0 0 0 0 0 -27.662577 0 0 0 -39.445474 -27.447226 -26.809086 -26.790663 0 0 0 0 0 0 0 0 0 0 0 0 0 0 0 -30.527496 0 
0 0 0 0 0 -31.445016 0 -29.523738 0 0 -30.827716 -33.535775 0 0 0 0 -27.447226 -27.040787 -26.790663 -26.508035 0 0 0 0 -39.530229 0 0 0 0 0 0 0 0 0 0 0 0 
0 0 0 0 0 0 -29.523738 0 0 -30.827716 -33.535775 0 0 0 0 0 0 -27.074993 -26.508035 -27.124818 -39.51555 0 0 -39.530229 -30.262429 0 0 0 0 0 0 0 0 0 0 0 0 
0 0 0 0 0 0 0 0 0 0 0 0 0 0 0 0 -30.591977 -27.62663 -27.067367 -27.531692 -27.819387 0 0 -30.262429 -28.207286 0 0 0 0 0 0 0 0 0 0 0 0 
-27.349446 -28.812401 -28.895385 0 0 0 0 0 0 0 0 0 0 0 0 -30.591977 0 -27.067367 -26.843876 -27.819387 -27.819387 -30.911769 0 -28.207286 -27.095872 0 0 0 0 0 0 0 0 0 0 -32.66754 0 
0 -27.349446 -37.256732 -38.933979 0 0 0 0 0 0 0 0 0 0 0 0 -27.543213 -26.843876 -26.843876 -27.819387 -27.193836 -27.374093 -34.075013 -27.095872 -26.961426 0 0 0 0 0 0 0 0 0 -32.66754 -28.231291 0 
0 0 0 0 -31.5115 -30.746493 -28.967722 -28.014235 -35.503032 0 0 -38.367001 -30.145006 -27.688701 -27.090576 -30.107289 0 -26.843876 -28.641254 -27.193836 -27.374093 -29.34116 -39.480258 -26.961426 -28.292484 0 0 0 0 -39.509674 0 0 0 0 -28.231291 -29.464242 0 
0 0 0 -39.446064 0 -28.967722 -28.014235 -28.906571 -30.879908 -39.540202 -35.7074 -27.30121 -27.178871 -26.918391 -27.634878 -27.090576 -27.770851 0 0 0 -28.451875 0 -28.34245 -28.34245 -38.504034 0 0 0 -39.509674 -28.551669 0 0 0 0 -29.464242 0 0 
0 0 0 0 -39.446064 0 -28.906571 -30.879908 -39.540202 -39.506147 -31.194381 -26.614553 -26.670812 -26.926687 -26.918391 -26.635312 -26.753949 -27.195101 -26.783798 -26.575385 -26.753446 -28.451875 0 -36.62105 0 0 0 0 -28.551669 -27.780631 0 0 0 0 0 0 0 
0 0 0 -29.848175 0 0 0 0 0 0 -27.23028 -26.54234 -26.614553 -26.670812 -26.442148 -26.466649 -26.635312 -26.753949 -27.05391 -26.783798 -26.575385 -26.753446 -39.451375 0 0 0 0 0 -27.780631 -28.492492 0 0 0 0 0 0 0 
0 0 -29.848175 0 0 0 0 0 0 0 -27.487281 -26.654472 -26.54234 -28.028719 -26.791217 -26.442148 -26.466649 -26.883864 -27.295979 -27.05391 -27.4217 0 0 0 0 0 0 -26.950093 -26.942555 -27.938128 0 0 0 0 0 0 0 
0 -27.338244 0 0 0 0 0 -27.557053 -27.355117 -30.23047 -26.339722 -26.339722 0 -39.504971 -29.935405 0 0 0 0 0 0 0 0 0 0 0 0 -26.574506 -26.950093 -26.942555 0 0 0 0 0 0 0 
-39.447389 -27.023791 -27.691232 0 0 0 -27.557053 -27.355117 -27.393608 -27.40576 -26.339722 -26.34816 -26.659829 -27.853757 0 0 0 0 0 0 0 0 0 0 0 0 0 -27.558128 -26.574506 0 0 0 0 0 0 0 0 
0 -27.691232 -27.048524 -28.267153 -27.261217 0 -30.005244 -27.393608 -27.40576 -27.40576 -26.34816 -26.484895 -26.769108 -26.933201 -28.249079 -30.796934 0 -27.819387 -27.803395 -28.116221 0 0 0 0 0 0 0 0 -27.558128 0 0 0 0 0 0 0 0 
0 -27.048524 -36.189489 -26.952499 -27.180103 -27.261217 -31.218401 -28.770966 -27.40576 -28.638167 -26.484895 -26.510795 -26.891545 -27.110429 -27.392748 -26.939025 -27.195734 -27.803395 -28.116221 0 0 0 0 0 0 0 0 0 0 0 0 0 0 0 0 0 0 
0 0 0 -27.960008 -26.952499 -27.180103 -29.035579 -28.770966 -27.889451 -28.12619 -26.510795 -26.60516 -26.80247 -26.751439 -26.939025 -27.195734 -26.41745 0 0 0 0 0 0 0 0 0 0 0 0 0 0 0 0 0 0 0 0 
0 0 0 0 -27.960008 -39.539616 0 0 0 0 0 -28.340154 -28.737358 -28.347515 0 0 -26.817979 0 0 0 0 0 0 0 0 0 0 0 0 0 0 0 0 0 0 0 0 
