NCOLS 83
NROWS 85
XLLCORNER 361207.98
YLLCORNER 3876671.5
CELLSIZE 10
NODATA_VALUE -9999
0.056255224 0.21685923 0.2689514 1.0658141e-14 0.17390614 0.30403668 0.35799972 0.39614479 0.27285898 0.20299144 0.075357032 0.096836336 0.14390893 0 3.5527137e-15 -3.5527137e-15 3.5527137e-15 0 0 61.018469 96.395216 0.060635615 0.17824074 0.13515435 0.11231564 0.13405174 0.082281685 0.31964338 0.12803382 0.36539628 0.27195121 0.53651608 0.70413471 0.76491226 1.0690205 0.24844863 0.3899946 0.14203647 0.27000752 0.1336961 0.04380333 0.61807642 0.22748402 0.81884228 0.75352737 0 0 0.43128272 827.69284 0.27489625 0.25842186 0.049612313 0.20879736 -3.5527137e-15 0.033644103 0.032390337 3.5527137e-15 0.023788347 0.0048381583 0 0 0 0.056544224 0 0.025402405 0 0.070423397 -8.8817842e-16 -3.9968029e-15 0.036454036 0.061662585 0.20674604 0.28103209 0.32313835 0.07990875 0.29286718 0.18342773 693.98183 543.26515 7.0092416 9306.0171 34.522365 0.024664636 
0.13638258 0.17327782 0.17762574 0.11375605 0.080301542 0.11014562 0.20613764 0.4861953 0.18279522 0.12813351 0.23971092 0.071196848 0.12022088 0.054991736 -1.0658141e-14 0.041594148 -1.0658141e-14 0.14617363 0 0.037259685 7.1054274e-15 0.06056942 0.058811125 0.13830495 0.27929569 0.19741836 0.14704407 0.1701825 0.97941894 0.18331116 0.24801109 0.96786586 0.80442758 0.64947136 2.10934 0.42469963 0.34623513 0.24110713 0.23308639 0.079177361 0.061107114 0.0681715 0.17640053 3.5527137e-15 0 0.77094425 0.33461783 0.38612467 0.63394006 0.33639794 0.56842362 0.62856357 0.16403102 0.11721108 0.051647715 -7.1054274e-15 0.014144755 0.058838351 -3.5527137e-15 -3.5527137e-15 0.023668096 0 0.032975787 0.032343771 0.00017385421 0.022262712 1.7763568e-14 -7.1054274e-15 0.12093092 0.20673485 0.10780052 0.088117953 0.15334384 0.23116043 0.17367148 0.1505635 0.30581248 0.22521359 0.98263055 6.1588008 5.3291304 2.4807166 0 
0.062123139 0.15142228 0.092877996 0.069829239 0.032327925 0.028787614 0.039394856 0.038877916 0.57954059 0.25301079 0.088770938 0.2284046 0.11258684 0.037977196 1.0658141e-14 0.088325876 0.030000518 0 0.048277381 0.039769263 7.1054274e-15 0.074856608 0.059824114 0.096067581 0.26543633 0.17169681 0.13873678 0.23085914 0.2385701 0.1952026 0.20971761 0.47976918 0.48052318 0.66664543 1.3602681 0.229668 0.13784704 0.26794604 0.18520354 0.1223621 0.070748523 0.082668416 0 0.54208844 0.45992149 0.12351325 0.11372616 0.69342478 0.47474279 0.22563667 0.1855567 0.66228098 0.69654619 -1.7763568e-14 0.061544974 0.04427358 0.056534602 0 1.0658141e-14 0.032101885 7.1054274e-15 0 -3.5527137e-15 0.036919843 -3.5527137e-15 0.030932327 0.036184235 0.05305105 0.14206949 0.12594443 0.037824353 0.100257 0.164311 0.25638675 0.29761545 0.1667299 0.27195479 0.33031977 0.61538946 6.095569 1.5540343 4.2296472 0 
0.085606794 0.068029662 0.081712493 0.091111014 0.062402464 0.062680822 0.090701597 0.071369735 0.097254266 0.23960216 0.30780325 0.12448254 0.22632725 0.041954184 -7.1054274e-15 3.5527137e-15 0.065379027 0.0077761428 0.024133815 0.028821792 -3.5527137e-15 0.0082683547 0.065707238 0.21393777 0.15480646 0.225079 0.21250546 0.29027045 0.32429921 0.19081085 0.26476077 0.40816405 0.40241602 0.12539334 0.77513048 0.076545443 0.23352372 0.37473545 0.1518822 0.080961468 0.046667937 3.5527137e-15 0.20999131 0.048864877 0.095656822 0.037352708 0.060541123 0.99546622 0.25311015 0.42045446 0.28497858 0.14533964 0.29506596 0.26176482 0.18919948 -7.1054274e-15 0.064540631 3.5527137e-15 7.1054274e-15 0.032136178 -7.1054274e-15 0 0 3.5527137e-15 0 0.046154381 0.062367002 0.073035274 0.048377635 0.12431989 0.041668797 0.18018002 0.082633077 0.15218549 0.1725205 0.16909124 0.29481148 0.90526785 2.5725412 4.0367757 2.042465 0.10655861 0 
0.048444637 -7.1054274e-15 0.06762779 0.01670719 -1.4210855e-14 0.050561283 -1.0658141e-14 0 0.083049553 -3.5527137e-15 0.041882952 0.25456321 0.20517442 0.22813196 0.10214952 -3.5527137e-15 0.020691908 0.0041737782 0.061029353 3.5527137e-15 7.1054274e-15 0 0.046676746 0.15973205 0.120878 0.15054179 0.098992958 0.1420934 0.1063605 0.12111607 0.69560113 0.20804094 0.20428604 0.069822086 0.92086526 0.084124933 0.21026423 0.15858848 0.47953855 0.080138927 -3.5527137e-15 0.058493391 0.02960443 0.00075089719 0 0 0.07791103 0.88138033 0.52088513 0.28824163 0.25413741 0.23756908 0.17093427 0.35361293 0.12201077 0.03591144 0 0.10364964 0 -3.5527137e-15 3.5527137e-15 0 0 0 0.061449311 0 1.0658141e-14 3.5527137e-15 -2.1316282e-14 0.16790238 0.045332025 0.16580754 0.090802808 0.12320314 0.28994297 0.30064849 0.76965864 0.81595629 0.85233997 1.8142734 0.19382804 0.058477129 0 
-1.0658141e-14 0.0205932 2.1316282e-14 0.025641408 0.014412274 0.024439965 7.1054274e-15 7.1054274e-15 0 -1.7763568e-14 1.4210855e-14 0.059856371 0.032384174 0.10134292 0.093467355 0.075598465 0.017008106 0.040348821 0.04423049 -3.5527137e-15 -3.5527137e-15 0.029400544 0.032444192 0.077617576 0.16446208 0.049297528 0.049454463 0.073335641 0.097263791 0.16926364 0.28219303 0.13900134 0.21976317 1.2426143 0.63539275 0.11071959 0.25053524 0.18887041 0.22738813 0.0095458407 0 0.049914224 0.00087868889 0.069790115 0.030207264 0.070488114 0.05776415 0.39789822 0.31089153 0.10475516 0.26124104 0.297622 0.059535544 0.093488749 0.27464098 0.27580578 0.23272316 0.034420827 -3.5527137e-15 3.5527137e-15 0 0 0 0.013574201 -3.5527137e-15 3.5527137e-15 0.024926851 0.023796951 0.019397036 0.068777743 0.046900522 0.035731417 0.08849296 0.10893869 0.54098023 0.30845153 0.53066452 0.65597745 0.62150616 1.3504169 2.1337098 0.0081746368 0 
0 -3.5527137e-15 -1.0658141e-14 -3.5527137e-15 1.0658141e-14 -7.1054274e-15 -7.1054274e-15 -3.5527137e-15 0.043580115 0.068282085 0.14143276 0.059450159 7.1054274e-15 -7.1054274e-15 0.19644205 0.046972757 0.065364578 0.016069886 0 -4.4408921e-16 -3.5527137e-15 0.03161994 0.025489334 0.19214482 0.12372623 0.052498711 0.10814039 0.057690401 0.16566687 0.090185176 0.1605523 0.19814921 0.24415707 0.87174781 0.54350991 3.5527137e-15 0.30452834 0.13644262 0.11465194 0 0.14877705 1.7763568e-14 0.061523826 0.046201149 0.054917716 0.023806353 0.17360234 0.1969131 0.33999205 0.051583551 1.0658141e-14 0.25881652 0.1204634 0.054062126 0.041755051 0.076879866 0.13211036 0.079547509 0 3.5527137e-15 0 0 0.01815538 0.038270648 7.1054274e-15 -7.1054274e-15 0.023902725 0 0.034644788 0.04901543 0.11662508 0.08417846 0.20020342 0.63074911 0.35599522 0.51374351 0.35804861 0.73080489 0.57554515 1.4656334 1.7687799 0.022462552 0.0047156625 
0 0 0 3.5527137e-15 0 7.1054274e-15 -7.1054274e-15 3.5527137e-15 -1.0658141e-14 3.5527137e-15 0.084855398 -1.4210855e-14 7.1054274e-15 0.054082022 0.20938936 0.053010901 0.018226402 0.00033774926 0.029972821 -3.5527137e-15 0.044611418 0.031671417 0.05358008 0.076399989 7.1054274e-15 0.023258361 0.023777523 0.0096886867 0.026861094 -7.1054274e-15 0.26090931 0.16521 0.19720348 0.53284259 0.82728684 0.037261579 0.14439293 0.093575813 0.13031716 0.13446712 0.049237637 0.011375782 0.058881158 0.035354278 0.15914816 0 0.11740375 0.20487727 0.4694759 0.065161483 -3.5527137e-15 0.071910545 0.09067159 0.057463139 0.050155118 0.061072308 0.097360166 0.12050355 0.036343892 0 0 55.693963 0 7.1054274e-15 0.045260714 7.1054274e-15 0 -3.5527137e-15 0 -1.7763568e-14 0.10782484 0.029038305 0.45054599 0.34990976 1.0211604 0.18258508 0.53286389 0.68204735 0.41710211 1.2340717 1.3826361 0.012419392 0 
25.64431 0 0 0.031072318 3.5527137e-15 -3.5527137e-15 -3.5527137e-15 -3.5527137e-15 0 -3.5527137e-15 0.0080980993 0.092538743 3.5527137e-15 0 0.067688937 0.028961688 0.032269945 0.019314596 0.017399545 0.080521597 0.00672072 0.064819085 0.057909913 0.034136777 0.028346048 0.096557485 0.011691211 0.014206042 0.039553724 7.1054274e-15 0.38987551 0.19614208 0.31061567 0.36860693 0.31405863 0.12484597 0.073504363 0.067941463 0.081173354 0.064111455 0.014613318 0.073502212 0.062025572 0.028782416 0.16401113 0.04099971 0.048951522 0.23982853 0.18942954 0.087387391 0 -1.4210855e-14 0.221665 0.062365217 0.016032858 0.05233145 0.041744871 0.067221038 0.034971373 0 3.5527137e-15 7.1054274e-15 0.0048519582 0.00023088093 -7.1054274e-15 0.061178095 3.5527137e-15 0.055923426 0.12054393 -2.4868996e-14 0.14116609 0.16489132 1.1266827 0.26442681 0.2155559 0.2902493 0.40525883 0.50823523 0.47746533 1.2019009 1.5863413 0.028308258 0.0041578977 
0.037999646 -3.5527137e-15 -3.5527137e-15 0 0 0 0 0 -3.5527137e-15 0 0 0 0.0052480728 0.010497597 0.035745937 0.019856048 0 0 0.026951295 0 0.005319581 0.01731396 0.044539868 3.5527137e-15 -7.1054274e-15 0.063569642 0.035485372 0.10176793 0.05204982 0.018607582 0.33142934 0.34389838 0.21176631 0.19212136 0.098864257 0.043820444 0.052791132 0.14650713 0.06864838 0.041982153 0.022870747 0.015341256 0.034911048 0.029543999 0.063989463 0.040727317 0.097357987 0.32704984 0.17782539 0.15201858 -1.4210855e-14 3.5527137e-15 0.10713352 0.04678832 0.038360692 0.035804077 0.035305563 0.013131936 0.052839364 0.017859885 0 0.028716822 0 7.1054274e-15 0 -3.5527137e-15 -3.5527137e-15 0.053931529 0.12068353 -1.0658141e-14 0.17636879 0.43209509 0.62563498 0.083765766 0.25372541 0.40639623 0.42527091 0.53756677 0.34036512 1.4958244 1.2702584 0.034066625 0.013549553 
0.0089304078 0.040922235 0 0.011681661 3.5527137e-15 0 0 0 0 0 0 0.011620607 0.021245484 0.037262063 0.015039831 0.030726192 0.0322856 3.5527137e-15 3.5527137e-15 0.12433656 0 3.5527137e-15 0 -7.1054274e-15 1.4210855e-14 0.10080123 0.071234062 7.1054274e-15 -7.1054274e-15 0.22259734 0.18678414 0.26396046 0.16260767 0.055166681 0.062280684 -7.1054274e-15 0.04446203 0 -1.0658141e-14 0.056019226 0.023417217 0.024436316 0.037370386 0.036254462 0.026261665 0.04607796 0.063997197 0.051022883 0.15947957 0.07251207 3.5527137e-15 0 0 0.026556689 0.0022624 0.012962268 0.012552766 0.017641677 0.037285504 0 0 -3.5527137e-15 -1.0658141e-14 -3.5527137e-15 3.5527137e-15 -1.0658141e-14 -3.5527137e-15 -7.1054274e-15 0.042153781 0.30774963 0.13097058 0.48254091 1.7763568e-14 0.062535311 0.17148536 0.35209243 0.35662961 0.48108921 0.3524654 0.91199336 1.1118536 0.048009759 0.036816577 
0 0.0095787151 0.044265017 0 0 0.013575707 0 0.018471601 -3.5527137e-15 0 0.047353876 0.0076868726 0.0059845033 0 0 0.027434591 3.5527137e-15 0 0 0 0.0111014 0 0 0 0.078906567 7.1054274e-15 0 0.03310673 0.065881087 0.1009151 0.43795312 0.058559358 0 0.037471196 0.038839197 -3.5527137e-15 0.028651548 0.11301024 -3.1974423e-14 0.029645175 0.045654591 0.081801098 0.036473404 0.082159781 0.02783703 0 0.095687845 0.04035369 0.055261538 0.067152303 -7.1054274e-15 3.5527137e-15 -7.1054274e-15 0.013634225 0.024985543 0 -7.1054274e-15 0.01108966 0.023312692 0 0 -7.1054274e-15 0 0 -3.5527137e-15 0 0.038936214 3.5527137e-15 0.48205665 0.23762799 0.75319834 2.4868996e-14 0.018531166 0.16809994 0.24659701 0.31959017 0.37475228 0.32367295 0.73765337 0.84282811 0.69581357 0.061465126 0.034874301 
0.058661207 0 0.053568326 3.5527137e-15 0.0027290093 0 0.17182825 0.011926201 0.048456862 0.032123656 0 0.077888688 0.016539314 0.066992716 0 3.5527137e-15 -3.5527137e-15 -3.5527137e-15 0 0 0 0.029026653 0 0 0 0 -3.5527137e-15 0.036542398 0.10828725 0.18803511 0.018095728 0.14282572 0.035788712 1.0658141e-14 7.1054274e-15 0 0.066275395 -3.5527137e-15 1.0658141e-14 0.027616177 2.4868996e-14 0.013131818 7.1054274e-15 0.038309492 0.035287587 0.053895706 0.028397991 0.020433514 0.099823071 7.1054274e-15 -7.1054274e-15 1.4210855e-14 -3.5527137e-15 0.037790839 -3.5527137e-15 0.032127405 0.03653554 3.5527137e-15 0 0 0 0 0 0 0 -3.5527137e-15 -1.0658141e-14 0.16226425 0.13724643 0.2381612 0.088438501 3.1974423e-14 1.0658141e-14 0.12839501 0.15424727 0.20602415 0.26971263 0.14823242 1.1656117 0.71234572 0.74804563 0.23362005 0.11743897 
0.0091873667 0.044288772 0 -7.1054274e-15 0.036845792 0.19044686 0.051642433 -3.5527137e-15 0.11510685 0.02553935 0.086301667 0.011585907 0.032249097 0.00026763826 0.015824561 0.043942523 0.032282168 0.028564841 -3.5527137e-15 0 0 0 0 0 -7.1054274e-15 3.5527137e-15 -7.1054274e-15 0.048579779 0.1180132 0.027644477 0.013909213 0.070010137 -3.5527137e-15 0 -1.0658141e-14 7.1054274e-15 1.4210855e-14 1.0658141e-14 0.051657894 -1.0658141e-14 -3.5527137e-15 0.015848983 -7.1054274e-15 0.051808169 0.01719358 0 0 0 0 -3.5527137e-15 0.090482113 0 -7.1054274e-15 0.021429469 0.0088378248 0 0 0 0 0 0 0 0 3.5527137e-15 7.1054274e-15 -1.0658141e-14 0.15643589 0.15897012 0.1714548 0.10304377 -7.1054274e-15 -7.1054274e-15 0.020577161 0.07055888 0.14914571 0.20513207 0.17329969 0.19425431 0.50704401 0.69511276 0.74380645 0.030661494 0.25368448 
0.04281015 -3.5527137e-15 -7.1054274e-15 0.039678351 0.22409917 0.018504738 7.1054274e-15 0.014959021 0.086205571 0.044508929 -3.5527137e-15 0.092650517 0.018055967 0.018196741 0.089332621 3.5527137e-15 0.021639461 0.012614483 3.5527137e-15 0 -3.5527137e-15 0 0 0 3.5527137e-15 0.022195791 0.042704381 0.026568457 -7.1054274e-15 0.018534304 0.016395935 3.5527137e-15 0 7.1054274e-15 -3.5527137e-15 -7.1054274e-15 0 0 0 7.1054274e-15 -1.0658141e-14 0 -1.0658141e-14 0.017750929 0.0081101908 0.016773025 0.01805709 0.0041621164 0.014017954 -3.5527137e-15 0 -7.1054274e-15 -3.5527137e-15 0.0076922035 3.5527137e-15 0.020329112 0 0 0 0 0 0 0 -3.5527137e-15 0 0 0.017501396 0.019076215 0.12095054 0.1618935 3.5527137e-15 -7.1054274e-15 0.046872234 0.12720842 0.12469126 0.19610371 0.10869432 0.065967212 0.24036271 0.50139391 0.72312476 0.23281573 0.048588371 
0.033237062 0 0.04898888 0.18358358 0.026155471 0.019568312 0.041959813 0.15391644 0.11419146 0.094596414 3.5527137e-15 0.06008931 0.043702854 0.12921799 0.013237556 0.025472993 0.0024792361 0.038219294 0.048353781 0.0028162493 0 0 0 0 0 0 0 0 0 -3.5527137e-15 0 -3.5527137e-15 0 -3.5527137e-15 -7.1054274e-15 -3.5527137e-15 0 0 3.5527137e-15 0 0 3.5527137e-15 0 3.5527137e-15 0 3.5527137e-15 -3.5527137e-15 0 1.0658141e-14 0 -3.5527137e-15 3.5527137e-15 0 0 0 0 0 0 0 0 0 0 0 0 3.5527137e-15 0.06359886 0.047457236 3.5527137e-15 0.031823378 0.033911386 3.5527137e-15 0 0.059174905 0.056070776 0.21737878 0.077104666 0.12399723 1.0658141e-14 0.38285594 0.34974827 0.4005872 0.15125632 0.099741943 
1.0658141e-14 0.16549542 0.32104503 -7.1054274e-15 0.067429027 -1.4210855e-14 0.25335627 0.33158259 0.037163598 0.055511039 0 0.02855714 0.12105299 0.22474797 0.030517477 0.017386017 0 0.054578873 0.087062483 0.033582841 7.1054274e-15 0 0 0 0 0 0.0031141494 0 3.5527137e-15 0 0 0 0 0 0 0 0 0 0 0 0 0 3.5527137e-15 0 0 0 0 0 0 0 0 0 0 0 0 0 0 0 -3.5527137e-15 0 0 0 0 0 0.020044844 -3.5527137e-15 -1.0658141e-14 0 7.1054274e-15 0 7.1054274e-15 0.055570445 0.05566613 0.022022184 1.0658141e-14 0.10874199 0.14838469 0.075013599 0.14311343 0.39978787 0.75879575 0.20577181 0.028781063 
-3.5527137e-15 0.039725152 0.094458416 0.055942487 0.14098051 0.48087741 0.21855537 0.15558104 0.062631438 0.053678122 3.5527137e-15 0.037271739 0.068387974 0.19038867 0.24753443 0.074042781 0.045400085 0.057995258 -3.5527137e-15 0 0.036521362 0 3.5527137e-15 0 0 0 0 0 8.8817842e-16 17.367983 0 0 0 0 0 0 0 0 0 0 0 0 0 0 0 0 0 0 0 0 0 0 0 0 -3.5527137e-15 0 -3.5527137e-15 0 7.1054274e-15 0 0 0 0 0 0 -3.5527137e-15 0 0 0 3.5527137e-15 -3.5527137e-15 0.028239475 0.037339381 0.10648459 0.039099512 0.092707068 0.081685713 0.43759291 0.33313505 0.28443668 0.21127824 0.031392516 3.5527137e-15 
1.0658141e-14 0.047882031 0.044910936 0.3996151 0.22084848 0.30154665 0.08019747 0.12204126 0.037002866 0.097039519 0.25270701 0.1439247 0.094482932 0.37179499 0.11370399 0.06175628 0 0.039086854 0 0.047794308 0.021492388 0 0.0062589468 0.031136498 -3.5527137e-15 0 0 0 0 0 0 0 0.21269037 0.050515756 0.02751416 0 3.5527137e-15 3.5527137e-15 0 0 0 0 0 0 0 0 0 0 0 0 0 0 0 7.1054274e-15 0.023124723 -3.5527137e-15 0.027346139 0 0 0 0 0 0.033833647 0.038812322 -3.5527137e-15 0 0 -7.1054274e-15 -3.5527137e-15 0 -1.0658141e-14 0 0 0.020049069 0.052075072 0.032224271 3.5527137e-15 0.16787215 0.14822177 0.010666512 0.16583044 -3.5527137e-15 0 
0.21791349 0.22760597 0.45920522 0.10629621 0.11361893 0.043487294 0.18168094 0.08032801 0.21307924 0.18129793 0.096929604 0.15681954 0.4543393 0.37468786 0.050157931 0.14948291 0.054038964 0.030591156 0.031837556 0.046463783 0.0030340786 0.016623354 0.034854039 0 0 0 0 0 0 0 0 0 0 0.0025679396 0.073369691 0.057061774 0.038231209 0 0 0 0 0 0 0 0 0 0 0 -7.1054274e-15 3.5527137e-15 0 0 0 0 0.052481571 0 0.048023416 0 0 -3.5527137e-15 0.016008988 3.5527137e-15 -1.5543122e-15 0 0 0 0 0 0 0 7.1054274e-15 0 -7.1054274e-15 7.1054274e-15 0.045906445 0.015717448 7.1054274e-15 0.25753023 0.10311579 0.1051635 0.11916626 0.085054272 -3.5527137e-15 
0.92076832 0.69821506 0.19257898 0.039753247 0.16316803 0.16373211 0.048265985 0.09988144 0.26459261 0.017262983 0.092553797 0.56213388 0.37747711 0.051896704 0.044580537 0.038055784 0 -7.1054274e-15 0.020559293 0.12978399 0.010522111 0.029300331 0.03679978 0.017863256 0 0 0 0 0 0 0 0 0 0 0 0 0 0 0 0 0 0 0.011396252 0.02222437 0 0 3.5527137e-15 0 -7.1054274e-15 -3.5527137e-15 7.1054274e-15 -7.1054274e-15 3.5527137e-15 0 0.025134177 0.10167174 7.1054274e-15 0 3.5527137e-15 0.055290847 -7.1054274e-15 0.049266975 0 0 0 0 0 0 0 3.5527137e-15 0 0.015951966 0.029387831 0 3.5527137e-15 -3.5527137e-15 -3.5527137e-15 1.0658141e-14 0.076514262 0.048627966 0.14715753 0.05237033 0 
0.28797411 0.20914797 0.091102342 0.18558861 0.19242084 0 -3.5527137e-15 0.098244939 0.14034502 0.10485852 0.84356446 0.32167024 0.14315637 0.15192146 0.07001317 0.07420644 3.5527137e-15 0.036960921 0.081057983 0.20344919 0.011786449 0.053123675 0.039933565 0.035288714 0 0 0 0.019281377 0 0 0 0.050312875 -7.1054274e-15 -3.5527137e-15 0 0 0.038166146 0.010560634 -7.1054274e-15 0 3.5527137e-15 0 0 3.5527137e-15 0.025721506 0 0.026594244 0.011100201 3.5527137e-15 -7.1054274e-15 3.5527137e-15 -3.5527137e-15 0.034444478 0.029070404 0.085907821 0.089940948 0 -7.1054274e-15 0.052447272 0.03257543 0.15649782 -3.5527137e-15 0 3.5527137e-15 0 0 0 4.603296 3.5527137e-15 0 0 0 0.03164546 3.5527137e-15 -7.1054274e-15 0.0082466063 0.061356697 0.13505554 0.14295662 0.29723894 -3.5527137e-15 0.038891597 3.5527137e-15 
0.44553517 0.19565139 0.17097954 0.039276308 0.02170485 0.058187569 0.15718008 0.14045951 0.70251996 0.49604108 0.25954698 0.12726937 0.078931625 -3.5527137e-15 0.036017854 0 0.045421484 0.047269326 0.10160796 0.070746806 0.14698836 0.037385032 0.090156415 0.059322717 0.069269644 0.043521005 3.5527137e-15 0 0 -3.5527137e-15 0.066188184 0.026034054 0.077691352 0 0.03955449 0.038950526 0.019313134 0.013856175 0.077176943 0 3.5527137e-15 0 3.5527137e-15 0.011190667 0.032789825 0.028801154 0.0158853 0.0098888727 0.037281292 0.023745447 0 3.5527137e-15 0.05719943 0.21813201 0.074613848 0.048308178 -7.1054274e-15 0.022490077 0.2575655 0.099282416 -7.1054274e-15 0 0 0 0 0 0 0 0 0 0 0.010980486 0 0 -3.5527137e-15 3.5527137e-15 0.038528232 0.037982096 0.025672404 0.056540298 0 0 -3.5527137e-15 
0.41703767 0 0.09759889 0.063155943 -7.1054274e-15 0.12185006 0.10410847 1.0477309 0.49653906 0.38406936 0.19412033 0.123241 0.12470346 0.010729898 0.074046114 0.0018051475 0.13049258 0.14818014 0.35905493 0.080729789 0.076154144 0.1067538 0.077452198 0.1184064 0.093369605 0.0015695974 0 0 0 3.5527137e-15 0 0.096534598 0.075514198 -3.5527137e-15 0.055458021 0.04537433 0.032593902 0.038790028 7.1054274e-15 7.1054274e-15 0 0 0.0067128381 0.11238959 0.066862793 0 0.014462066 0.046827582 0.0094677219 -3.5527137e-15 3.5527137e-15 0 -3.5527137e-15 0.19212947 0.25900105 0.10288312 0.058436363 0.30753137 0.17628309 0.23239107 0.0363147 0.024687235 0 0 0.059863871 0 0 0 0 0 0 0 0 0 0 0 0.098383803 -2.4868996e-14 0.013675821 0 0 -3.5527137e-15 -3.5527137e-15 
0.26716918 0.22228909 0.017051729 0.22147068 -3.5527137e-15 0.35037582 0.25904219 0.2360231 0.32639226 0.41144804 0.19361471 0.13820915 0.16144307 0.081946119 0.15920983 3.5527137e-15 0.080115671 0.095073092 0.46621906 0.019602153 0.09923839 0.090819756 0.043064224 0.051908021 0 0.033617419 0 0 0 -7.1054274e-15 0 0.18396403 0.12990416 0 -3.5527137e-15 0 0.041855187 0.063616163 0.030521659 0.019204508 3.5527137e-15 7.1054274e-15 0.13055582 0.10267739 0.11247415 0.038596837 0.015438457 3.5527137e-15 0.039645049 0.018144965 0.019222677 0 0.050345526 0.2836586 0.37933139 0.16698456 0.20326284 0.47835728 0.23761588 0 0.061730532 0.019474554 -3.5527137e-15 0.057780365 0 0 0 0 0 0.021017683 0 0 0 0 23.009556 0.0098715364 3.5527137e-15 0 0.027672649 -3.5527137e-15 0 3.5527137e-15 0.0011665293 
0.24291633 0.22608683 0.064876105 0.16150357 5.0757569e-05 0.18362786 0.11338379 0.077876742 0.56167245 0.24431353 0.16174597 0.14004937 0.16280526 0.22854073 0.066132663 0.19620202 0.10920586 0.15379034 0.44980219 0.12527759 0.14223968 0.027698787 0.031521333 0.0064734072 0.065883399 0.018601129 0 0 -3.5527137e-15 3.5527137e-15 -7.1054274e-15 0.40458844 0.1705373 -7.1054274e-15 3.5527137e-15 0 0.10457593 3.5527137e-15 0.056600871 0 -7.1054274e-15 0.24286088 0.055154183 0.042199801 0.053350641 0.033633445 0 3.5527137e-15 0.05228319 0.039740948 0 0.030169432 0.04500254 0.12877567 0.41376431 0.31205642 0.1988425 0.22021 0.10715527 0.045663607 0.028134157 0 0.055363106 0 0.017273029 0.033845075 7.1054274e-15 0.0081138971 0.0031226226 0.0210579 0 0 0 0 0 0.023681858 0 0 0 0 3.5527137e-15 3.5527137e-15 0.031636817 
0.11975119 0.040456286 0.44175864 0.16734911 0.28598303 0.14037836 0.15836805 0.21506787 0.734339 0.13089476 0.1971708 0.28009273 0.13693592 0.015974528 -3.5527137e-15 0.057845061 0.22488844 0.47711042 0.20149637 0.058710308 0.033204397 0.11210035 0.0085071616 0.042619331 1.7417866e-05 0.016530625 0.036468774 0 3.5527137e-15 3.5527137e-15 0.12921567 0.25630973 0.230906 0 -7.1054274e-15 0.11130726 0.0595154 0.025588319 0.12839012 0.010618429 0.0095217355 0.21807268 0.11798218 0.09403767 0.073323239 0.054525922 0.01588724 0 0.047559187 0.009800741 7.1054274e-15 0.10093812 0 0.2716185 0.4259136 0.1904931 0.37684679 0.060507992 0.046925278 3.5527137e-15 3.5527137e-15 0.019194868 1.5050753e-05 0.009617123 -3.5527137e-15 3.5527137e-15 0.058036192 0.053822037 0.071647832 0.017632784 0.045921376 0 3.5527137e-15 0 0 0 -3.5527137e-15 3.5527137e-15 0 0 0 0.0044751103 3.8281567 
0.30548947 0.08132166 0.16502135 0 0.1690695 0.15468501 0.26525124 0.73899375 0.048326746 0.29597983 -1.0658141e-14 0 0.12065112 0.14174995 0.21611654 0.41024739 0.6052416 0.30627125 0.15905935 0.071806076 0.058742035 0.027886135 0.04886867 0.081675112 -3.5527137e-15 0.10190041 0 -3.5527137e-15 0 0 0.077829834 0.23866338 0.38876811 0.043663823 0.050891155 0.13609836 0.027660526 0.083856656 0.018139993 0.099755214 0.12710057 0.30101202 0 0 0.070023997 7.1054274e-15 0.031155572 0.092597564 0.044914287 0.024321595 0.045811366 0.072454173 0.074550392 0.20200866 0.32924552 0.56487016 0.16929487 0.068146893 0.027677541 0.010860194 -3.5527137e-15 0.011258422 0.046560206 0 0.059264319 0.050990283 0.16642956 0.12520837 0 0.044494457 0 0.01212619 0 0.020896097 0 7.1463803 5.5511151e-17 3.5527137e-15 0 0 0 41.517737 0 
0.34823861 0.018567535 0 0.27031238 0.36526417 0.20804185 0.21715495 0.55315286 0.061874328 0.03763247 0.22804732 0.27838187 1.0711134 0.61165956 0.20235226 0.59977703 0.24795411 0.066731269 3.5527137e-15 0.14808067 0.010249662 0.075241827 0.10296338 0.024102491 0.053191228 0.063622216 0.037364324 0 0 0.051487589 0.048391118 0.24709186 0.42466546 -3.5527137e-15 0.041645513 0.10569399 0.07994028 0.20100452 0.092599908 0.032910584 0.21298195 0 0.18430821 0.14537444 0.30528138 0 0.036802692 0.048640952 0.055209025 0.049654655 0.040708631 3.5527137e-15 0.10475665 0.72621349 0.67294869 0.15180818 0.17316607 0.10385334 7.1054274e-15 0.0062670896 -3.5527137e-15 0.016225393 0.050826892 -3.5527137e-15 0.094803131 0.33673064 0.024225733 -7.1054274e-15 0.081869675 -3.5527137e-15 0 -3.5527137e-15 0.030003393 0 0 0 0 0 0 0 0 0.75503508 0 
0.6939397 0.22426855 0.61781763 0.094555249 0.31445865 0.21549803 0.17824897 0.45494153 0.13898757 3.5527137e-15 0.39100116 0.61575748 1.0613526 0.14591022 0.12517443 0.44025968 0.055469456 0.12864107 0.079517935 0.036610979 0.03465694 0.079705912 0.0011727992 0.034024043 0.021768092 0.064446079 0.085342022 0.033498591 0.032583226 0.091514591 0.085185186 0.48921628 0.61379318 0 0.08622938 0.3019819 0.08005531 0.091187804 0.17571001 0.079324235 0.15900012 0.25624843 0.19045426 0.29898928 0.29023759 0.039016173 0.035435315 0.019589632 0.054869507 0.053047373 0 0.059923569 2.1210393 0.96385925 0.11888195 0.027091121 0.015613253 -3.5527137e-15 0.062825577 0 0.027229804 0.10369546 7.1054274e-15 0.24119805 0.23595297 0.035112577 0.057323619 0.037865611 7.1054274e-15 0.034839266 3.5527137e-15 -7.1054274e-15 0 0.0094246264 0 0 0 -3.5527137e-15 3.5527137e-15 0 3.5527137e-15 36.946142 0 
0.14021993 0.29956893 0.73143585 0.49773772 0.29203886 0.19598996 0.51815292 1.2655873 0.15353504 0.1574548 1.2497037 0.4578029 3.5527137e-15 0.19808997 0.036814537 0.069657905 0.087280775 0.065208068 0.07195376 -3.5527137e-15 0.064817351 0.029560399 0.15622052 0.061895713 0.026903496 0.040845901 0.08434106 0.054672455 0.17876408 0.2170822 0.13592879 0.75141313 0.493758 0.037495753 0.12586799 0.23861352 0.35837877 0.070917981 0.082984019 0.059909806 0.13236314 0.2880783 0.35007963 0.32088399 0.19588967 0.031822695 0.03337977 0.020206537 0.015159297 0.090579764 0.04210895 0.11416355 0.79108456 3.1388095 0.28372839 0.19554263 0.10820252 0.062525076 -7.1054274e-15 0.098800874 0.054428664 0.18088703 0.18898289 0.13064299 0.1534186 0.13346898 0.075774111 0.019313067 0.076807956 0.053061701 0.031758436 0.032693019 3.5527137e-15 0 0.051323353 3.5527137e-15 -3.5527137e-15 3.5527137e-15 0 0 0 0 0 
0.45572691 0.41959487 0.41820231 0.36734236 0.072771255 0.43383764 0.90689435 2.8639919 0.33025878 0.31629982 0.18738602 0.3672588 0.41598466 0.03723346 0.085545912 0.065658088 0.042382582 0.074490994 0.070528503 0.15569538 0.03160745 0.056480752 0.11187314 0.061862478 0.0054134966 0 0.092658757 0.041270853 0.0078259289 0.18623898 0.23748519 0.62931289 0.60512778 0.10252251 0.077428375 0.29690753 0.061457323 0.16475244 0.21440141 0.20251082 0 0.18151858 0.160699 0.74932971 0.29399169 0.02368362 0.030007909 0.016905491 0.013376497 0.046216329 0.042095992 1.0495603 1.8846561 0.039727145 0.18361661 0.075217261 -3.5527137e-15 0.030746155 0 0.025906069 0.34338607 0.21789957 0.13155938 0.11474224 0.20986417 0.022379398 0.072820601 0.036900547 0.0075350177 0.072406348 0.025070265 3.5527137e-15 -3.5527137e-15 7.1054274e-15 -3.5527137e-15 0 -3.5527137e-15 3.5527137e-15 0 0 0 0 0 
0.56393927 0.3429198 0.31958748 0.11873817 0.24503662 0.25177099 4.7138795 0.14022225 0.12524723 0.23822639 0.33371924 0.39848129 0.046320563 0.099667374 0.073376169 0.16879379 0.087454993 0.22852417 0.078235658 0.026011417 0.021681333 0.11174016 0.10223326 0.048333903 0.006654138 0.042492245 0.12551664 0.12216929 0.053930346 0.18548496 0.11021838 0.90076872 0.76913671 0.14395177 0.14808222 0.33443186 0.10793367 0.047202175 0.2422088 0.23091374 0.093474886 0.34281387 0.19620643 0.060633412 0.21303523 0.016847252 0.024228288 0.020187633 0.011847869 0.03569975 0.36161506 1.8133754 1.3407211 0.15423523 0.14938157 0.1083568 0.055924886 0.082425136 0.11879282 0.21958022 0.085468228 0.3245794 0.16576309 0.12905929 0.058961943 0.0023212615 0.061255266 0 0.016554238 3.5527137e-15 3.5527137e-15 0.022323512 0.041290285 0.028386227 3.5527137e-15 0 7.1054274e-15 3.5527137e-15 0.052510426 0.049037875 0.019844479 0 0 
1.0773451 0.72495187 0.10556706 0.30811738 0.23053077 0.72143922 0.8458328 0.070798999 0.20382456 0.42847915 0.43951401 0.22941285 0.2409706 0.083964598 0.12861066 0.15619301 0.19673888 0.23444917 0.23023712 0.2072148 0.23394432 0.051894261 0.018267915 0.014224391 0.037900592 0 0.10163073 0.24223294 0.025964761 0.17953083 0.24790174 0.90607135 0.79834569 0.05408031 0.37398954 0.23441925 0.14321824 0.10889562 0.22675085 0 0.17930566 0.3389507 0.33114277 0.60245793 0.2930998 0.050705327 0.017769356 0.028194921 0.010212375 0.066068632 1.7056239 4.2361472 0.26605527 0.26311352 0.20071902 0.20191756 0 0.19333925 0.16241559 0.11023763 0.0093760327 0.082907911 0.097782794 0.11697325 0.013001677 0.069996181 7.1054274e-15 0.028892637 0.022910365 0.067650382 0.02207082 0.11822005 0.088138725 0.030214434 0.065722498 3.5527137e-15 7.1054274e-15 0 0.17609049 0.055553213 0 0 0 
0.67519335 0.27967012 4.4873232 1.6563649 1.4877159 1.5666941 0.41484295 0.38838323 0.29385455 0.50698106 0.46471664 0.35436086 0.056674948 0.091068907 0.25375893 0.27205433 0.43279289 0.19654672 0.11554879 0.06959372 0.025054981 3.5527137e-15 7.1054274e-15 0.0094720063 0.02833926 0.021079491 0.16608193 0.056527267 0.2394248 0 0.18270537 0.75016207 0.88221437 0.23723311 0.53688095 0.18098325 0.13261496 0.12461675 0.16972726 0.18129278 0.19696644 0.1811415 0.94066178 0.45317659 0.23121912 3.5527137e-15 0.011022959 0.031818772 0.0065822302 3.6272061 4.3849752 0.26202563 0.1652685 0.15097697 0.13037676 0.25775229 0.39606914 0 0.1225451 0.09793926 0.032761448 0.59509401 0.038111079 0.017394653 0.023028641 -7.1054274e-15 0.01074867 0.020759904 0.050556359 0.075096737 0 0 0.12569194 0.07882347 0.023492285 3.5527137e-15 7.1054274e-15 0.12211022 0.10603929 -3.5527137e-15 0.036168166 0.0017484844 0 
4.7176274 0.89755029 1.835033 4.5692575 3.4277009 2.836519 1.7749884 1.7089762 1.5744061 0.88775376 1.3715446 0.73624798 0.58762444 0.44418928 0.35435826 0.22584895 0.33351062 0.40619536 0.17903292 0.071390033 0.020754453 0.028830094 0.049431623 0.081699803 0.071589592 0 0 0.033174976 0.046982528 0.21391716 0.18121246 0.96922208 1.0330895 0.40939211 0.62858237 0.10073417 0.071225697 0.15662642 0.20767991 0.16825537 0.68864259 0.18379412 0.86826651 0.31683531 0.18170342 -3.5527137e-15 0.0059690244 0.018100913 2.9211634 0.88203086 1.5592712 0.24474931 0.22147084 0.088104724 0.049571571 0.38834748 -7.1054274e-15 0.22804404 0.050405331 0.022085182 0.29751953 0.7492843 0 0.070642095 0.01958545 0.05428464 0 0.15135124 0 0 0 0.066298703 0.18578697 0.20488453 0.017931144 0.054101191 7.1054274e-15 0.14512375 0.078780965 7.1054274e-15 0.0023969824 0.012998273 0 
4.096913 3.5367973 4.7035077 2.7106578 2.3153865 1.736809 1.7901689 1.7104243 1.8734461 0.73106138 0.92320753 0.7401549 0.66346489 0.67806436 0.4354141 0.3834748 0.51277905 0.38799046 0.11801889 0.062800004 0 0 0 0.049184914 0 0.013828742 0.033862551 0.0010885211 0.02251663 0.051349668 0.03981552 1.2327191 1.1055103 0.57903966 0.61316028 0.24429838 0.1009253 0.070995473 0.2235272 0.15760247 0.47258254 0.29487928 0.32027102 0.82874033 0.45174119 0.021271204 0.010274786 0.9991771 2.4996748 0.76541024 0.16953424 0.19006395 0 0.041591102 0.24059425 0 0.67611385 0.16333596 0.12438999 0.13906346 0.21991568 0.54095362 7.1054274e-15 0.0037298861 0.043408272 0 0.12605878 0 0.16061793 0.069132053 0.13362643 0.27212473 0.15330976 0.10896707 0.016329641 -7.1054274e-15 0.073844784 0.37871291 0.014463836 7.1054274e-15 0.013871128 0.030457455 0.019015416 
6.7404444 2.7739644 1.9253139 1.9535528 2.8616943 1.8855591 1.9700642 0.93270549 0.9140099 1.440958 0.16755848 0.093798246 0.056135853 0.16918214 0.14392606 0.15922001 0.03333477 0.11508036 0.061722315 0.042702792 0 0.040180707 0.027189497 0 0.012051909 0.042531727 0.1133931 0.092112536 0.20942759 0.094294482 0.097258947 1.408651 1.4998171 0.62724507 0.41687908 0.22803079 0.097378633 0.068792518 0.19406294 0.20325664 0.36522301 0.74175413 0.3141698 0.97350982 0.50733145 0.02569956 1.0019127 5.4862919 0.97513834 0.35230216 0.22701135 0 0.20322491 0.19342541 7.1054274e-15 0.66623026 0.1365627 0.15453933 0.14574022 -2.8421709e-14 0.36193894 7.1054274e-15 0.020371083 3.5527137e-15 0.041335279 0.066835017 0.15197169 0.091440482 3.5527137e-15 0.28242053 0.25323222 0.057465212 0.34490445 0.080768373 0.12229825 0.024309037 0.17361691 0.10607258 0.032370717 0.024908417 0.0084649222 0 0.020096237 
0.287785 0.36726138 0.29307798 0.083559494 0.066712932 0.14814163 0.099663094 0.070343359 0.11414274 0.13332545 -7.1054274e-15 0.048140889 0 0.094173803 0.015491097 -7.1054274e-15 0 3.5527137e-15 0 0 15.801024 32.741857 0.0038331335 -8.8817842e-16 2.220446e-16 0 0.013281162 0.036222182 0.091679524 0.22458536 0.055191484 1.478244 1.83021 1.0124839 0.5230793 0.21066625 0.14954939 0.12687524 0.26884516 0.10746486 0.38506595 0.63167831 0.55168157 1.0344702 5.0035767 1.8442176 1.2501371 0.37848081 0 0.16922869 0 0.22602819 0.19990044 -1.7763568e-15 0.2750208 0.24362916 0.16934659 0.19092789 0.018639352 0.28683516 0.35113936 0.072325884 0.14085513 0.17380016 0.049514978 0.063185571 0 0.082634747 0.19830081 0.23657024 0.62820458 0.7315654 0.38917344 0.095136013 0.082057373 0.12361394 0.3479227 0.043123697 0.064952451 0.05157455 0.007787401 0.022092442 0.021711856 
0.29860107 0.231581 0.3071437 0.20531408 0.12041657 0 0.09929257 0.15897177 0.15002283 0 0.053025467 0.048148886 0.057787818 0 3.5527137e-15 -3.5527137e-15 3.5527137e-15 0 0 0 0 20.18381 -1.7763568e-15 0 2.7755576e-17 0.063960415 0.0092681905 0.0082747356 0.05372266 0.20501614 0.060400486 1.7640324 2.0022514 0.85114436 0.38679458 0.073586264 0.12601782 0.21547872 0.46568426 0.081765554 0.35876421 0.38229127 0.77535818 7.1646261 4.8968089 2.2540881 0 1.5833531 0.30306757 0 0 0.66270681 0.11026222 -3.5527137e-15 0.17043096 0.26389479 0.18072154 0.45266012 1335.4244 335.90948 0.84422288 0 0 0.090114514 0.083799808 0 0.14761321 0.1339992 0.2361968 0.65497468 0.64316181 0.49506247 0.54913396 0.11398871 0.10450217 0.25007317 0.12567441 0.10023037 0 0.098350692 0.077589121 0.039659739 0 
0.32284475 0.32722567 0.26958414 0.12586973 0.12261752 0.26829846 0.1737462 2.1316282e-14 -1.7763568e-14 0.03597008 1.0658141e-14 -3.5527137e-15 -3.5527137e-15 7.1054274e-15 0 0 3.5527137e-15 -3.5527137e-15 0 0 0 0 0 0 0.22413387 0 0.030622999 0 0.10545853 0.046139626 0.35797143 1.625356 0.55699972 0.5035905 0.37258894 0.25706935 0.16380367 0.232643 0.45602062 0.10657993 0.22655708 0.24507714 0.99688666 3.0698989 3.4715741 0.0036944153 1.1276343 0.29918033 0.52889412 0 0.12890498 0.22185461 0 0.51045057 0.21706117 0.2004966 0.62253504 0.6124344 0.10020623 0.5598462 0.097388411 0.16414337 -3.5527137e-15 0.17076298 0 0.12105407 0.10721018 0.34546258 0.23269553 0.29406929 0.81389861 0.56292737 0.43784018 2.1316282e-14 7.1054274e-15 0.87047423 0.1704399 0.20524133 0.087434477 0.084946647 0.17145782 0.046921787 0.008040677 
0.13702382 0.18391476 0.23060617 0.28264488 0.2752044 0.095654673 0.030060928 0.045593233 3.5527137e-15 -3.5527137e-15 0 -7.1054274e-15 0 0 3.5527137e-15 -3.5527137e-15 0 0 0 0 0 0 0 0 0 0.064295909 0.020989038 3.5527137e-15 0.043629346 0 0 3.4708798 1.9577069 0.58063374 0.33428642 0.089848043 0.16029078 0.43083276 0 0.15571775 0.2882824 1.3903012 3.2146337 1.5171429 0.24332399 0.23319289 0.17646655 0.19946206 0 0 0.29123491 0 63.777087 0.38792585 0.23318917 1.162634 0.5554999 0.34369449 0.40788856 0.20809488 0.32762737 0 0.4573594 0 0.29655435 0.16797087 0.30555062 0.36816417 0.97703035 0.40630707 1.2188248 0.75588744 0.8959032 0.03923587 0.028474793 0.44623319 0.28507728 0.037915297 0.065859031 0.14255342 0.05081268 3.5527137e-15 0 
0.18743462 0.14765595 0.13848832 0.15661741 0.053358103 0.024596851 0.034741504 0.031675304 0 1.0658141e-14 -7.1054274e-15 0 -3.5527137e-15 0 3.5527137e-15 0 0 0 0 0 0 7.1054274e-15 3.5527137e-15 3.5527137e-15 0 0 0.040840858 0 0.075560721 0.11694122 3.5527137e-15 3.9346575 4.0253508 3.9572205 0.11289851 0.17394953 0.18142941 0.40939759 0.42670493 0.27746761 0.52484393 3.1206118 3.261418 0.087337169 0.45049911 0.73032871 0 1.5486398 1.6968678 1.2387629 0.0081541848 0.090795204 21.026327 0.37038954 0.63043209 1.0288622 0.69557377 0.63963748 0.37280784 0.16596283 0 0.0076010812 0.37113083 0.5022525 0.1412563 0.47638681 0.44447645 1.2311459 0.42895202 0.79549099 0.24672674 0.54811699 0.26657735 0.10604541 0.18465439 0.17373602 0.21718367 0.038644854 0.041243468 0.08581722 -3.5527137e-15 0 0 
0.17959889 0.14326894 0.083925292 0.067891721 0.047690827 0.087526389 0.040431729 1.4210855e-14 -1.4210855e-14 7.1054274e-15 0 0.023639732 0 0.022166795 0 0 0 0 0 0 7.1054274e-15 0 0 3.5527137e-15 0 0.065326332 0.052342254 0 0.023422133 0.044243004 0.063227663 0.027834808 2.886837 2.4125212 5.9048362 0.21470178 0.21608664 0.18880929 0 2.8588252 341.29571 1.855044 0 0.070982304 0.07628183 0.036541664 0 0.3874053 0.94713504 0.015069136 0 0.14065151 0 0.85136818 1.1286751 1.3136109 0.71006859 0.68858948 0.5795853 0 0.1865302 0.34739709 0 0.26633757 0.4327552 0.60992054 0.94633047 0.49685458 1.0445326 0.8494712 1.0112791 0.48978744 0.38996776 0.29712207 0.67883084 0.54183961 0.10492145 0.068109576 -3.5527137e-15 -3.5527137e-15 0 0 0 
0.72984472 0.057773197 0.034875037 -3.5527137e-15 1.7763568e-14 1.7763568e-14 0.01734019 7.1054274e-15 0 0 3.5527137e-15 3.5527137e-15 3.5527137e-15 0 0 0 0 0 0 0.052805002 0 0 0 0.033529456 55.63925 0.067767689 0.058189473 0.017492877 0.078496994 7.1054274e-15 0.075158792 0 7.8125252 3.3904447 4.3496856 0.10860563 0.16050906 0.1221377 4.414373 5.1896288 4.2881666 0.033896681 0.0098202364 0.0073616967 0 0.052247676 0.063205237 0.20078149 0 7.1054274e-15 1.6392528 1.3010549 1.0672978 0.47294872 1.237759 0.85257309 1.0240379 0.54683305 -1.7763568e-15 0.19410525 0.22784682 0 0.17675535 0.28086497 0.95256947 0.87064637 1.0081303 0.9622051 1.120031 1.4473472 0.82729945 1.1319763 0.47354641 0.75390132 1.0481234 -1.0658141e-14 0.027830876 0 0 7.1054274e-15 0 0 0 
0.096688382 0.58931546 0.25697617 0.37058922 0.044063388 -7.1054274e-15 3.5527137e-15 1.4210855e-14 0 3.5527137e-15 0 0 0 0 0 0 3.5527137e-15 3.5527137e-15 0 0.067973099 0.1684886 0.051446192 0 0.040165853 0 0 9.52787 0.067287279 0.077086627 0.037854139 0.090911958 0.023275281 0.13619763 6.9788878 1.3471908 1.854271 0.28031213 6.4372292 2.7958277 11.873764 7.1054274e-15 0.0058612052 0.047028612 0 0 0 0.036243289 0 0.013838213 0.29335045 0 0 0.88961466 0.030626014 1.314758 0.65506869 0.74400998 0.31703887 0.17253113 0.074504489 0.11646566 0.049436332 0.33891569 0.51621382 1.0299329 0.62890728 0.68866665 0.87927277 1.3225994 1.2461715 1.6923531 1.8997753 0.8469085 1.4530152 0.13498785 0.044809423 0.065385078 0.11578521 0 0 0.00025569094 -3.5527137e-15 0 
0.049846706 0.040668828 0.077146904 0.28328931 0.36964265 0.19536821 0.046734023 0.031207841 -1.0658141e-14 -3.5527137e-15 0 0 0 0 0 0 0 0 0 185.36316 0.093239697 -3.5527137e-15 0.043555972 0 0 0 0.061438671 0.094307915 0.037978304 0.043177699 0.057328372 0.069980732 0.065364982 0.15577356 1.0173259 4.6340536 6.3914882 2.2421312 11.018749 0.62992842 0 0.0060916025 -3.5527137e-15 0 0.067499137 0.022521836 8.8817842e-16 0.037625697 0 0 -3.5527137e-15 0.15666336 0.51918112 0.066031367 0.75389244 0.99067065 0.51028659 0.049741102 1.4554255 0.041878403 0 0.26931622 0.34447254 0.57043542 0.73769119 0.95455636 0.83430027 0.76820784 1.5868828 1.4468806 1.5235274 1.7973783 1.5527717 0.03582004 0.040354781 0.068117437 0.10092699 0.051314793 -7.1054274e-15 0 0 0.0041443569 0 
-1.0658141e-14 0.016664084 0.19801009 0.063835543 0.25774192 0.053222126 0.039981135 3.5527137e-15 0.079223647 0.027796796 0 0.029226357 0 0 0 0 0 0.02432683 0.049348164 0.12106164 0.16717835 3.5527137e-15 0.090672404 0.038605993 0 0 1.3527855 0.033376715 0.054614652 -7.1054274e-15 3.5527137e-15 3.5527137e-15 0.029082816 0.17996251 4.1878649 10.070618 4.1871458 1.3952726 3.1375137 0 0.071908242 0 -3.5527137e-15 0 0 0 0.13631984 0 0 0.11976835 0.51546915 0.56913559 0.14388112 1.2027501 0.68353328 0.52167042 0.010206912 0.11787197 0.77125684 0 0.043080796 0.22078299 0.26979182 0.64217638 0.76985042 0.54464408 0.72802118 0.62593875 1.2363378 0.078301451 1.4342729 1.9236931 0.10443049 0.26674204 0.17360492 0.16460552 0.052130301 0.021329146 3.5527137e-15 0.019278562 0.014548065 0.037709622 0.026941613 
0.051371573 -3.5527137e-15 0.0057113426 0.065364054 0.13045464 0.080718206 -7.1054274e-15 0.049667492 0 0 0 0 0.0034677517 0.024111483 0 3.5527137e-15 7.1054274e-15 0.0217792 0.12154401 0.044368057 0.14625115 0.055484267 0.018902204 0.012748279 0 0 0 0 0.018253669 0.053115209 0.17811998 0.20394903 7.1054274e-15 0.042768438 12.6281 8.1853197 3.3837273 9.5553033 0.0098205613 0.043710854 0 0 -3.5527137e-15 0.010806255 -3.5527137e-15 0 0 0.01658997 0.054183376 0.13192083 0.54212311 0.34177946 0.33912342 0.34554647 0.28590801 0.068379787 0 0.13870315 0 0.036035062 0.082473785 0.24881373 0.16282998 0.51297984 0.627256 0.96973929 0.68570531 0.56857336 1.2543412 3.0568039 1.8137238 0.082886195 0.37742962 0.28710296 0.098622158 0.093905943 0.1709374 0.012992536 0.054003644 0.14446114 -1.0658141e-14 0 0 
0.13417862 0.088968663 0.069248087 0.11708313 0.041423688 0.19563697 0.089310001 0 0 0.023510926 0.036415728 0 0.059700105 0 0.037634127 7.1054274e-15 0 0.030418871 0.12227326 0.36774696 0.20203742 0.28172089 0 0 0 0 0 -7.1054274e-15 0.026930014 0.055979093 0 0.027483387 0.050036355 0.208222 6.0999886 13.253365 1.0929234 1.2377403 0.13228484 0.055953794 0.055152966 0.031763163 0.025922428 0 0.016677496 0.084431516 0.018478136 0.022640937 0.066094044 0.23308683 1.224155 0.38928721 0.13285928 0.07989792 -3.5527137e-15 0.024333488 0.037099199 0 0 0.029227471 0.026184332 0.080962542 0.10002847 0.33601763 0.47408795 0.29806973 0.63988478 0.5680436 3.8832445 1.4344859 2.0952474 0.21146766 0.14691407 0.16019045 0.30384135 0.02717551 0.026066638 -3.5527137e-15 0.027679451 -3.5527137e-15 -7.1054274e-15 0 0 
0.1331552 3.5527137e-15 -3.5527137e-15 0 5.5511151e-17 0 0 0.12269826 0 3.5527137e-15 0 0.092685199 0.05524007 -3.5527137e-15 0.028591507 -3.5527137e-15 7.1054274e-15 0.033931704 0.15607729 0.49698363 0.14234729 0.20437084 0 0 7.1054274e-15 0 3.5527137e-15 0.029376699 -3.5527137e-15 0.034942064 0 0.029461289 0.11084592 0.10889332 12.07073 12.60438 1.0262253 7.8676278 0.047895239 -3.5527137e-15 0.040907088 0.043277068 0.004910866 0.00058696807 0.044690244 0.030370138 0.026235559 0.16882752 0.05042698 0.6587259 0.51291304 0.39502734 0.23773283 0.069240606 0.078679561 0 0.026395245 0 7.1054274e-15 0.045523326 0.15796068 0.099181116 0.041230955 0.40025505 0.37425401 0.4363812 0.53614324 0.57772169 2.4955769 1.3063329 2.891968 0.062629462 0.2331632 0.26963898 0.1393269 0.01808141 -1.4210855e-14 0.071205899 -1.4210855e-14 7.1054274e-15 7.1054274e-15 0 0 
3.5527137e-15 0 0 0 0 0 0.048197222 0 0.0086835017 3.5527137e-15 0.036396896 3.5527137e-15 0.029989168 0.033257081 0.030250345 0 3.5527137e-15 3.5527137e-15 0.23266338 0.078514234 0.28327175 0.13532336 0.033294262 0 -3.5527137e-15 30.043068 0 0.02296231 3.5527137e-15 0.039436368 0.037958817 0.070381227 0.070692365 0.083334646 16.20247 3.7351378 15.940504 3.5527137e-15 0.092715788 0.11535781 0.025930045 0.025925394 0.017948645 0.028801889 0 0.10700572 0.033326634 0.11904134 0.06417291 2.4266444 0.60034019 0.051622405 0 3.5527137e-15 0.022339337 0 0.050095008 0.034246488 -3.5527137e-15 0.053461368 0.071232779 0.10756671 0.058608525 0.13421789 0.5502113 0.48826625 0.45808721 0.77615058 3.4754061 2.3492347 4.0892568 0.56405108 0.21514429 0.16912784 0.016530115 -3.5527137e-15 -7.1054274e-15 0.025028237 -3.5527137e-15 0 0 -3.5527137e-15 0 
-3.5527137e-15 0 0 0 0 0.052332452 0.030126454 0.056223494 0.044784054 0.014037345 0.051474239 0.052868994 0.021654185 0.02669371 0.031300557 -3.5527137e-15 7.1054274e-15 0.046158403 0.17578338 0.094207437 0.053070996 0.18355507 0 3.5527137e-15 0 0 0 0 0 0.012089482 0.063161232 0.050290458 0.079222006 0.13179341 8.8758483 15.148212 -3.5527137e-15 0.068170387 0.031256045 -3.5527137e-15 0.04206062 0.029981925 0.030942335 0.03330562 0.10259635 0 0.036589788 0.019446719 2.3073753 1.1054935 0.13842981 0.15704083 0.030063818 0.1306692 0 -3.5527137e-15 0 0.039161724 0.054152323 0.043618176 0.12622466 0.17488484 0.1171959 0.11442249 0.30445385 0.41856699 0.49966196 0.6408587 2.4972781 2.3633564 0.095600763 0.048413292 1.4210855e-14 0.039754368 0.059267908 0.068978988 7.1054274e-15 0 7.1054274e-15 -3.5527137e-15 0 -3.5527137e-15 0 
3.5527137e-15 0 0 0 3.5527137e-15 0.20012043 0 0.018635136 0 0.056517387 0.028901987 -7.1054274e-15 0.044828986 0.022261954 0 -3.5527137e-15 0 0 0.27005972 0.12859398 0.20907263 0.040797342 -7.1054274e-15 0 0 0 0.054243958 0 0.053238275 0.038647546 0.070302448 0.022997739 0.042985186 0.07944773 2.9239481 9.5028159 0.020652418 0.094735482 0.039017368 0.035114483 -3.5527137e-15 0.020499145 0.047386335 0.045829488 0 0 0.069596013 0.042037624 0.65503779 2.6241352 0.059522957 0 0.032599401 1.7763568e-15 0 0 0 0.031497108 0.034624439 0.14685901 0.13185719 0.076521551 0.087316849 0.13290443 0.33111256 0.43792503 0.42120296 0.26794845 4.0357043 4.1964413 0.2340567 0 0.011655174 0.041629267 0.12221354 0.16433302 0.063593744 0.052248869 0.050545045 1.0658141e-14 -7.1054274e-15 0.027324507 0 
16.207084 0 0 0 0 0.10837698 -7.1054274e-15 0.13502959 0.039930974 0.028607999 0.14454462 -3.5527137e-15 0.055255795 0.077001723 -3.5527137e-15 0 0 0.024827055 0.59413585 0.12979589 0.4787495 0 3.5527137e-15 0 0 0 0.083598807 3.5527137e-15 0.011687455 0.029109961 0.038349074 0.085171884 0.012114849 0.03796602 5.0223918 7.9754447 0.097197599 0.030723966 0.12217005 0.011870479 0.095846595 0.03211163 -3.5527137e-15 -3.5527137e-15 3.5527137e-15 0 0.058691579 14.587594 3.4973715 0.49496591 0.040034283 0 0 0.025611929 0 -3.5527137e-15 0 0.051202869 0.035065232 0 0.12452886 0.033741315 0.2070612 0.37025466 0.28650729 0.33362389 0.38542829 7.5240691 10.749807 1.1669208 0.055835615 0.014945297 0 0.20645831 0.11818565 0.10649819 0.038991146 0.038496559 0.07682216 0.046102916 0 0 0 
0 0 0 -3.5527137e-15 0.15930504 0.15052688 0.074535163 0.029502693 0.050624849 0.078929183 0.090998677 3.5527137e-15 0.21187552 -7.1054274e-15 -3.5527137e-15 -7.1054274e-15 0.087805856 0.046374372 0.50858831 0.29593507 0.054927005 0.015303868 0.00064115871 0.06629279 0.02928569 3.5527137e-15 0.045749912 0.028932264 0.038863948 0.024478781 0.050783909 0.022390244 0.088207832 0.79707479 4.3315427 10.367227 0 0.042693751 0.10066324 0 0.08413231 0.018410848 0.041563715 0.028516092 0 0 2.2239401 11.085044 0.24145982 0.0052030102 0 0 2.2095368 0.71671198 0.035461158 0.024085001 0.049341988 0.065745546 0.040625154 0.1069784 0 0.24882021 0.21001255 0.32528117 0.20753411 0.30952221 5.2101177 4.2725017 5.3791459 0.085869038 0.21438996 -3.5527137e-15 0.18218615 0.1753388 0.06452271 0.056889178 0.037391059 7.1054274e-15 7.1054274e-15 -3.5527137e-15 3.5527137e-15 0 0 
0 0.019132772 3.5527137e-15 -3.5527137e-15 0.11219028 0.17545942 0.2619561 0.16985935 0.052749953 0.064264614 0.10872993 0.061416971 0.19018654 -3.5527137e-15 7.1054274e-15 0.0021908622 0.093015395 -4.4408921e-16 34.250541 0.43630802 0 0.045880782 0 0.027676254 0.070118918 0 0 0.02588481 3.5527137e-15 0.035054458 0.018355118 0.21434303 0.05800513 16.539561 20.639654 0.20196929 0.021309813 0.078376962 0.077775432 0.024281 0.03799733 0 0.070242691 0.10038857 0.23127771 96.196843 3.6839051 5.2587688 0 0 -3.5527137e-15 0 0.49445968 0 0.025889929 0.10560118 0.070842597 0.081890379 0.19718216 0.09121081 0.15793393 0 0.30569242 0.20594072 0.25456537 0.26844672 2.9056768 6.7661575 0.18749916 0.22004866 0.15373534 0.25604412 0.11565803 0.16192118 0.14020668 0.15167344 0.037133773 0.10155759 -7.1054274e-15 3.5527137e-15 3.5527137e-15 -7.1054274e-15 0 
0 0.054382979 -7.1054274e-15 -7.1054274e-15 0.21415629 0.21977877 0.13202234 0.090395174 0.12775947 0.11590287 0.02850725 0.15984474 3.5527137e-15 -3.5527137e-15 0.049953191 0.098130283 0.086288016 0.10021045 0.13806581 0.31408183 0.082450464 0 0.038737231 0.072836329 0.066220069 -3.5527137e-15 -3.5527137e-15 0.021417379 0.020806969 0.12290291 0.088640785 0.043936382 0 6.8201074 14.163723 0.081943797 0.18033217 0 0 0.042440778 -3.5527137e-15 0.080852984 0.035909502 2.2989669 5.0413331 4458.4913 1.8507821 0 3.5527137e-15 0 0 0 0.054578871 0 0.088532669 0.11045326 0.14529179 0.12090331 0.1783068 0.37038333 0.18206149 0.28838019 0.30263246 0.19197266 0.12021102 0.27217216 5.5067229 10.911112 0.22029121 0.21520262 0.069352663 0.060219319 0.11987562 0.13377241 0.18842191 7.1054274e-15 0.026366164 0.081432616 0.037860023 0 0 3.5527137e-15 0 
0 0 3.5527137e-15 -3.5527137e-15 0.39546874 0.44669544 0.024832493 0.046167984 0.04499373 -3.5527137e-15 0.13394971 0.1055646 0.032897185 3.5527137e-15 0.045303099 0.23653001 0.10511077 1.4256146 0.29261308 0.35022083 0.024051461 0.00034020757 0.072420514 0.070540742 0 0 0 0.025714849 0.054674453 0.090598875 0.10820633 0.093387866 0.025786778 7.5832183 16.713741 7.1054274e-15 0.10493944 0.10702712 0.18411696 3.0766106 1.8735404 4.0940586 1.7112894 2.5392728 3.5527137e-15 0.022392489 0.033243987 -3.5527137e-15 0 0 0 3.5517475 0 0 3.5527137e-15 0.0097943891 0.2205808 0.087148389 0.22370835 0.2427499 0.18784008 0.46680757 0.31953087 0.26291985 0.33452314 0.074609205 8.6729509 7.232718 0.095344792 0.36282722 0.27677866 0.20771874 0.27693026 0.18760126 0.10238658 7.1054274e-15 -7.1054274e-15 0.036311413 -3.5527137e-15 0 0 0 0 
0 0 0 0.027821202 0.36327668 0.36305457 0.089257942 0.1627763 0.11340877 0.15348366 0.17327516 0.095533642 0.027304724 0.032365745 0.20302895 0.14116022 0.10987393 0.033170457 0.83677932 0.44794634 0.10312941 0.050147907 0 0 0.028177872 3.5527137e-15 -7.1054274e-15 0.088256374 0.086537011 0.062489034 0.059612532 0.0093699912 0.051507056 10.97704 15.423506 9.8885398 7.5338289 1.5617676 1.0633606 1.205059 1.994925 0.77953047 1.5683656 1.4210855e-14 0.071070779 0.07885161 0.001977938 0 3.5527137e-15 0 0 0 0.050996211 0 0 0.015970451 0.1514356 0.18460155 0.6332286 0.19739507 0.50575463 0.42030486 0.25980147 0.33688634 0.2080648 2.9508482 12.896992 0.5808238 0.11506843 3.5527137e-15 0.18809328 0.083203005 0.17981059 0.14028144 0.080218444 0.053321104 0.031082456 0.045659243 0.033319864 0 0 0 0 
0 -3.5527137e-15 3.5527137e-15 0.07372444 0.37673631 0.53469571 0.12771902 0.03305896 0.1085623 0.45524648 0.33647982 0.10768399 0.1311734 0.52643505 0.149461 0.090799416 0.17977384 0.61422185 1.3782289 0.88038399 0.11761711 0.046220208 0.073897517 0.037852644 0.09296447 0.086721598 0.081509691 0.10260386 0.076405911 0.068433966 0.11340456 0.08789379 0.18854946 6.2650937 9.2599111 1.5086529 0.060051964 6.994485 0.39898834 0.053200062 0.024193015 0.072433136 0.17322763 0.079282418 0.060125635 -1.4210855e-14 3.5527137e-15 3.5527137e-15 0 0 0 0 0 0.06165093 0.030534475 -3.5527137e-15 0.00038738407 0.4497357 0.19280812 0.28440701 0.27088415 0.84751272 0.34498164 0.3354346 0.9620943 10.372249 0.13761793 0.21145357 0.060818008 0.079465448 0.060992051 0.063316618 0.10474047 0.11420366 0.13924088 0.039740548 -3.5527137e-15 0.089883668 0 -7.1054274e-15 0.041240512 0 0 
0.083495854 7.1054274e-15 -7.1054274e-15 0.01546783 0.68406075 0.79738535 0.88793244 0.61311307 0.30694383 0.50757607 0.16658023 0.13618185 0.2731641 0.28072774 0.089687858 0.040730016 1.9849262 0.58376638 1.2179355 2.3117608 0.12635516 0.089524386 0.076661732 0.066520362 0.10397658 0.05627756 0.093936543 0.092560408 0.10222291 0.12211833 0.051750533 0.15318475 9.9002891 38.103026 5.7362758 0.23291917 0.062119699 -3.5527137e-15 0.012940354 0.076408106 0.028775765 0.0020753198 0.07293948 0.074320728 0.025872386 -7.1054274e-15 0 0 0 0 0 0 0.015064379 0.071176188 0.0060538175 0.047740733 0.10539838 0 0.53510782 0.64594344 0.1579248 0.072136584 0.37804626 0.33943453 20.408314 1.1122229 0.61747824 0.4780956 0.70391789 0.3347955 0.22306591 0.18833431 0.24623195 0.30676003 0.15281579 0.095328188 0.088683782 0.014280356 -3.5527137e-15 0.021020656 0.0023916868 0.044802191 0 
0.0792559 0.070942934 -1.0658141e-14 0 0.76488449 0.81100647 0.4598698 0.018787162 0.41779756 0.19428585 0.14226035 0.14232474 0.41512135 0.34899346 0.12006272 2.8582139 0.66324862 0.69530402 1.7092861 0.45585048 0.11391595 0.10974122 0.10360377 0.092836446 -3.5527137e-15 0.035991724 0.07290066 0.035645403 0.26022039 0.16110496 7.1054274e-15 18.40175 25.789647 0.10469421 0.019017032 0.061170385 0.047003317 0.0090576784 0.026431621 0.036674918 0.091729326 0.013123001 0.027208557 0 0.028258661 0 0 0 0 0 0 3.5527137e-15 0.078661447 0.033603681 0.025538782 0.084198091 0.069922802 0.097869018 0.031711177 0.52902735 1.3539904 0.64419332 0 10.927158 8.3397981 1.6426817 0.065194818 0.64652106 0.56736914 0.39672466 0.69530672 0.053745883 0 0.073547184 0.090847273 0.063016992 0.032895696 0.0013512636 0 0.0080485895 0.018793393 0.037215275 0 
0.010012356 0.031024317 0.068898643 0.33533752 0.36532819 1.3074041 0.29644076 0.15246217 0.4141249 0.18193154 0.16880667 0.16673426 0.30833333 0.19773989 1.7702 1.719941 0.77697604 0.30422459 1.0942565 0.076885163 0.089786705 0.084799753 0.11379257 0.061944598 0.10794648 0.11676198 0.23596108 0.14077627 0.047534732 0.076248918 5.2632504 22.04345 29.16451 0.13704571 0.1479222 0.084139139 -1.7763568e-14 0.024570148 0.052153085 0.021979873 0.028615504 0.016625237 0.0024413434 0 0 0 0 0 0 0 7.1054274e-15 0 0.050340774 0.055729904 0.039698645 0.052465925 0.13578424 0.048063268 0.051087528 0.026204347 1.1793571 0.4721528 14.361952 11.648797 0.49201549 0.39732942 0.40797101 0.20071036 0.23710046 0.28025208 0 0.21590512 0.14587096 0.097395371 0.022936247 0 0.0065826488 -3.5527137e-15 0.083773205 0.039678091 0.052709482 0 0 
0.043672974 0.079197615 0.16148175 0.86519422 0.60254247 0.64354233 0.13119848 0.28829276 0.11288301 0.3265504 0.19520889 0.3140219 0.14941982 0.29042233 2.3250048 1.1682634 0.62048542 0.2085721 1.3461878 0.13489602 0.10281857 0.072850258 0 0.056394872 0.12502357 0.25487814 0.089412891 0.14323801 0.10050158 18.321137 32.148244 7.4860782 0.078554946 0.12411378 0.11755608 0 0.049289374 0.057676507 1.0658141e-14 0.022108372 0.06516318 0 0 0 0 0 0 0 -3.5527137e-15 0.0070904801 0 0 0.018266229 0.040359396 0.072816457 0.066784082 0.036852111 0.010980435 0.068623788 0.067259733 0.43361865 1.0100216 25.458755 13.869053 0 0.22633462 0.20678796 0.25764135 3.5527137e-15 0.27472504 0.22016838 0.11786777 0.19345253 0.056472289 0.030818225 0.094311015 0 0.013890204 0.066277662 0.026009548 0.052335302 0 0 
0 0.16792301 0.89192375 0.09934368 1.0188113 0.4123548 0.29515259 0.4363644 0.12541324 0.18840517 0.40704108 0.42348261 0.17633752 3.2679163 2.0956283 2.4754779 0.64308703 0.43701891 2.9452784 0.17037984 0.067314233 0.17203522 0.071786811 0.03239041 0.099537764 0.21300553 0.15765378 0.25425199 16.219812 31.528768 0.08190366 -7.1054274e-15 0.050070338 0.10658128 0.080302636 0.068211143 0.061883579 0.051603877 0.043610585 7.1054274e-15 -3.5527137e-15 -3.5527137e-15 3.5527137e-15 0 0 0 0 0 0.051084323 0.029272346 -3.5527137e-15 0 -7.1054274e-15 0.069973971 0.030665168 0.038639144 0.060860137 0.023606226 0.021593071 0.00048812687 0.22605358 17.776091 26.861439 0.20404147 0.23116356 0.22220697 0.29319775 0.28200964 0.30199168 0.31477804 0.13676584 0.23459207 0.1853135 0.062045797 0.069447685 -3.5527137e-15 0.031007003 0.13378308 7.1054274e-15 0.06130568 0.023725885 0 0 
0 0.098996811 0.71119534 1.5516748 1.1615742 0.047230731 0.24019304 0.52205272 0.52987643 0.27043246 0.29685603 0.30686777 0.24888858 2.4441106 3.4875079 1.076259 0.28826641 0.80232551 0.75920696 0.12569648 0.091893596 0.058287397 0.074443572 0.2276282 0.13993686 0.13777709 0.12623869 6.5889417 40.374202 0.097473934 0.068827275 0.045622637 0.045780086 0.035030906 7.1054274e-15 0.021307222 -3.5527137e-15 7.1054274e-15 -1.0658141e-14 -3.5527137e-15 0 3.5527137e-15 0 0 0 3.5527137e-15 0.0070261638 0.015926406 0.012329183 0 -7.1054274e-15 0 0.059970143 0.04376364 -3.5527137e-15 0.088372927 0.13460105 0.10197775 0.056695949 0.34541158 12.718955 14.533384 0.98549303 0.23356561 0.24601149 0.21467726 0.23409386 0.31420052 0.16490992 0.11110727 0.12027389 0.057955799 0.13562244 3.5527137e-15 0.032420039 0.0032198204 0.12735495 0.018532383 0.093964783 0.11872373 0 -3.5527137e-15 0 
0 0.043177608 1.4381052 1.0422691 4.1661104 0.19976059 0.4058714 0.26786863 0.33983414 0.39174364 0.27787114 0.1729524 0.22255019 1.7687997 2.5636211 0.5717816 0.32864984 1.1457455 0.14227326 0.024826649 0.076759692 0.096975949 0.022667123 0.25994659 0.17831124 0.013785401 0.05425198 27.84814 45.730573 0.058674868 0.033617161 0.049292841 -1.0658141e-14 0 -1.4210855e-14 0 3.5527137e-15 3.5527137e-15 3.5527137e-15 0 0.0081169531 0 0 0 0 0 0.037878276 0.036212276 0.020941211 0.049946913 0 0.0454282 0 0.11237611 0.023260987 0.16799308 0.12668075 0.10372763 0.037428219 0.18301487 5.6587098 8.8879367 0.077905107 0.2168171 0.31802926 0.25688512 0.31761062 0.19567168 0.10074883 0.026266954 0.092147909 0.0044114554 3.5527137e-15 0.013598962 0.032370433 0.019050692 0.069170667 0.11548085 0.18130191 0.048460655 3.5527137e-15 0 0 
0 0.060961577 1.1908097 0.37048385 0.28667875 0.32155203 0.59801503 0.38727132 0.45376928 0.19279191 0.33170294 0.087454615 0.28993509 1.6879633 1.3569009 0.33461062 0.69437121 4.0935789 0.0071331976 0.030966178 0.030104739 0.086151837 0.072181126 0.18415676 0.18687089 0.16380152 19.077985 33.316297 0.035683947 0.027554434 0.014478359 0.10381983 0.080606044 0.012852482 3.5527137e-15 0 1.0658141e-14 0 0 0 0 0 0 0 -3.5527137e-15 0.031248038 0 0.047073156 0.020184946 0.075317595 0 0.04579496 0.030331672 0.094175908 0.017933001 0.18986737 0.19635147 0.066078505 0.17814074 0.027183556 6.423715 6.5744918 0.24022451 0.18124581 0.17513169 0.30389874 0.21271341 0.26920522 0.10234481 0.04713296 0.1409748 0.20077827 0.029243207 0.048949227 0.28353787 0.11828835 0.073478505 0.2520099 0.29525111 -3.5527137e-15 0 -3.5527137e-15 0 
0.021771914 0.037366201 1.7291822 0.95334967 1.3949329 0.46528046 0.43429687 0.42406108 0.44713224 0.46034104 0.66773446 0.3741984 0.31527008 3.9186229 0.6014354 0.20885116 2.2724589 0.098302421 0 0.016746928 0.037080503 0 0.17422082 0.14690412 0.05262773 0.14192521 81.889143 41.464082 0.018179466 3.5527137e-15 0 -3.5527137e-15 -3.5527137e-15 0.039274706 7.1054274e-15 0 0 0 0 0 0 0 0 -3.5527137e-15 0 0.01918056 0.0098507943 0.053891722 0.037252926 0.05001379 -7.1054274e-15 -7.1054274e-15 0.089565898 0.12716277 0.043816854 0.24410009 0.41424698 0.13276627 0.082737336 0.23829176 9.220734 6.2326336 0.23805956 0.1990322 0.27341999 0.26147395 0.34542552 0.31109129 0.11998711 0.038425586 -3.5527137e-15 0.043557236 0.036499844 0.099820554 0.077506827 0.59613417 0.13151405 0.17356891 7.1054274e-15 -7.1054274e-15 0 0 0 
3.5527137e-15 0.052534641 2.0681648 0.77279822 0.68527316 5.7749228 0.63109839 0.38475686 0.21824838 0.55432187 0.47529938 0.47103214 0.94161455 1.5227464 0.49776696 3.1103524 0.057229369 0.019142514 0.081083835 0.027658358 0 0 0.13453325 0.082589556 0.076471347 11.748496 35.825923 0 3.5527137e-15 0 7.1054274e-15 0 1.0658141e-14 -7.1054274e-15 0 0 0 0 0 0 0 0 0 0.0037670194 0.070941529 0.012112825 0.034704714 0.11320192 0.04577968 0.060913792 1.0658141e-14 0.079001441 0.12829402 0.20316724 0.15627308 0.16711472 0.16188617 0.22462705 0.15398152 3.1895701 39.061595 3.731002 0.069450702 0.13989699 0.25321839 0.2635157 0.34454928 0 0.16609494 0.015163478 0.0018103865 0 0.097243893 0.520383 0.1523442 0.20877721 0.21763811 0.037594626 0 0 3.5527137e-15 0 0 
0.059179258 0.064749532 3.8187792 1.5939994 0.89329849 3.7955978 0.58134595 0.35093363 0.32019967 0.76638378 0.52650396 0.4392072 2.6764211 0.66692337 2.0979141 0.13883825 0.042698131 0.049175303 0.02320912 0.02999557 0.02709364 0 0 0.057058967 0.040928555 37.159258 1.8103815 0.46249732 0.43824917 0.31237945 0.26041295 0.27700075 0.24233044 0.16797644 0.027619936 0.021799537 -3.5527137e-15 0 0 0 0 0 0 0.0028680408 0.077652056 0.070121023 0.025735657 0.068853396 0.05042212 0.15030881 0.10831393 0.027916871 0.09853979 0.12191811 -3.5527137e-15 0.11406086 0.15970543 0.14055053 0.14291125 6.9084014 2.9194311 0.37453407 0.17554776 0.19259203 0.5531566 0.4033269 -3.5527137e-15 0.29601973 0.10866791 0.098100425 0.13808075 0.08744201 0.40683671 0.30147384 0.06196098 3.5527137e-15 0.064200679 0.10840997 0.04131816 0.027080812 7.1054274e-15 0 0 
0 0.03543205 2.8291815 2.0848203 1.9593465 2.2834129 0.43513623 0.23501284 0.25114535 0.57094946 0.55417149 3.7334742 1.2029535 0.32784165 1.8115511 0.078240771 -3.5527137e-15 0.042251803 0.049099729 0.040620101 0.078552007 0.018520296 0.10632083 0.10127844 19.677253 22.46102 0.084879121 0.16588171 0.10724136 0.15865027 0.26298447 0.0010729475 0.085485501 0.010854 0.068106585 0.015029489 0 -3.5527137e-15 -7.1054274e-15 0 0 0 0.036162759 6.6616419e-05 0.023908782 0.10724542 0.12421546 0.046580091 0.095477363 0.029686175 0.15213035 0.090219106 0.015240885 0.11760127 0.11507959 0.0065612991 0.091910262 0.080069922 0.24498332 6.674814 12.504821 0.13792213 0.16478611 0.18731806 0.36630358 0.014987532 0.25351861 0.13647505 0.13915571 0.12833845 0.60989215 0.94830826 0.83706142 0.74513424 0.20605712 0.29489032 0.15589813 0.087953711 0.069744847 0.030155 0.015119035 0 0 
0.056449701 0.026588661 0.11040897 3.4942494 2.8774965 1.6293711 0.42770295 0.27090914 0.59254288 0.70594241 0.54710788 2.4673625 0.61684063 0.42553422 0.05680667 -3.5527137e-15 0.033256091 0.093107488 0.097188994 0.065821989 0.073751569 0.026768683 0.06005812 0 79.775067 2.6249213 0.048206362 0.084316232 -7.1054274e-15 3.5527137e-15 0.042380059 0.040574632 1.7763568e-14 0 3.5527137e-15 0 0 3.5527137e-15 0 3.5527137e-15 -3.5527137e-15 0 0.040856422 0.046984741 0.0040599544 0.086672675 0.0096273352 0.073136413 0.055663856 0.14367665 0.34019032 0.11945954 0.152941 0.14168815 0.13561451 0 0.14487376 0.19623527 0.15265485 8.0824931 3.0056904 0.16337346 0.62268548 0.062077272 0.34544925 0.2628418 0.067730259 0.23394743 0.64730363 0.74664728 0.47858385 0.34181837 0.43353831 0.56160601 0.27969558 0.24371776 0.18813945 0.22051555 0.077206192 0.038763731 0 0 0 
0 0.064536268 0.12771361 7.2532508 2.4706138 2.1457376 0.31846867 0.3560053 0.64550207 0.60939147 5.3299629 1.4553906 0.52902514 0.35654478 0.085725247 3.5527137e-15 0.10012179 0.015431473 3.5527137e-15 0 0 0.028743861 0.095613197 26.990875 10.682435 0.20439592 0.08994577 0.35503564 0.17817355 0.057630352 3.5527137e-15 7.1054274e-15 0.033133039 0.075849503 3.5527137e-15 -3.5527137e-15 0 -3.5527137e-15 0 0.019786772 0 -3.5527137e-15 0.046478114 0.030260505 0.055255457 0.083143739 0.20106107 0.12540245 0.070813989 0.084609534 0.16580646 0.15952568 0.37866193 0.26272574 0.50060366 0.14608024 0.082106116 0.022768758 0.12417725 11.524695 10.719578 0.31258112 0.15566464 0.14691704 0.03147125 0.15276324 0.22172792 5.4388223 3.394109 0.35034581 0.7052902 0.00752583 0.027010212 0.01456442 0.035605471 0.039899432 0.051348926 -1.0658141e-14 3.5527137e-15 3.5527137e-15 3.5527137e-15 -3.5527137e-15 3.5527137e-15 
0.052148061 0.034919904 0.11358906 0.25105605 4.1020831 3.4929176 0.17575722 0.59169828 1.4589879 1.9579266 1.8069302 0.69611254 0.39054378 0.86331386 0.089456197 0 0.047831354 0.058665201 0.03851098 0.070751798 0.020249906 8.375259 23.852836 33.276712 0.26087714 0.037571607 0.045671501 0.14777712 0.0627296 0.13680799 0.12276958 0 0.064785555 -3.5527137e-15 0 0 0.052028451 -3.5527137e-15 0 0 0 3.5527137e-15 0.009019699 0.026533482 0.03773752 0.048804125 0.11912794 0.14399521 0.1068828 0.24797309 0.13711385 0.27648344 0.25087016 -3.5527137e-15 0.1403753 0.11151391 0.13543031 0.1880928 -7.1054274e-15 4.1845009 37.297848 0.36211096 0.2366529 0.32414108 3.6177445 1.2016067 3.009199 0.78296087 0.53057986 2.2870426 0.1083228 0.069676911 0.058549096 0.044363764 0.051702145 -7.1054274e-15 -3.5527137e-15 0.038245277 0.050759747 0 0 0 0 
0 0.11487736 0.16820488 0.12241427 0.84246298 2.3718364 0.74316495 1.0863821 1.1409882 2.9955196 643.22937 3641.0387 5195.6605 2.1826421 0.10908032 0.16001088 0.014596283 0.045532812 0.073002531 0.090627284 17.860587 88.887142 37.332519 0.139271 0.063111427 0.097082837 0.13788743 0.032940864 -1.0658141e-14 -3.5527137e-15 0 -3.5527137e-15 0 3.5527137e-15 0 0 0 0 -3.5527137e-15 0 -3.5527137e-15 3.5527137e-15 0.0074884991 0.0098350853 0.043137908 0.013437901 0.13063646 0.151847 0.22353727 0.20068355 0.19569295 0.37866988 0.35752203 0.25718228 0.14431202 0.16195794 0.086451884 0.15594956 3.5527137e-15 10.554331 14.644716 2.5805701 1.5404604 1.3296393 0.50961883 0.88025932 1.0458353 0.17215629 0.14890745 3.5527137e-15 0.088929534 0.12432626 0.14349055 0.081790278 0.073740659 0.028556231 0.024743745 0 0 0 0 0 0 
0.14755791 0.11829022 3.5527137e-15 2.4885961 12.31892 7.9478125 6.8426027 1.0141743 0.082388522 0.17742534 0.1026933 3296.4815 38615.21 15.643029 22.916839 8.7963252 16.03602 23.232127 35.941912 58.96479 14.96636 0.093172076 0.1810993 -3.5527137e-15 0.061018493 0 -3.5527137e-15 3.5527137e-15 3.5527137e-15 -7.1054274e-15 3.5527137e-15 3.5527137e-15 0 0 0 0 0 0.044659222 0.0086647429 0 0 0 0.0067528882 0.037134877 0.091143264 0.070650705 0.1043999 0.058407843 7.1054274e-15 0.23749311 0.21507888 0.28060901 0.284676 0.2336316 0.29877527 0.093210756 0.12693861 0.34179626 0.21830724 3.3524095 11.243264 4.8849415 3.0456039 4.5117532 1.2622873 1.4654783 0.31996308 2.1316282e-14 0.14064011 0.15847879 0.049753073 0.0028996847 0.015412976 0.037115904 0.0063531196 3.5527137e-15 -3.5527137e-15 -7.1054274e-15 0 0 0 0 0 
0.070795858 0 0.59198176 10.088684 5.7734176 2.5871551 0.18772756 0.030741254 0 0.010827623 1.0658141e-14 0.063124122 40.06701 64.521512 29.329778 12.15023 13.167003 17.595212 16.98755 38.376215 0.29203297 0.12835809 -7.1054274e-15 1.0658141e-14 -3.5527137e-15 0 0.051258873 -1.0658141e-14 0 -7.1054274e-15 0 0 0 0 0 0 0 0 0.10867858 1.0658141e-14 0.033080739 0.049761838 0.039460356 0.047529176 0.043772511 0.068139184 0.14439376 0.13829664 0.06471678 0.26539704 0.25539324 0.23485274 0.28305966 0.20541425 0.35974721 0.21725719 0.2162641 0.0043825027 0.39547298 55.235313 10.665913 3.4602367 0.2701585 2.8579132 3.8801757 0.80207328 0.43087302 0.47150071 0.13841998 0.24249855 0.048088833 0.018799601 0.00063533449 0.077559751 0 0.0081348562 0.017920693 -3.5527137e-15 0 0 0 0 0 
53.449674 24.990861 4.5239054 0.083083524 0.10408976 0.025483358 0.015179032 0.066116869 0 0.0097877978 -7.1054274e-15 -7.1054274e-15 1.0658141e-14 0.077045303 0.043345091 0.068723618 0.033065314 0 7.1054274e-15 0.034247196 0.020305599 0.37820582 0.189921 0.13593616 7.1054274e-15 0 -3.5527137e-15 3.5527137e-15 1.0658141e-14 3.5527137e-15 0 0 0 0 0 0 -3.5527137e-15 0 0.098727519 0.15849184 0.015283642 0.23204503 0 0.047226132 0.041371038 0.069689751 0 0.23258877 -3.5527137e-15 0.19020473 0.26485554 0.41503972 0.21236681 0.19138565 0.24864998 0.36261696 0.23797106 0.80809006 19.363261 13.133967 2.1953218 0.29458561 0.34652491 0.39461643 0.32752295 0.22373842 0.26943819 0.46650581 0.39897906 0.17456636 0.051310398 0.14067291 0.023032509 0.042374761 0.019238516 0 0 0 0 0 0 0 0 
5773.9443 22.240364 159.71427 0.084299434 0.070400578 0.057630711 0.049148957 -1.0658141e-14 0.016003514 -3.5527137e-15 0.037497321 0.062133803 7.1054274e-15 -3.5527137e-15 -7.1054274e-15 7.1054274e-15 7.1054274e-15 -3.5527137e-15 -3.5527137e-15 0.039222945 1.0658141e-14 0 0.24330297 0.20656581 -7.1054274e-15 1.4210855e-14 -1.0658141e-14 3.5527137e-15 -3.5527137e-15 0 0 0.019927672 0 0 0 0 -3.5527137e-15 0.039787593 0.055609675 0.045611833 0.14705802 0.12117525 0.13039617 0.014427623 0.095643508 0.020208567 0.2124916 0.089156803 0.24794668 0.2377143 0.18129037 0.22524392 0.32208147 0.25767304 0.21801048 0.28353516 0.39932507 0.40274943 10.829129 601.02444 0.25919699 0.11759026 0.087628589 0.083428423 0.22788606 0.27007931 0.36396205 0.4997451 0.30220414 0.20395618 0.37696935 0.033366007 0.036622815 0.051775013 0 0.043451615 0.021872021 0.019221691 0.024472752 0 0 0 0 
1399.5846 4.7519914 0.083431161 0.14600526 0.049296983 0 -7.1054274e-15 0.02951749 -7.1054274e-15 0.020421115 0 0.0015852959 3.5527137e-15 0 3.5527137e-15 0 3.5527137e-15 0 0 0 0.031311982 7.1054274e-15 -3.5527137e-15 0.15711075 0.0046135094 -7.1054274e-15 -7.1054274e-15 -3.5527137e-15 -3.5527137e-15 -3.5527137e-15 0 0 0 0 0 0 0.10671978 0.084714515 -3.5527137e-15 0 0 0.16248838 0.12135364 0.20830536 0.019734335 0.14023913 0.065583379 0.09040357 0.35687198 0.31600751 0.17128519 0.30518397 0.3397916 0.33210544 0.23678321 0.2801023 0.21213163 40.986202 38.844203 0.58961912 0.44825742 0.39709321 0.15131792 0.060721303 0.037865256 0.17444752 0.3687205 0.29667853 0.24799231 0.22501265 0.4587594 0.14942724 0.010617567 0.023567835 0.032592392 3.5527137e-15 0 0.035430364 0 0 0 0 0 
0 0.046241412 0.081076844 0.031997961 3.5527137e-15 0.052701852 -7.1054274e-15 -7.1054274e-15 0.031922764 3.5527137e-15 0.026026601 0.0053560663 -3.5527137e-15 3.5527137e-15 0.016351805 -7.1054274e-15 7.1054274e-15 0 3.5527137e-15 0 0 3.5527137e-15 7.1054274e-15 1.0658141e-14 0.036183972 0.024028352 -7.1054274e-15 0 0 0 0 0 0 0 0 0.058277636 0.065600974 0.1211747 0.03518177 -7.1054274e-15 0 0.15968473 0.17432242 0.18075741 0.20108152 0.10619925 0.027139788 0.15772878 0.46403503 0.11795084 0.46101512 0.51765105 0.36521927 0.25787082 0.31530426 0.15476163 0.094755066 37.602167 0.67937148 0.11586938 0.24977703 0.34683751 0.25337907 0.24580622 0.17068694 0.13081524 0.086310359 0.0313073 0.14832589 0.15682501 0.18338915 0.098963427 0.17954462 0.055516717 0 0.043169124 -3.5527137e-15 0.031521197 3.5527137e-15 3.5527137e-15 0 0 0 
0 0.033601249 0.013577884 0.025987349 0.030970731 0.028721828 0.021853512 0.013522166 0.022973454 0 -5.5511151e-17 0.019494863 0.029925337 0.005890405 3.5527137e-15 0 0 -7.1054274e-15 0 3.5527137e-15 0 0 0 0 3.5527137e-15 0 0.038169069 0 0 0 0 0 0 -3.5527137e-15 3.5527137e-15 0.045466875 0 0.10992393 0.055137711 0.042975482 0.39931135 0.11318449 0.11483793 0.2355518 0.16480745 0.1144576 0 0.12228316 0.59584949 0.26687678 0.16897661 0.54929943 0.39555137 0.37886076 0.22756262 0.2880191 39.1364 0.33066737 0.11524376 0.11593214 0.071501202 0.10023157 0.097300615 0.15207688 0.22292135 0.22873415 0.13846602 0.066448392 0.040031686 0.087522597 0.057908617 0.17960667 0.10591201 0.091743017 0 0.036251749 0.016769979 0 0 0 0 0 0 
0.060236654 0 -3.5527137e-15 3.5527137e-15 -3.5527137e-15 0 0 0 0 0 4.4899552 1.3877788e-17 5.5511151e-17 0.028283014 0 0 0 3.5527137e-15 0 0 0 0 0 0 0 0 0 0 0 15.380151 4.1633363e-16 0 0 0 99.714148 0 0.00053924225 0.16204869 0.072403546 0.065465411 0.073146646 0.17518859 0.049170541 0.10176717 0.16450281 0.23571609 0.34855664 0.15255139 0.55371004 0.29519501 0.26314035 0.44220121 0.4124597 0.48035482 0.31504358 38074.635 1139.6421 0 0.096066066 0.09767093 0.11257249 0.14566264 0.083758218 0.080328001 0 0.1173153 0.079132431 0 0.096058224 0.12450338 0.091453343 0.11093932 0.067735172 0 0.053162669 0.034252218 0.047732408 0 0 0 0 0 0 
