NCOLS 88
NROWS 114
XLLCORNER 772875.31
YLLCORNER 3877126.5
CELLSIZE 10
NODATA_VALUE -9999
0 0 0 -26.74205 -37.544632 -39.463892 -31.958109 -39.446342 -28.21771 0 0 0 -27.645659 -26.801232 -26.263778 -27.59586 -28.812532 -31.598371 0 -26.69851 0 0 -29.709207 -28.796582 -30.237809 -26.40851 -32.251775 -27.68981 -27.379131 -28.012439 -26.40846 -28.008168 -27.480734 -27.214608 -26.944599 -26.912649 -26.312693 0 0 -27.4289 -27.663803 -26.468878 -28.065858 -27.217668 -27.221623 -27.271162 -26.467422 -27.549027 0 0 0 0 0 0 -34.652389 -30.357435 -29.814522 -27.75171 -27.339038 -31.578192 -31.139793 -34.600755 -36.656304 -26.603691 -26.907258 -27.540936 -30.255227 -33.557217 -26.775282 -26.653556 -27.675818 -27.356392 -27.539528 -28.147324 -27.944536 -26.495651 -26.359472 -26.398437 -26.571741 -27.029864 -27.471763 -30.47365 -39.496738 -34.568343 -28.634441 -26.66221 -27.380389 -26.488252 
0 0 -39.525534 -26.472016 -26.74205 -28.979475 -27.250733 -27.102833 -26.590128 -26.550005 -35.665826 -27.831196 -26.578185 -26.381918 -26.183858 -26.201055 -26.637285 -26.762096 -26.949294 -26.36803 -26.417759 -26.990106 -26.749941 -26.737203 -26.856689 -26.296947 -26.31652 -26.949694 -26.844192 -26.841987 -26.279342 -26.285418 -26.536665 -26.465398 -26.391593 -26.392751 -26.216525 -26.210408 -27.197002 0 -27.4289 -26.429363 -26.468878 -27.281993 -27.217668 -27.221623 -26.679087 -26.504402 -26.613551 0 0 0 0 -30.848459 -28.48153 -28.16494 -27.934805 -26.859298 -26.711634 -26.777052 -27.08481 -27.153564 -27.091103 -26.294275 -26.403855 -26.481893 -26.386828 -26.458962 -26.351905 -26.31197 -26.339825 -26.48179 -26.514638 -26.523593 -26.580266 -26.590128 -26.41668 -26.359472 -26.398437 -26.571741 -26.945318 -27.471763 -30.47365 -27.64321 -26.991411 -26.313095 -26.398859 -27.380389 
0 -29.448363 -27.137861 -26.537176 -26.472016 -31.458184 -27.695042 -27.140737 -26.550005 -26.588589 -26.71843 0 -27.479481 -26.597787 -26.201055 -26.238338 -26.826569 -27.120908 -27.385056 -26.417759 -26.433903 -26.464535 -27.186306 -26.933587 -27.30121 -26.31652 -26.345548 -27.508151 -26.861594 -26.631402 -26.285418 -26.295431 -26.290937 -26.426684 -26.404145 -26.390644 -26.210408 -26.208196 -26.448474 -27.803395 -27.463176 -26.730285 -26.429363 -27.003311 -27.098539 -27.221623 -27.305726 -26.49424 -26.504402 0 0 0 0 -35.665826 -29.221917 -28.132216 -27.772241 -27.30121 -26.777052 -26.60322 -27.673674 -27.512193 -27.416347 -26.431003 -26.475297 -26.364523 -26.458962 -26.408608 -26.454709 -26.339825 -26.341677 -26.56558 -26.523593 -26.579224 -26.478217 -26.694125 -26.4292 -26.356576 -26.417219 -26.571741 -27.046094 -26.945318 -33.46104 -29.545882 -28.79153 -26.398859 -26.415147 -27.013865 
0 -27.137861 -26.62338 -26.579968 -26.459336 0 0 -39.449015 -26.588589 -26.71843 -26.87836 0 0 -27.545326 -26.238338 -26.298676 -27.018708 -27.477544 -27.996417 -26.433903 -26.464535 -26.465014 -28.730734 -26.988805 -26.715923 -26.359472 -26.355285 -27.776426 -27.069897 -26.665275 -26.295431 -26.290937 -26.281047 -26.567286 -26.445905 -26.396268 -26.208196 -26.25495 -26.471326 -26.715696 -27.339833 -27.039349 -26.279896 -26.564025 -26.923653 -27.044641 -27.305726 -26.451525 -26.49424 0 0 -31.854631 -29.815646 -26.821754 -27.646807 -27.782037 -27.30121 -26.997546 -26.60322 -26.373945 -26.900079 -27.28858 -27.331926 -26.475297 -26.364523 -26.399424 -26.408608 -26.454709 -26.436589 -26.341677 -26.301187 -26.664101 -26.579224 -26.478217 -26.493699 -26.44564 -26.286433 -26.309871 -26.356576 -26.567571 -27.046094 -27.224938 -35.119067 -28.392105 -28.394643 -26.495542 -26.35273 -26.779959 
0 -26.62338 -26.617749 -26.459336 -26.385243 -26.573921 0 0 0 -26.87836 -27.121465 0 0 0 -26.298676 -26.405015 -26.345336 -28.294815 -28.075356 -27.954915 -26.440337 -26.430099 -27.295236 -26.75219 -26.821156 -26.552428 -26.387159 -27.071421 -26.822353 -26.525788 -26.474797 -26.281047 -26.228032 -26.77545 -26.506212 -26.454068 -26.25495 -26.248768 -26.569433 -26.84514 -29.371103 -26.807061 -26.259613 -26.279896 -26.754958 -26.656184 -26.79428 -26.451525 -26.451525 -27.759804 -27.010951 -27.082209 -27.51017 -26.685273 -26.821754 -27.646807 -27.038871 -26.668032 -26.373945 -26.411889 -26.595579 -26.701024 -26.937855 -27.144787 -26.399424 -26.391321 -26.55297 -26.436589 -26.45831 -26.301187 -26.255065 -26.666257 -26.647339 -26.493699 -26.44564 -26.380373 -26.26414 -26.286433 -26.309871 -26.685481 -27.022863 -27.224938 -28.392105 -27.298963 -26.649949 -27.241104 -26.492299 -27.404343 
0 -26.617749 -26.476903 -26.385243 -26.573921 -26.521295 0 0 0 -27.121465 -27.226935 0 0 0 -26.405015 -26.345336 -26.443975 -34.903228 -39.469065 -29.432629 -26.38439 -26.409126 -26.797649 -27.15121 -26.75219 -26.794839 -26.598421 -26.867223 -26.525788 -26.474797 -26.491656 -26.228032 -26.222458 -26.784888 -26.505079 -26.441975 -26.248768 -26.241915 -26.243744 -26.71615 -27.475612 -26.612053 -26.249042 -26.259613 -26.512302 -26.540651 -26.656184 -26.79428 -26.451525 -26.479029 -26.549871 -26.799344 -27.039828 -26.598898 -26.685273 -31.706599 0 -27.82675 -26.411889 -26.533242 -26.400558 -26.702989 -26.787902 -26.882827 -26.391321 -26.372772 -26.74205 -26.576119 -26.459055 -26.255065 -26.241243 -26.251456 -26.49048 -26.599057 -26.450803 -26.46511 -26.361256 -26.26414 -26.362416 -26.822652 -27.112619 -27.022863 -26.900438 -26.649949 -26.905859 -26.396965 -26.535265 -27.592628 
0 -26.719116 -26.432075 -26.579521 -26.521295 -26.446257 -39.471422 0 0 -27.684919 -27.202103 0 0 0 0 -26.443975 -26.477913 -39.5132 -37.313157 -36.62105 -26.386761 -26.382436 -27.446298 -26.797649 -27.046094 -26.598421 -26.794839 -26.730049 -26.732418 -26.574213 -26.547337 -26.222458 -26.250146 -26.906951 -26.74721 -26.568715 -26.241915 -26.243744 -26.256982 -26.625106 -27.652837 -26.703427 -26.237261 -26.249042 -26.454251 -26.512302 -26.540651 -26.837612 -26.363116 -26.479029 -26.479029 -26.549871 -26.799344 -26.548401 -26.598898 -29.970018 -38.787416 -28.929205 -26.533242 -26.400558 -26.397665 -26.642181 -26.652957 -26.764419 -26.372772 -26.355508 -26.742783 -26.698205 -26.567001 -26.241243 -26.251456 -26.241114 -26.368571 -26.425799 -26.635491 -26.634598 -26.46511 -26.361256 -26.516759 -26.96678 -26.928976 -26.87836 -26.900438 -26.566858 -26.396965 -26.641634 -26.375251 -26.862682 
0 -27.234317 -26.579521 -26.522381 -26.446257 -26.407281 -39.541375 0 0 -30.545733 -27.691232 -27.577734 0 0 0 -26.477913 -26.524444 -37.313157 -29.496443 -30.262429 -26.380951 -26.354392 -26.326644 -26.910243 -26.68011 -26.581912 -26.73865 -26.606787 -26.677253 -26.603865 -26.497508 -26.250146 -26.270796 -26.326408 -26.944132 -27.050965 -26.722801 -26.256982 -26.331928 -27.183817 -39.450195 -26.853127 -26.370934 -26.237261 -26.453338 -26.454251 -26.681137 -26.821754 -26.234622 -26.363116 -26.479029 -26.656948 -26.840733 -26.921391 -26.548401 -28.019642 -29.86796 -28.242375 -27.357563 -26.397665 -26.446964 -26.620637 -26.524201 -26.50678 -26.355508 -26.308305 -26.310553 -26.640541 -26.556789 -26.436336 -26.241114 -26.305137 -26.425799 -26.635491 -26.717288 -27.070404 -26.613884 -26.509526 -26.584474 -26.773324 -27.002419 -26.928976 -26.566858 -26.957754 -26.657714 -26.381209 -26.363584 -26.652791 
0 -28.224692 -26.997987 -26.659059 -26.407281 -26.355508 -30.361268 0 0 0 -27.577734 -27.628978 -27.870658 -28.200829 0 -26.533872 -26.522744 -29.496443 -30.262429 -27.298963 -26.354392 -26.326644 -26.328021 -26.655422 -26.643096 -26.581912 -26.606787 -26.429118 -26.743762 -26.886642 -26.616736 -26.270796 -26.326408 -26.322674 -26.720724 -26.89793 -27.033637 -26.331928 -26.37644 -27.002865 -27.919991 -26.947302 -26.587976 -26.203356 -26.298636 -26.646597 -26.805621 -26.538972 -26.236342 -26.234622 -26.432324 -26.656948 -26.819665 -26.840733 -26.881448 -27.56787 -28.316009 -27.672433 -27.499135 -26.446964 -26.488464 -26.524201 -26.50678 -26.454617 -26.308305 -26.310553 -26.253604 -26.448831 -26.498387 -26.608751 -26.305137 -26.373697 -26.640359 -26.717288 -27.070404 -27.691232 -26.396477 -26.613884 -26.583718 -26.692421 -27.155927 -27.002419 -28.03604 -26.657714 -26.634241 -26.427088 -26.398578 -26.694686 
0 -28.910319 -27.429806 -26.880073 -26.355508 -26.321068 -26.33414 -39.51555 0 0 -27.628978 -27.870658 -27.720891 -27.064347 -27.810629 -26.522744 -26.529986 -33.663718 -27.298963 -27.669959 -26.730522 -26.328021 -26.37308 -26.625106 -26.688828 -26.875974 -26.429118 -26.309319 -26.682166 -26.701896 -26.765196 -26.79094 -26.322674 -26.378143 -26.89793 -26.952097 -26.978092 -26.37644 -26.448029 -26.882827 -27.242471 -28.711053 -26.623897 -26.209452 -26.203356 -26.801615 -26.677456 -26.549871 -26.257363 -26.236342 -26.678679 -26.690726 -26.819665 -26.819665 -27.030334 -26.881448 0 -28.770966 -27.404011 -26.488464 -26.556241 -26.536538 -26.454617 -26.413398 -26.400629 -26.253604 -26.228725 -26.378905 -26.387027 -26.400629 -26.373697 -26.334734 -26.756476 -27.005098 -27.691232 -27.894209 -26.422768 -26.396477 -26.639633 -26.829912 -27.151798 -26.634776 -26.766235 -26.565013 -26.427088 -26.351248 -26.287198 -26.485835 
0 -31.854631 -28.457214 -27.376608 -26.321068 -26.33414 -26.330083 -29.167653 0 0 -33.586437 -27.720891 -27.064347 -26.833591 -26.904769 -26.529986 -26.483649 -26.586906 -27.232968 -26.730522 -26.726524 -26.37308 -26.430345 -26.601772 -26.736722 -26.880416 -26.309319 -26.270115 -26.229469 -26.581013 -26.963478 -27.054402 -26.378143 -26.409721 -26.952097 -27.355117 -27.552768 -26.448029 -26.566431 -26.374566 -26.902598 0 -26.53756 -26.20513 -26.209452 -26.735281 -26.629465 -26.536283 -26.501711 -26.257363 -26.662347 -26.678679 -26.690726 -26.340748 -27.620789 -27.636063 0 0 -28.352216 -26.556241 -26.634063 -26.454068 -26.451254 -26.407281 -26.367431 -26.228725 -26.244192 -26.377573 -26.391186 -26.391457 -26.334734 -26.287931 -26.325607 -26.613717 -26.725356 -26.532487 -26.423164 -26.422768 -26.484063 -26.844508 -26.905495 -26.773059 -26.565013 -26.430099 -26.351248 -26.287198 -26.356688 -27.347834 
0 -30.965804 -31.112023 -32.075265 -28.899104 -26.330083 -26.450353 -28.999272 0 0 0 -28.822954 -26.833591 -26.832361 -26.673213 -26.483649 -26.586906 -26.571885 -27.447226 -26.704086 -26.552428 -26.430345 -26.541429 -26.736722 -26.997546 -27.127065 -26.270115 -26.229469 -26.227343 -26.481071 -26.726524 -27.79765 -26.409721 -26.382695 -27.449084 -27.552768 -27.266881 -26.566431 -26.374566 -26.410018 -26.356858 -26.622348 -26.482718 -26.218157 -26.20513 -26.665275 -26.631049 -26.606787 -26.536283 -26.287967 -26.601612 -26.662347 -26.837612 -27.144207 -26.340748 -27.951535 -32.608967 -31.135286 -29.273319 -26.634063 -26.454068 -26.523957 -26.507122 -26.442322 -26.415912 -26.244192 -26.259077 -26.391186 -26.367671 -26.35218 -26.287931 -26.325607 -26.343236 -26.653335 -26.698421 -26.468003 -26.532487 -26.423164 -26.485312 -26.484063 -26.945318 -26.905495 -26.773059 -26.727461 -26.508608 -26.356688 -26.302682 -26.457131 
-27.979781 -26.598421 -39.518487 0 0 -26.450353 -26.634063 -39.448425 0 0 0 0 -26.832361 -26.673213 -26.573193 -26.592297 -26.571885 -26.471425 -26.704086 -27.102294 -26.756984 -26.541429 -27.173355 -26.623208 -27.127065 -26.91061 -26.850234 -26.227343 -26.24528 -26.484167 -26.501822 -27.250733 -26.382695 -26.380053 -26.334834 -27.266881 -27.150623 -27.948165 -26.410018 -26.356858 -26.514169 -26.336983 -26.600172 -26.285454 -26.218157 -26.376566 -26.665275 -26.631049 -26.606787 -26.341109 -26.287967 -27.080138 -27.634878 -27.859868 -27.49814 -27.49814 -28.249079 -28.177473 -28.138276 -27.796219 -26.523957 -26.566289 -26.511605 -26.461968 -26.426523 -26.259077 -26.248987 -26.253063 -26.35218 -26.335431 -26.349183 -26.343236 -26.35816 -26.68736 -26.633707 -26.488041 -26.468003 -26.620808 -26.412642 -26.485312 -26.745236 -26.761581 -26.804759 -27.195101 -27.023327 -26.71029 -26.622864 -27.37493 
-26.987237 -26.67161 0 0 0 -26.634063 -26.785161 0 0 0 0 0 -27.259106 -26.573193 -26.530484 -26.456641 -26.471425 -26.386828 -27.102294 -26.756984 -27.649214 -27.966841 -26.623208 -28.698089 -28.869615 -27.312561 -26.911714 -26.24528 -26.261115 -26.501822 -26.410839 -26.646597 -26.380053 -26.334834 -26.347516 -26.653714 -27.002419 -27.780631 -26.609903 -26.514169 -26.336983 -26.862253 -27.545326 -26.346982 -26.236366 -26.265414 -26.74721 -26.794839 -26.77545 -26.366417 -26.341109 -28.222502 -27.67616 -27.594453 -28.134232 -27.457506 -27.15949 -27.091103 -27.147114 -27.096937 -26.566289 -26.545881 -26.467615 -26.426523 -26.399778 -26.248987 -26.253063 -26.275725 -26.335431 -26.349183 -26.348752 -26.35816 -26.410018 -26.800478 -26.747952 -26.577298 -26.488041 -26.716832 -26.444237 -26.412642 -26.739619 -26.732181 -26.761581 -26.804759 -26.71029 -26.571596 -26.478623 -27.141314 
-26.990892 -26.606787 0 0 0 -26.785161 -26.967194 0 0 0 0 0 -31.458184 -26.530484 -26.456641 -26.458217 -26.386828 -26.352455 -27.051455 -27.231622 -27.731453 -29.529248 0 -29.019335 -28.384523 -27.679902 -27.000642 -26.261115 -26.266416 -26.410839 -26.445993 -26.405743 -26.667045 -26.347516 -26.391933 -26.965952 -27.160086 -28.142335 -26.564448 -26.613717 -26.866224 -26.657714 -27.476577 -27.019628 -26.238944 -26.236366 -27.145368 -27.173965 -27.107161 -26.391865 -26.366417 -28.678874 -27.970275 -27.67616 -27.594453 -26.846725 -27.15949 -27.15949 -27.091103 -26.910978 -26.583416 -26.549737 -26.460554 -26.412793 -26.411664 -26.404217 -26.275725 -26.259494 -26.376126 -26.348752 -26.410615 -26.39323 -26.359873 -26.787078 -27.137288 -26.586296 -26.568142 -26.644566 -26.525176 -26.444237 -26.786804 -26.557064 -26.732181 -26.810539 -26.571596 -26.478623 -26.566716 -27.123347 
-27.113717 -26.618426 -29.163214 -30.352857 0 -26.967194 -27.001974 -26.919889 0 0 0 0 0 -27.145949 -26.458217 -26.48015 -26.352455 -26.302925 -26.408756 -26.802185 -26.860937 -27.552768 -39.469065 -27.016414 -28.04712 -27.372422 -27.021012 -26.266416 -26.260964 -26.263986 -26.405743 -26.39999 -26.433736 -26.391933 -26.380309 -27.148282 -27.507144 -28.060201 -26.613717 -26.666061 -26.507008 -26.645857 -26.488993 -27.396194 -26.26532 -26.238944 -27.293751 -27.722205 -28.520325 -26.439308 -26.391865 -26.509181 -30.238415 -27.970275 -28.287836 -26.650136 -26.846725 -27.15949 -27.247967 -27.237701 -26.652391 -26.528497 -26.471031 -26.425879 -26.404217 -26.42969 -26.259494 -26.25472 -26.486358 -26.410615 -26.39323 -26.359873 -26.332564 -26.396547 -26.52481 -26.389498 -26.51499 -26.568142 -26.560106 -26.525176 -26.912451 -26.786804 -26.557064 -26.843561 -26.987507 -26.922521 -26.613551 -27.752053 
-27.362927 -26.808796 -30.352857 -39.49262 0 -27.001974 -26.919889 -26.973032 0 0 0 0 0 0 -26.901517 -26.474996 -26.302925 -26.408756 -26.404579 -26.860937 -26.635491 -26.609409 -27.016414 -26.832975 -39.527882 -27.072949 -26.862253 -26.260964 -26.263986 -26.267966 -26.39999 -26.433736 -26.446345 -26.380309 -26.303414 -26.975977 -27.289316 -27.586607 -26.666061 -26.507008 -26.517589 -26.488993 -27.066862 -39.537856 -26.295973 -26.26532 -27.370755 -28.231291 -38.933979 -26.421268 -26.418845 -26.393299 0 0 0 -26.644566 -26.650136 -27.274032 -27.247967 -29.023379 -27.527546 -26.594481 -26.497837 -26.474397 -26.442495 -26.441802 -26.25472 -26.246944 -26.554737 -26.521174 -26.471326 -26.332564 -26.396547 -26.365527 -26.440079 -26.400843 -26.389498 -26.51499 -26.756223 -26.560106 -26.933587 -26.912451 -26.856689 -26.987507 -27.127065 -26.85216 -26.702551 -28.520975 
-27.380819 -26.803327 -26.678679 0 0 0 -26.973032 -26.907315 0 0 0 0 0 0 0 -27.330355 -26.631932 -26.404579 -26.545222 -26.635491 -26.609409 -26.573484 -26.575972 -26.491549 -26.647524 -28.25357 -26.711185 -26.660602 -26.267966 -26.275927 -26.45971 -26.446345 -26.463867 -26.303414 -26.250146 -26.276265 -26.858644 -27.4289 -27.224273 -26.517589 -26.390982 -26.69136 -26.60322 -26.722107 -26.34178 -26.309999 -26.309319 -27.726156 -32.457688 -30.175681 -26.385638 -26.348482 0 0 0 -26.558028 -26.644566 -27.735447 -27.701432 -29.023379 0 -30.403817 -26.792885 -26.646782 -26.599693 -26.503951 -26.246944 -26.249759 -26.532864 -26.694552 -26.648827 -26.54694 -26.365527 -26.533872 -26.488252 -26.440079 -26.400843 -26.588589 -27.056871 -27.131586 -27.713054 -27.419911 -27.254906 -27.127065 -26.834515 -27.175188 -26.726056 -28.626023 
0 -26.678679 -26.664687 -31.021041 -31.978703 -39.531403 -26.907315 -26.819665 0 0 0 0 0 0 0 0 -28.865971 -26.545222 -26.61139 -27.041748 -26.573484 -26.575972 -26.491549 -26.647524 -26.451615 -28.060201 -27.127628 -26.624587 -26.275927 -26.303455 -26.502717 -26.472016 -26.45416 -26.250146 -26.276265 -26.24443 -26.462252 -26.632464 -26.821156 -26.390982 -26.315635 -26.50678 -26.529862 -26.489629 -26.694338 -26.309319 -26.341625 -27.757064 -31.579628 -29.381204 -26.348482 -26.339161 0 0 0 -26.643096 -26.558028 -26.737444 -31.498074 0 0 0 -27.417236 -26.746468 -26.659251 -26.553241 -26.249759 -26.260632 -26.25804 -26.669221 -26.912451 -27.03601 -26.533872 -26.581762 -26.442062 -26.488252 -26.484791 -26.779736 -26.994907 -27.212435 -28.374488 -27.713054 -27.419911 -26.834515 -26.496851 -26.573193 -26.892956 -29.819137 
0 -26.664687 -26.826266 -31.978703 -32.058955 -35.503032 -26.819665 -26.715696 0 0 0 0 -39.498503 0 0 0 -36.376884 -26.61139 -26.511953 -27.754333 -26.947302 -26.58982 -26.656948 -26.451615 -26.338499 -27.127628 -27.353492 -26.887339 -26.303455 -26.622005 -26.61139 -26.566005 -26.508722 -26.47172 -26.24443 -26.271447 -26.509987 -26.584777 -26.716377 -26.315635 -26.348536 -26.476702 -26.47761 -26.529986 -26.751189 -26.755463 -26.37751 -29.534775 -30.4648 -30.620178 -26.339161 -26.354838 0 0 0 -26.742783 -26.463581 -26.542731 0 0 0 0 -27.79765 -26.709397 -26.553241 -26.529613 -26.260632 -26.25804 -26.253832 -26.717972 -26.821455 -26.84514 -26.608751 -26.632464 -26.513584 -26.442062 -26.523471 -26.863242 -27.160683 -26.74499 -27.481423 -27.339833 -27.609233 -26.496851 -26.573193 -26.441025 -26.440853 -27.397924 
0 -26.826266 -26.794839 -32.058955 -34.017641 -34.731017 -26.715696 -26.658098 -26.75902 0 0 0 -29.50731 -34.663984 0 0 -31.90055 -26.511953 -26.646782 -26.479538 -27.151798 -26.757746 -26.61758 -26.338499 -26.278 -26.829302 -26.887339 -26.895792 -26.804759 -26.698637 -26.734086 -26.715242 -26.715923 -26.590283 -26.271447 -26.324111 -26.57967 -26.581462 -26.631225 -26.348536 -26.350485 -26.305964 -26.529986 -26.529737 -26.512069 -26.589666 -26.814929 -27.297469 -28.457214 -33.086228 -26.354838 -26.391797 -26.450084 0 0 0 -26.435662 -26.463581 0 0 0 0 0 -27.027052 -26.529613 -26.420092 -26.41408 -26.253832 -26.198683 -26.420092 -26.528868 -26.666257 -26.753949 -26.480661 -26.534758 -26.513584 -26.611887 -26.972193 -26.74499 -26.725123 -26.814047 -27.30196 -27.339833 -26.868892 -26.441025 -26.440853 -27.046094 -28.981786 
0 -26.794839 -26.882827 -34.017641 -34.731017 0 -26.658098 -26.75902 -26.679905 0 0 0 -29.631463 -29.50731 0 0 0 -26.646782 -26.479538 -26.639815 -27.029394 -26.79428 -26.67181 -26.278 -26.285058 -26.552293 -26.653714 -26.685898 -26.676644 -26.737926 -26.715242 -26.804472 -26.680726 -26.74499 -26.324111 -26.367491 -26.581462 -26.631225 -26.622348 -26.350485 -26.305964 -26.311153 -26.529737 -26.512069 -26.589666 -26.749194 -26.607768 -26.5546 -26.901517 -28.226887 -26.446081 -26.450084 -26.498057 0 0 -35.423674 -26.388425 -26.435662 0 0 0 0 0 0 -26.735042 -26.451254 -26.32845 -26.198683 -26.204313 -26.307255 -26.35367 -26.436083 -26.660409 -26.876654 -26.480661 -26.534758 -26.74205 -27.249348 -26.725123 -26.814047 -27.232968 -27.517276 -28.517514 0 -28.077266 -29.217324 0 0 
0 -26.882827 -27.150623 -27.085854 0 0 0 -26.679905 -26.638548 0 0 0 -29.881264 -29.631463 -28.362063 0 0 0 -26.639815 -27.051945 -27.324111 -26.918018 -26.808217 -26.285058 -26.359415 -26.319839 -26.545354 -26.520094 -26.567286 -26.684649 -26.349724 -26.680726 -26.687151 -26.632286 -26.367491 -26.378333 -26.641087 -26.622348 -26.682785 -26.667637 -26.311153 -26.271578 -26.701024 -26.769632 -26.749194 -26.775716 -26.436167 -26.471326 -26.5546 -26.889437 -27.883145 -26.449815 -26.473105 0 0 -29.19004 -26.357027 -26.388425 0 0 -37.427723 -32.494854 -28.858711 0 -37.370151 -26.762353 -26.457381 -26.204313 -26.307255 -26.35367 -26.299191 -26.318081 -26.457566 -27.006442 -26.93436 -27.122022 -27.191316 -27.89899 -28.944491 -28.517514 -31.329301 -36.376884 -32.66754 0 -29.217324 -27.031276 0 0 
0 -27.150623 -27.085854 -27.269018 0 0 -35.34563 -26.638548 -26.716605 0 0 0 -29.783662 -28.362063 -27.625458 0 0 0 -27.051945 -27.061344 -27.758433 -27.283451 -27.105534 -26.359415 -26.319839 -26.441284 -26.520094 -26.487409 -26.404434 -26.349724 -26.329553 -26.687151 -26.632286 -26.645672 -26.378333 -26.377826 -26.377953 -26.612718 -26.64273 -26.584474 -26.271578 -26.252187 -26.569864 -26.86556 -27.104993 -26.895436 -26.503389 -26.436167 -26.471326 -26.625106 -26.889437 -26.568286 -26.449815 -39.466707 -39.492032 -27.499135 -26.393093 -26.357027 -27.561362 -32.494854 -28.005286 -29.568307 -29.809206 -28.858711 0 -37.090783 -26.874277 -26.308896 -26.354336 -26.299191 -26.318081 -26.41234 -26.343758 -26.402487 -27.13329 -28.122191 -33.485786 0 0 -31.329301 -32.513599 -32.66754 -30.944048 -39.49262 -27.031276 -26.956942 0 0 
0 0 -27.269018 -27.165478 0 -35.34563 -31.90055 -26.716605 -26.800762 0 0 -34.46892 0 -27.625458 -27.32256 0 0 0 -27.061344 -28.914077 -27.427996 -27.279086 -27.272595 -27.195734 -26.441284 -26.548401 -26.487409 -26.404434 -26.446787 -26.326644 -26.229027 -26.87124 -26.869561 -26.739134 -26.377826 -26.377953 -26.422372 -26.539746 -26.511373 -26.56304 -26.252187 -26.2357 -26.555146 -26.93166 -27.436175 -26.794839 -26.423641 -26.430345 -26.468586 -26.574213 -26.996665 -27.12594 -26.568286 -28.392105 -27.790519 -26.868223 -26.477812 -26.553105 -26.887688 -27.157112 -27.257703 -28.005286 -28.595689 -29.809206 -37.090783 0 -28.108314 -26.413246 -26.422689 -26.385836 -26.41234 -26.343758 -26.402487 -26.752441 -26.734564 0 0 0 0 -32.513599 -33.339721 -30.944048 -39.49262 -33.612023 -26.956942 -26.960607 0 0 
0 0 -27.165478 -27.080138 0 -31.90055 -35.665826 -26.800762 -26.827782 -27.003311 -34.46892 0 0 -27.32256 -27.226935 0 0 -29.469568 -39.457274 -27.427996 -27.023791 -26.716377 -26.823553 -27.007791 -26.548401 -26.517351 -26.773854 -26.450623 -26.326644 -26.229027 -26.18461 -26.198491 -26.615895 -27.195734 -26.899003 -26.422372 -26.539746 -26.511373 -26.56304 -26.548002 -26.2357 -26.238616 -26.233529 -26.8736 -27.373257 -26.690726 -26.331635 -26.402343 -26.430345 -26.54234 -26.86556 -26.870904 -26.873939 -27.013675 -26.80735 -26.633885 -26.860937 -26.440853 -26.553105 -26.814635 -27.157112 -27.257703 -39.08394 -28.595689 0 -28.108314 -39.524946 -27.391889 -26.385836 -26.926307 -26.864234 -26.89331 -26.765716 -26.734564 -26.514756 -26.698205 -31.10047 0 0 -33.339721 0 -39.503796 -33.612023 0 -26.960607 -27.14016 -27.196368 0 
0 0 -27.080138 -27.068377 0 -35.665826 -39.501443 -26.827782 -27.003311 -26.860609 0 0 0 -27.226935 -27.201463 0 -29.469568 -31.206363 -26.815518 -26.940983 -26.716377 -26.823553 -26.528249 -26.692209 -26.517351 -26.564448 -27.298216 -26.806773 -26.448118 -26.18461 -26.198491 -26.188071 -26.279584 -26.400274 -26.842616 -26.547072 -26.43871 -26.660215 -26.64328 -26.647896 -26.238616 -26.233529 -26.2406 -26.521898 -26.918391 -26.579968 -26.262634 -26.331635 -26.402343 -26.492407 -26.687151 -26.624587 -26.646412 -26.873939 -26.594324 -26.619105 -26.633885 -26.363759 -26.440853 -26.968439 -26.814635 -27.722205 0 -27.253512 0 -39.536097 -27.391889 -31.316746 -27.217011 -26.864234 -26.89331 -26.837302 -26.922144 -26.514756 -26.698205 -26.721415 -28.794987 0 0 0 0 0 0 0 -27.14016 -27.196368 -27.939793 0 
0 0 -27.068377 -27.160086 -26.809958 -39.501443 -33.905309 -28.425525 -26.860609 -26.600651 0 0 0 -27.201463 -27.341425 0 -31.206363 -26.815518 -26.940983 -26.458962 -26.506894 -26.528249 -26.692209 -26.924031 -26.564448 -26.948098 -27.270446 -27.088472 -26.806484 -26.502157 -26.188071 -26.265227 -26.276807 -26.266165 -26.329698 -26.43871 -26.831747 -26.672611 -26.642181 -26.626494 -26.554737 -26.2406 -26.269824 -26.640723 -26.919514 -26.493375 -26.242539 -26.262634 -26.43092 -26.472016 -26.584474 -26.646412 -26.585232 -26.899003 -26.861594 -26.594324 -26.619105 -26.322998 -26.363759 -26.715696 -26.968439 -30.933241 0 -26.871576 -27.253512 0 -38.367001 -27.217011 -27.728801 -26.409721 -26.837302 -26.824154 -27.092688 -27.119795 -26.721415 -26.818773 -31.552176 0 0 -31.750216 -28.855094 0 0 0 0 -27.939793 -29.417038 0 
0 0 -27.160086 -26.809958 -26.89049 -35.423674 -28.425525 -28.770966 -26.600651 -26.585687 0 0 0 -27.341425 -27.163675 -29.163214 0 -27.616147 -26.458962 -26.466938 -26.229843 -27.852236 -26.924031 -27.867563 -26.948098 -27.108793 -26.553648 -26.644381 -26.900438 -26.816403 -26.265227 -26.276807 -26.266165 -26.329698 -26.324484 -26.360046 -26.672611 -26.642181 -26.537048 -26.521295 -26.51499 -26.269824 -26.286797 -26.598263 -26.78653 -26.614888 -26.493375 -26.242539 -26.476702 -26.531109 -26.61139 -26.585232 -26.656566 -26.772795 -26.849594 -26.861594 -26.944527 -26.57967 -26.322998 -26.753697 -27.491211 -30.86938 -29.226523 -26.648455 -26.871576 0 0 -27.728801 -26.409721 -26.431827 -26.536155 -27.092688 -27.388464 -27.504131 -26.818773 -26.914299 -29.458933 0 -31.750216 -28.855094 -32.628377 0 -36.721963 0 0 -29.417038 -39.487323 0 
0 0 0 -26.89049 -28.209447 -33.561021 -28.770966 -29.469568 -26.585687 -26.618765 0 0 0 -27.163675 -29.163214 -28.222502 0 0 -27.963419 -26.229843 -26.479742 -26.568286 -29.039667 0 -28.607685 -26.553648 -26.644381 -26.661182 -26.526524 -26.643646 -26.406474 -26.476702 -26.371239 -26.324484 -26.360046 -26.38328 -26.422293 -26.537048 -26.521295 -26.528002 -26.504064 -26.286797 -26.306296 -26.78653 -27.153564 -26.870904 -26.614888 -26.255065 -26.513818 -26.636746 -26.758765 -26.656566 -26.611556 -26.435914 -27.063845 -26.849594 -26.906586 -27.029864 -26.316121 -26.558719 -27.731453 -27.835664 -27.71958 -26.45831 -26.648455 -28.07345 0 -28.392105 -26.431827 -26.699286 -26.489842 -27.391031 -28.492492 -30.756496 -26.914299 -28.717582 0 0 -39.449605 0 0 0 -33.222284 -36.721963 0 -39.470244 0 0 
0 0 0 -28.209447 -30.327816 0 -39.525534 -36.773143 -26.618765 -26.550005 -26.654093 0 0 0 -28.222502 -27.295236 0 0 0 -26.479742 -26.568286 -27.317157 -29.984034 0 0 0 -26.661182 -26.526524 -26.643646 -26.860609 -26.476702 -26.480866 -26.463677 -26.428792 -26.38328 -26.422293 -26.454892 -26.285058 -26.532236 -26.512186 -26.499933 -26.306296 -26.323553 -26.417759 -28.088802 -30.092394 -26.970104 -26.227183 -26.255065 -26.513818 -26.763126 -26.611556 -26.435914 -26.635133 -26.880416 -27.038393 -27.049499 -26.994907 -26.306047 -26.316121 -27.260513 -27.392748 -27.064849 -26.67141 -26.45831 -27.051945 -28.07345 -28.509118 -27.285644 -26.489842 -26.606624 -33.850315 -39.512612 0 -28.717582 0 -27.8958 -29.579626 0 -39.449605 -39.537856 0 0 -33.222284 0 0 -28.156665 0 
0 0 0 -30.327816 -27.173965 0 0 -34.565342 -26.550005 -26.654093 -26.57656 0 0 -39.463171 -27.295236 -26.79205 0 0 0 0 -30.879908 0 0 0 -35.665826 -28.884284 0 -39.491443 -27.090049 -26.870904 -26.480866 -26.463677 -26.534758 -26.604674 -26.483441 -26.454892 -26.285058 -26.302033 -26.698853 -26.60435 -26.565296 -26.323553 -26.417759 -26.344335 -26.7482 -26.79456 -26.439908 -26.237861 -26.227183 -26.948098 -27.866019 -27.924904 -26.635133 -26.849914 -26.772266 -27.09747 -27.038393 -26.749194 -26.292749 -26.306047 -26.957348 -26.788453 -26.469854 -26.440079 -26.51747 -26.855066 -29.619814 0 -28.500777 -26.606624 -26.782168 0 0 0 0 -26.411964 -26.829607 -27.763931 -29.579626 0 -27.855281 -36.282333 0 0 0 -39.47319 -26.374379 -27.4217 
0 0 0 -27.173965 -27.277638 0 -39.459043 -29.696895 -28.688448 -26.57656 -26.524322 0 0 -32.2261 -26.79205 -26.706289 0 0 0 0 0 0 0 -35.665826 -28.884284 -27.427996 -26.726992 0 0 0 -28.691654 -26.534758 -26.839482 -26.720034 -26.591986 -26.547072 -26.302033 -26.30555 -26.715242 -26.781085 -26.6258 -26.518183 -26.344335 -26.307884 -26.515343 -26.602897 -26.536921 -26.314842 -26.237861 -26.803041 -26.693272 -26.718658 -26.819962 -26.762096 -26.589666 -26.817586 -26.964301 -26.735761 -26.317634 -26.292749 -26.57863 -26.349291 -26.372956 -26.469854 -26.440079 -26.51747 0 0 0 -26.782168 -29.081164 0 0 0 -27.944808 -26.307255 -26.411964 -26.829607 -27.763931 0 -26.904407 -27.855281 -36.282333 -39.489089 -39.526121 -39.501443 -26.390171 -26.374379 
0 0 0 -27.277638 -27.592204 -27.01733 0 -31.498074 -28.108314 -26.524322 -26.514286 0 0 0 -26.706289 -26.822053 -26.750689 -31.316746 0 0 0 0 0 0 -27.427996 -26.726992 -26.413929 -26.681342 0 0 0 -27.724837 -27.314089 -26.769632 -26.614553 -26.576708 -26.30555 -26.298281 -26.33335 -26.663125 -26.712083 -26.472807 -26.307884 -26.342871 -26.541559 -26.679087 -26.602897 -26.536921 -26.314842 -26.456087 -26.526033 -26.684649 -26.718658 -26.589666 -26.615391 -26.674823 -26.939025 -26.691784 -26.61472 -26.317634 -26.273785 -26.330132 -26.349291 -26.372956 -26.698637 -27.862938 0 0 0 -29.591017 -29.056131 0 -34.046225 -29.015301 -27.944808 -26.273884 -26.307255 -26.905132 -28.534476 -28.094617 -29.366075 -26.904407 -28.717582 -36.773143 -39.489089 -39.526121 -26.537816 -26.390171 
0 0 0 -27.592204 -27.01733 -27.071421 0 0 -30.716734 -26.514286 -26.514286 0 0 0 -26.822053 -26.750689 -26.921015 -27.290791 -27.632513 -39.448425 0 0 0 0 -30.509404 -26.413929 -26.681342 -26.373636 0 0 0 0 0 -28.335179 -26.777587 -26.569576 -26.298281 -26.33335 -26.340081 -26.593387 -26.566289 -26.601451 -26.342871 -26.541559 -26.749692 -26.871913 -26.825662 -26.696911 -26.297966 -26.486254 -26.456087 -26.526033 -26.684649 -26.615391 -26.665864 -26.542079 -26.531609 -26.649201 -26.515579 -26.18859 -26.374752 -26.273785 -26.330132 -26.614888 -27.876881 0 0 0 0 -39.47908 -26.653335 -28.812401 -27.638438 -27.200185 -26.790663 -26.273884 -26.273884 -26.997105 -27.526512 -26.962246 -27.324111 -26.538073 -27.966841 -39.485557 0 -34.597972 -26.553241 -26.537816 
0 0 0 0 -27.071421 -26.930124 0 0 0 -26.514286 -26.483027 -26.579224 0 0 0 -26.921015 -27.290791 -27.632513 -27.072439 -27.185683 -29.649077 -31.854631 0 0 0 -28.41773 -26.373636 -26.439565 -26.846408 -28.740682 0 0 0 0 -29.901391 -26.896859 -26.619105 -26.340081 -26.415529 -26.566289 -26.596523 -26.612552 -26.66371 -26.849594 -27.209835 -26.985782 -27.547445 -26.881104 -26.339825 -26.297966 -26.599216 -26.704965 -26.705626 -26.665864 -26.542079 -26.531609 -26.678475 -26.656184 -26.410093 -26.229236 -26.18859 -26.374752 -26.63052 -27.222946 -31.978703 -28.077266 -29.072774 -33.412034 -30.482535 -28.685249 -26.498717 -26.653335 -27.019168 -26.698853 -26.535519 -26.271643 -26.273884 -26.92783 -27.055882 -26.792328 -26.962246 -26.532361 -26.538073 -30.303062 -27.891034 -27.499135 -26.458403 -26.553241 
0 0 0 0 -26.930124 -26.773589 0 -36.329392 -29.678817 -26.483027 -26.579224 -26.499711 -37.724551 0 0 -27.674916 -28.032373 -27.072439 -27.185683 -27.254906 -27.486301 -29.545882 -29.06443 0 0 0 -26.439565 -26.790109 -27.125379 -27.160086 -28.043413 -34.799096 0 -29.366075 0 -29.0896 -27.103372 -26.415529 -26.628238 -26.596523 -26.612552 -26.656566 -26.604512 -26.611556 -26.985782 -26.848317 -26.67141 -26.804186 -26.347731 -26.339825 -26.678067 -26.723496 -26.815224 -27.052926 -26.871576 -26.814635 -26.92783 -26.991847 -26.656184 -26.410093 -26.229236 -26.820559 -27.481423 0 0 -26.365942 -26.75194 -27.786268 -27.545326 -27.419018 -26.402918 -26.498717 -26.62338 -26.493591 -26.462631 -26.500376 -26.271643 -26.92783 -27.025652 -26.841046 -26.792328 -26.54417 -26.532361 -27.999956 -27.290791 -27.335867 -27.178871 -26.458403 
0 0 0 0 -26.773589 -26.856689 -36.329392 -29.678817 -28.017836 -27.977179 -26.499711 -28.340022 -28.428134 -37.48588 0 -28.032373 -27.762553 -27.24384 -27.254906 -27.486301 -27.768076 -27.977179 -26.889437 0 0 0 -26.790109 -27.125379 -27.160086 -28.043413 -27.69377 -27.954915 -29.366075 -26.894017 0 0 -28.554557 -26.775716 -27.039349 -26.785435 -26.656566 -26.604512 -26.413322 -26.349778 -26.294583 -26.67141 -26.720724 -26.700806 -26.352455 -26.347731 -26.677253 -26.748449 -26.783526 -26.964301 -27.91348 -27.91348 -28.167019 -28.592707 -27.585493 -26.702551 -26.411288 -29.86796 0 0 -28.757424 -26.330277 -26.365942 -27.178255 -27.049011 -26.939807 -26.335132 -26.402918 -26.493483 -26.431993 -26.42733 -26.462631 -26.409349 -26.888387 -27.025652 -26.797367 -26.841046 -26.532236 -26.54417 -27.588841 -27.744839 -27.290791 -27.335867 -27.688701 
0 0 0 0 -26.856689 -27.096404 -26.895792 -28.017836 -27.977179 -27.770851 -28.340022 -28.428134 -37.48588 -33.268805 -35.964553 -27.762553 -27.041748 -26.550273 -27.465075 -27.768076 -27.977179 -26.889437 -26.818476 -28.554557 -29.619814 -39.507911 -27.475612 -27.911859 -27.58438 -27.69377 -27.954915 -27.759804 -26.894017 -26.832054 -38.299605 -29.709046 0 -28.467962 -39.491443 -27.391889 -26.612219 -26.413322 -26.349778 -26.294583 -26.301872 -26.402559 -26.700806 -27.018248 -26.826872 -26.352455 -26.63052 -26.624587 -26.658866 -27.044158 -28.446559 -27.004203 0 0 0 -28.983414 -26.702551 0 0 0 -27.503129 -26.306338 -26.330277 -26.816994 -26.725823 -26.684857 -26.670812 -26.335132 -26.425237 -26.405233 -26.431993 -26.42733 -26.514638 -26.409349 -26.835442 -26.797367 -26.797367 -26.983205 -26.532236 -27.82675 -27.588841 -27.744839 -27.889451 -28.200829 
0 0 0 0 -27.096404 -26.895792 -26.928594 -28.84072 -27.770851 -28.462576 -29.529248 -26.682992 -33.268805 -35.964553 -31.032236 -27.041748 -26.550273 -26.380887 -27.274032 -27.864477 -28.04712 -26.818476 -27.035059 -27.474648 -26.922521 -27.045125 -27.911859 -27.58438 -27.76531 -33.315929 -27.759804 -27.65042 -26.832054 -27.211134 -29.709046 0 -28.906571 0 0 0 0 -27.455626 -26.617242 -26.301872 -26.402559 -26.582212 -26.376377 -27.018248 -27.080138 -26.508722 -26.77042 -26.738409 -26.624587 -26.658866 -26.957754 -26.339008 -32.075265 -39.506735 -27.148866 -26.849594 -33.663718 0 0 -29.371103 -27.067367 -26.277453 -26.306338 -26.526401 -26.529737 -26.630168 -26.643096 -26.22996 -26.390576 -26.425237 -26.405233 -26.498387 -26.442842 -26.527385 -26.674218 -26.763643 -26.797367 -26.81229 -26.665079 -27.75161 -27.82675 -28.144371 -27.379974 -28.229087 
0 -29.396469 0 0 0 -26.928594 -27.086377 -39.516137 -30.21467 -29.529248 -26.682992 -26.781085 -26.965952 0 0 -27.746189 -26.380887 -26.370934 -26.90768 -27.965128 -28.514709 -27.035059 -27.474648 -26.922521 -27.045125 -26.939807 -27.147698 -27.76531 -27.016872 0 0 0 -27.211134 -32.570487 -32.420944 -28.906571 0 -30.055625 -39.466118 -30.23047 0 0 0 -32.260642 -27.088998 -26.660795 -27.035534 -26.376377 0 -27.06939 -26.508722 -26.930508 -26.738409 -26.64328 -26.339008 -26.878019 -27.086377 -26.767277 -26.678271 -27.148866 -26.849594 -28.394643 -36.571302 -28.016034 -27.05391 -26.259703 -26.277453 -26.475898 -26.526401 -26.529737 -26.586753 -26.229446 -26.22996 -26.390576 -26.515226 -26.834824 -26.325372 -26.442842 -26.678883 -26.674218 -26.763643 -26.81229 -26.715696 -26.665079 -29.654987 -27.819387 -27.18818 -27.379974 
0 -27.823797 0 0 0 -27.086377 -27.259809 0 -31.242645 -32.420944 -26.781085 -26.965952 -27.129886 0 0 0 -26.370934 -26.36773 -26.767017 -27.004203 -28.847889 -28.574959 -27.632513 -27.293751 -26.823553 -26.882827 -27.281993 -27.016872 -26.736481 -36.671268 -27.66626 -28.213782 -32.570487 -32.420944 0 0 -30.055625 -39.466118 -30.23047 -26.762869 0 0 0 0 0 0 0 0 0 0 -27.06939 -31.418869 0 0 -26.878019 -27.086377 -27.966841 -27.695042 -26.767277 -26.678271 -28.071547 -29.758459 -27.661354 -29.401588 -27.264751 -26.361719 -26.259703 -26.461874 -26.475898 -26.605973 -26.69136 -26.295896 -26.229446 -26.63567 -27.025186 -26.729106 -26.61472 -26.325372 -26.642913 -26.844192 -27.081691 -26.926687 -26.715696 -26.715696 -35.193357 -27.915104 -27.076018 -27.18818 
0 -27.448154 0 0 0 -27.259809 -27.575531 -31.242645 -29.88795 -29.822108 -31.206363 -27.129886 -27.701432 0 0 -31.40589 -26.36773 -26.340954 -26.958975 -27.00153 -27.199547 -31.794506 -27.783445 -26.823553 -26.879045 -26.719575 -27.061344 -26.736481 -26.743517 -27.66626 -26.93243 -26.516996 -27.088998 0 0 0 0 -39.493797 -26.762869 -26.549202 -28.84072 0 0 0 0 0 0 0 0 0 0 0 0 0 0 0 0 0 0 0 -29.758459 -27.661354 -26.775983 -28.34245 -27.76531 -26.511721 -26.23083 -26.278069 -26.669022 -26.80133 -26.828998 -26.442148 -26.295896 -27.385056 -27.610381 -27.171527 -26.729106 -26.61472 -27.080138 -27.225603 -27.401396 -27.127628 -27.187555 -26.715696 -28.619793 -27.099073 -26.67181 -27.076018 
0 -27.16789 0 0 0 -27.575531 -28.316009 -27.713054 -29.822108 -31.206363 -33.363668 -27.701432 -26.780545 0 0 0 -26.340954 -26.798778 -26.341522 -27.199547 -27.954915 -30.27859 -31.750216 -26.879045 -26.719575 -27.061344 -27.059351 -26.743517 -26.661958 -26.65714 -26.516996 -26.577298 -26.420954 -26.961016 -34.597972 0 0 0 -26.549202 -26.759531 -26.494023 -27.135 -33.46104 0 0 -28.682058 0 0 0 0 0 0 0 0 0 0 0 0 0 0 -29.678817 -26.775983 -26.355677 -27.391889 -27.732782 -27.537955 -26.245895 -26.23083 -27.024721 -27.191316 -27.523421 -26.89049 -26.442148 -26.783254 -34.731017 -28.653676 -27.624288 -29.043766 -26.822353 -39.08394 -28.306541 -28.118208 -28.999272 -27.187555 -26.360103 -26.669022 -26.555693 -26.67181 
-39.44886 -26.87973 -28.563261 -31.839483 0 -28.316009 -27.713054 -28.449214 0 -38.787416 -27.801956 -26.780545 -26.537816 0 0 0 -26.798778 -26.341522 -26.781897 -27.466027 -30.27859 0 -28.659931 -26.823252 -27.328789 -27.059351 -27.418126 -26.661958 -26.65714 -26.578927 -26.577298 -26.420954 -26.607604 -26.488675 -26.543515 0 0 0 -26.759531 -26.494023 -27.12258 -27.547445 -27.514222 -31.021041 -28.682058 -28.010646 0 0 0 0 0 0 0 0 0 0 0 0 0 0 -39.474957 -26.355677 -26.333448 -26.873262 -27.928193 -27.732782 -26.264543 -26.239858 -27.015043 -27.077045 -27.536907 -26.721415 -26.783254 -26.490054 -32.476218 -30.697101 -31.279435 -27.838655 -27.005098 0 -28.407414 0 0 -26.454984 -27.141891 -26.360103 -26.669022 -26.555693 
-39.469651 -26.91504 -26.644014 -27.777825 -28.884284 0 -28.449214 -31.649461 0 0 -28.770966 -26.537816 -26.840107 -27.205957 0 0 -28.389572 -26.781897 -27.299711 -39.447244 -32.14139 0 -26.823252 -26.895081 -29.287623 -27.691232 -27.423493 -27.655261 -26.578927 -26.521536 -27.353492 -26.607604 -26.488675 -26.543515 -26.306796 -28.574959 0 0 0 -27.12258 -27.547445 -27.514222 -31.021041 -34.2221 -28.010646 -27.226935 0 0 0 0 0 0 0 0 0 0 0 0 0 0 0 -26.333448 -26.313095 -26.594637 -26.708951 -27.624288 -26.239858 -26.25406 -26.618426 -26.575825 -26.71029 -27.035059 -26.490054 -26.43191 -30.639171 -29.331297 -29.051998 -27.005098 -26.827175 -28.407414 -32.075265 0 0 -26.662152 -26.454984 -27.141891 -27.202103 -28.318388 
0 -26.644014 -26.825058 -27.982389 -27.487281 -28.016034 -31.649461 -32.295569 0 0 0 -26.840107 -27.205957 -27.031276 0 -28.389572 -27.814997 -27.299711 -26.511953 -32.14139 0 0 -26.895081 -26.890841 -26.918765 -27.743491 -27.512193 -27.624288 -26.521536 -26.494999 -28.514709 -27.357563 -26.746962 -26.306796 -26.325279 -26.286106 -27.277638 0 0 -39.524359 0 0 -34.2221 -39.524359 -27.226935 -26.858644 -27.098004 0 0 0 0 0 0 0 0 0 0 0 0 -28.574959 0 -26.313095 -26.34261 -26.608095 -26.521536 -27.119795 -26.25406 -26.314886 -26.281047 -26.555556 -26.524566 -26.593543 -26.43191 -26.3647 -29.331297 -29.051998 0 -26.827175 -26.783526 -26.784888 0 -36.053325 -30.796934 -26.485835 -26.340645 -26.492192 -26.868223 0 
0 -26.825058 -26.958567 -27.487281 -27.784855 -27.361658 -27.34703 -26.925927 0 0 0 -31.947195 -27.031276 -26.922521 -28.162866 -28.231291 -27.559205 -26.511953 -26.54509 0 0 0 -26.890841 -26.918765 -27.102833 -27.512193 -27.388464 -27.338244 -26.494999 -26.545222 -28.084942 -28.00707 -27.54957 -26.325279 -26.286106 -26.342766 -26.43092 -26.778123 0 0 0 0 0 0 -26.858644 -27.098004 -26.851839 0 0 0 0 -29.217324 0 0 0 0 0 0 -28.574959 -28.921621 0 -26.34261 -26.444499 -26.521536 -26.486463 -26.543384 -26.314886 -26.281047 -26.304848 -26.524566 -26.575825 -26.679496 -26.3647 -26.35005 0 0 0 -26.783526 -26.784888 -26.952901 -36.053325 -30.796934 -28.056446 -26.340645 -26.376252 -26.580864 -26.544959 0 
0 -26.958567 -26.952097 -27.784855 -27.361658 -27.34703 -26.925927 -26.632464 -27.037915 -29.306891 -29.119493 -28.287836 -26.922521 -26.596997 -27.325667 -27.565695 -28.777787 -26.54509 -26.764937 -27.131586 0 0 0 -27.102833 -27.543213 -27.388464 -27.338244 -27.395331 -26.545222 -26.539875 -26.582363 -27.618465 -27.816458 -28.51191 -26.342766 -26.43092 -26.712757 -26.454525 -26.632641 -30.509404 0 0 0 0 0 -26.851839 -26.868223 0 0 0 -29.217324 -27.207247 -35.119067 0 0 0 0 0 -28.921621 0 0 -26.444499 -26.605323 -26.328259 -26.543384 -26.633885 -26.799061 -26.304848 -26.366476 -26.575825 -26.679496 -26.866557 -26.35005 -26.330518 -26.498057 0 0 0 -26.952901 -26.943737 0 -31.916017 -29.491035 -26.376252 -26.380951 -26.319025 -26.803899 -32.280689 
0 -26.952097 -26.714563 -27.669959 -27.229609 -27.323335 -26.632464 -27.037915 -27.873765 -27.779227 -27.822325 -27.22361 -26.596997 -26.424917 -27.247277 -27.713054 -27.573335 -26.764937 -27.131586 -27.481423 -30.438459 -31.316746 0 -27.543213 -27.565695 -27.160086 -26.828389 -26.984921 -26.539875 -26.582363 -26.572756 -27.522394 -27.740801 -28.688448 -26.655613 -26.712757 -26.454525 -26.632641 -26.540133 -26.605323 -27.544269 -30.198987 0 0 0 -26.868223 -27.051455 -34.046225 -39.472601 0 -27.207247 -35.119067 -27.401396 0 0 0 0 0 0 0 0 -26.883518 -26.328259 -26.486568 -26.633885 -26.799061 -27.124818 -26.366476 -26.411363 -26.997105 -26.953707 -26.902959 -26.330518 -26.498057 -26.373203 -27.968556 -28.311265 -28.678874 -26.943737 -26.671211 0 -29.545882 -34.046225 -26.380951 -26.319025 -26.34044 -26.882482 -29.767101 
0 -26.714563 -26.505305 -27.229609 -27.377448 -27.718271 -27.949849 -27.873765 -27.665031 -26.936298 -27.080655 -27.264751 -26.424917 -26.298163 -26.935134 -27.573335 -27.702715 -27.601241 -27.481423 -27.153564 -28.979475 -28.540182 -29.501868 -27.565695 -27.160086 -26.828389 -26.816403 -26.751689 -27.142469 -26.572756 -26.640359 -27.740801 -28.688448 -31.279435 -26.782439 -26.908411 -26.861924 -26.540133 -26.605323 -26.640541 -26.622864 -26.602575 0 0 0 -27.051455 -27.740801 -33.98926 -29.411872 -31.735603 -38.573695 -27.401396 -26.944132 0 0 0 0 0 0 0 0 0 -26.486568 -26.787353 -26.975555 -27.124818 -27.256303 -26.411363 -26.441025 -27.081172 -26.978092 -26.789004 -26.72489 -26.373203 -26.309319 -27.189432 -27.369092 -27.705288 -26.671211 -26.503726 -29.545882 -30.796934 -34.97403 -29.643187 -26.34044 -26.364464 -26.726992 -27.735447 
0 -26.505305 -26.901157 -26.646782 -28.058322 -28.325555 -30.206814 -35.583738 -28.537326 -27.665031 -26.936298 -26.932045 -26.298163 -26.288151 -26.285635 -26.944132 -27.601241 -28.335179 -27.153564 -26.789556 -28.540182 -29.501868 -32.402728 -39.469065 -28.500777 -26.816403 -26.751689 -27.142469 -27.374093 -26.640359 -26.584625 -33.769244 -34.597972 -39.449605 -26.908411 -27.335867 -27.011857 -26.940199 -26.640541 -26.622864 -26.602575 -26.313922 0 0 0 -27.740801 -30.327816 -27.554908 -29.346113 -28.647451 -31.735603 -26.944132 -27.107704 0 0 0 0 -28.812401 0 0 0 0 -26.830829 -27.512193 -27.817921 -27.256303 -27.380819 -26.441025 -26.443016 -26.378206 -26.789004 -26.649761 -26.534378 -26.309319 -26.285094 -26.805046 -26.948496 -27.187555 -26.503726 -26.443887 -26.518898 -34.97403 0 -39.539616 -26.364464 -26.41939 -26.564448 -27.190071 
0 -26.901157 -26.646782 -27.065352 -28.325555 -28.014235 -27.855281 -28.062083 -27.560283 -28.537326 -30.129836 -28.520325 -26.288151 -26.285635 -26.326597 -26.942948 -26.943343 -27.143048 -26.789556 -26.626494 -30.838065 -32.402728 -39.469065 0 0 -27.933147 -27.225603 -27.374093 -28.306541 -26.584625 -26.572175 -39.466118 -39.46435 0 -27.335867 -27.011857 -27.855281 -27.152974 -26.885251 -26.653714 -26.313922 -26.291125 -26.862912 0 0 -30.327816 -27.554908 -29.346113 -28.647451 -31.735603 -31.279435 -27.107704 -27.378289 0 0 0 -28.812401 0 -39.461991 0 0 0 -29.802788 -29.115187 0 -27.380819 -27.536907 -26.443016 -26.378206 -26.390441 -26.649761 -26.534378 -26.557477 -26.285094 -26.261417 -26.616736 -26.842301 -27.276915 -26.443887 -26.518898 -26.46559 0 0 0 -26.41939 -26.498717 -26.513117 -27.091495 
0 0 -27.065352 -26.985782 -28.014235 -27.855281 -28.659931 -29.715151 -27.998185 -27.560283 -32.174996 -27.349446 -27.085332 -26.326597 -26.387359 -26.943343 -27.060346 -26.751189 -26.626494 -26.47842 -26.745975 -34.46892 -32.647901 -39.474368 0 -28.316009 -28.467962 -28.306541 -28.619793 -26.572175 -26.521174 -26.618087 -30.629655 -31.458184 0 -28.140304 -28.944491 -27.971996 -27.295979 -27.102294 -26.291125 -26.355789 -26.305385 -26.991847 0 0 -31.458184 -31.931565 -39.448425 -31.279435 -39.469065 -27.378289 -27.182577 -27.181957 0 0 0 -39.461991 0 0 0 0 0 -39.456094 -30.976754 -28.352216 -27.232295 -27.557053 -26.390441 -26.404579 -26.858971 -26.583869 -26.491014 -26.261417 -26.277898 -26.272266 -26.93166 -27.759804 -28.320772 -26.46559 -26.450353 0 0 0 -26.498717 -26.629992 -26.656184 -27.448409 
0 0 -26.985782 -26.946111 -27.715659 -27.880008 -27.620789 -26.951295 -27.302712 -27.998185 -27.204027 -27.085332 -27.043675 -26.387359 -26.494999 -27.060346 -26.751189 -26.700154 -26.47842 -26.683405 -26.569864 -32.647901 -30.639171 -30.429748 -32.108149 -26.62754 -28.830034 -28.822954 -28.092675 -26.521174 -26.618087 -26.57863 -29.019335 -27.618465 -27.619626 -28.944491 -27.493185 0 -28.625889 -27.660132 -26.355789 -26.305385 -26.366417 -27.117577 -28.545912 0 -31.931565 -34.374646 0 -39.483202 -38.23294 -27.182577 -27.181957 -26.762353 0 0 0 0 0 0 0 0 0 -30.976754 -31.994583 -34.630852 -27.557053 -28.03604 -26.404579 -26.478521 -27.244526 -26.970521 -26.702989 -26.277898 -26.272266 -26.293854 -27.25004 -28.563261 -28.862336 -26.450353 -26.427492 0 0 0 -26.629992 -26.901157 -26.467131 -28.054366 
0 0 -26.946111 -27.715659 -27.880008 -27.633694 -27.415458 -27.254906 -26.951295 -27.204027 -26.710066 -26.760299 -27.095872 -26.494999 -26.508035 -27.891034 -27.190687 -26.700371 -26.683405 -26.569864 -26.527509 -28.359593 -29.802788 -30.04835 -26.62754 -26.644014 -32.532452 -29.585312 -28.963825 -28.43337 -26.57863 -26.550407 -27.618465 -27.542158 -27.191316 -27.357563 -26.819665 0 -37.145553 -28.48153 -27.608086 -26.366417 -26.386232 -28.269432 -30.648727 0 -34.374646 0 0 0 0 -36.473191 -26.762353 -26.484583 0 0 0 0 0 0 0 0 0 0 -39.520249 0 -29.194555 -28.876931 -26.478521 -26.535519 -27.706578 -27.434349 -27.469846 -27.163675 -26.293854 -26.336832 -27.779227 -34.282447 -39.504971 -26.427492 -26.471031 0 0 0 -26.901157 -26.430427 -26.517707 -27.722205 
0 0 0 -39.500267 -34.697371 -30.447205 -29.051998 -27.886293 -27.645606 -26.710066 -26.760299 -26.653714 -26.797931 -26.508035 -26.598739 -26.675429 -26.904769 -26.771474 -26.778392 -26.527509 -26.556789 -27.377448 -27.356747 -29.579626 -26.644014 -26.691149 -26.64771 -39.454325 -28.983414 -28.869615 -26.550407 -26.581013 -27.318696 -27.191316 -27.357563 -26.819665 -26.65829 -26.831135 0 0 -29.282841 -26.386232 -26.424198 -29.273319 -34.282447 0 0 0 0 0 0 -32.208972 -26.484583 -26.43307 -31.635355 0 0 0 -39.465529 0 0 0 0 0 0 0 -39.450785 -30.378189 -26.535519 -26.578927 -26.639996 -29.491035 -31.484713 -34.500819 -26.336832 -26.378079 -28.616755 -39.536683 0 -26.467712 -26.467712 -26.662347 0 0 -38.715373 -26.315944 -26.428222 -26.894017 
0 0 0 -34.833535 -35.583738 -31.5115 -30.152632 -29.19004 -27.307997 -26.533494 -26.653714 -26.797931 -26.84514 -26.598739 -26.675429 -26.693059 -26.713433 -26.703647 -26.813168 -26.556789 -26.613884 -27.356747 -27.686178 -27.903796 -26.691149 -26.64771 -26.664492 -36.824813 -29.523738 -28.008856 -26.581013 -26.596681 -27.413685 -27.755698 -27.799083 -26.65829 -26.831135 -26.740104 0 0 0 -26.424198 -26.459336 -28.409985 -33.535775 -39.480847 0 0 0 0 0 0 -26.43307 -26.485521 -27.144207 -34.868245 0 -39.465529 0 0 0 0 0 0 0 0 0 -36.235701 -26.578927 -26.639996 -26.665471 0 -30.545733 -30.403817 -26.378079 -26.403855 -31.032236 -36.424815 -28.987363 -26.49187 -26.43541 -26.560384 -29.47491 -27.330355 -27.226935 -26.24803 -26.313008 -26.428222 
0 0 0 -29.45364 -34.833535 -35.583738 -31.5115 -30.152632 -26.533494 -26.421662 -26.346982 -26.759787 -26.904044 -27.127065 -26.693059 -26.659829 -26.703647 -26.628238 -26.868223 -26.613884 -26.991411 -27.386758 -27.903796 -28.226887 -30.395241 -26.664492 -26.72887 -28.162866 -28.441267 -28.198685 -26.596681 -27.13901 -26.446434 -27.627803 -28.023263 -29.346113 -26.740104 -26.670612 0 0 0 -26.459336 -26.523471 -26.414005 -28.858711 -35.964553 -32.191937 -38.166993 -30.564119 0 0 0 -26.485521 -26.696481 -26.369597 -26.942948 -33.436456 0 0 -39.506735 0 0 0 0 0 0 0 0 0 -26.544301 -26.607277 -28.19441 -27.776426 -27.987626 -26.332221 -26.386496 -27.539003 -27.106618 -26.999755 -27.049499 -26.377006 -26.43541 -27.683662 -26.942161 -27.295979 -26.202244 -26.24803 -26.313008 
0 0 -30.807151 -27.559205 -29.45364 -30.922481 -28.169102 -30.976754 -26.421662 -26.346982 -26.313312 -26.672812 -26.618087 -26.72489 -26.659829 -26.462347 -26.628238 -26.868223 -27.521367 -26.991411 -27.386758 -27.346226 -28.226887 -30.395241 -29.67283 -26.72887 -26.851839 -27.193205 -26.939807 -27.145368 -27.447226 -26.446434 -27.627803 -27.894209 -28.952194 -29.039667 -26.670612 -26.622348 -39.53199 0 0 -26.523471 -26.414005 -26.423085 -27.071421 -28.154606 -29.874601 -28.862336 -26.851839 0 0 0 -26.696481 -26.369597 -26.57044 -26.541039 -26.818179 0 -39.506735 -39.479669 0 0 0 0 0 0 0 0 0 -26.417682 -26.514404 -27.369092 -27.197637 -27.335077 -26.432987 -26.332221 -26.615391 -26.763385 -26.992719 -26.999755 -26.395227 -26.377006 -28.114239 -27.448154 -26.942161 -26.273652 -26.202244 -26.357309 
-27.060845 -26.836371 -26.994469 -27.443523 -27.559205 -39.500855 -30.922481 -27.449084 -26.616568 -26.313312 -26.301549 -26.592452 -26.621491 -26.630168 -26.462347 -26.396756 -27.849201 -27.521367 -32.313179 0 -27.346226 -27.171527 0 -29.67283 -31.552176 -26.851839 -26.946111 -26.939807 -26.802755 -26.759531 -26.940199 -27.151798 -26.846725 -28.952194 -28.880603 -30.591977 -26.622348 -26.563181 -30.21467 -37.427723 0 0 -26.423085 -26.584777 -26.93166 -27.074993 -28.102422 -26.851839 -26.505079 -27.67616 0 0 0 -26.57044 -26.541039 -26.818179 -26.443016 -26.738409 -39.479669 0 0 0 0 0 0 0 0 0 0 -26.348805 -26.417682 -26.985782 -26.973032 -26.96678 -26.745975 -26.265195 -26.375001 -26.847043 -26.763385 -26.992719 -26.464153 -26.395227 -29.715151 -27.108793 -26.755463 -26.370751 -26.271741 -26.310169 
-26.889087 -27.060845 -26.836371 -26.994469 -27.443523 0 -35.7074 0 -27.001974 -26.301549 -26.334585 -26.58982 -26.586906 -26.749194 -26.396756 -26.317053 -26.374814 0 0 0 -27.171527 -26.828998 -31.621319 0 -30.378189 -26.946111 -27.353492 -26.802755 -26.755969 -26.664883 -26.788453 -26.846725 -26.38263 -28.880603 -30.78676 -29.727423 -26.563181 -26.550676 -26.49048 -27.831196 -39.23742 0 -26.584777 -26.93166 -27.074993 -27.695042 -28.012439 -26.505079 -26.608259 -26.427898 -27.383358 0 0 -27.875322 -27.028925 -26.443016 -26.738409 -26.406254 -26.737685 -30.807151 0 0 0 0 0 0 0 0 -39.493797 -26.369114 -26.348805 -26.366179 -26.823553 -26.795961 -26.905132 -26.290413 -26.265195 -26.682579 -26.847043 -27.61499 -26.683199 -26.464153 -26.876314 -26.942161 -26.553784 -26.451886 -26.345813 -26.271741 
0 -26.889087 -27.253512 -27.505134 -28.08687 -30.447205 0 -35.7074 -26.85216 -26.334585 -26.458775 -26.586906 -26.669022 -26.576266 -26.317053 -26.374814 -26.276841 -28.647451 0 0 -26.828998 -26.996665 -32.295569 -29.568307 -29.848175 -27.481423 -26.962246 -26.755969 -26.664883 -26.602415 -26.721184 -26.38263 -26.378079 -27.975448 -29.727423 -31.021041 -26.550676 -26.49048 -26.485521 -27.145368 -27.609233 0 -27.049011 -27.377448 -27.695042 -28.012439 -32.808334 -26.608259 -26.427898 -26.644934 -26.775716 -27.131586 0 -39.5132 0 -26.898287 -26.406254 -26.737685 -26.43854 -26.860937 -30.796934 0 0 0 0 0 0 0 0 -26.395712 -26.305426 -26.306213 -26.925168 -26.823553 -26.795961 -26.35273 -26.290413 -26.711409 -27.563525 0 -26.769108 -26.713885 -26.59121 -27.222284 -26.644381 -26.510217 -26.451886 -26.345813 
0 -29.67283 -29.019335 -28.971629 -27.505134 -29.660915 0 0 0 -26.458775 -26.798213 -26.614553 -26.574652 -26.484895 -26.444324 -26.276841 -26.234159 -26.956536 -28.171188 -39.462581 -26.996665 -26.969687 -27.180103 -29.848175 -34.312953 -30.838065 -27.889451 -26.999755 -26.602415 -26.721184 -26.697773 -26.378079 -26.385902 -28.438629 -28.128194 -29.733589 -31.218401 -26.485521 -26.505758 -27.293009 -27.261922 -28.344884 -27.377448 -27.352681 0 0 0 0 -26.644934 -26.775716 -27.131586 -26.720954 -27.096937 0 0 0 -26.953304 -26.43854 -26.860937 -26.486254 -26.582663 0 0 0 0 0 0 0 0 0 -26.307005 -26.295431 -26.851196 -26.853127 -27.030334 -26.430181 -26.35273 -27.126502 0 0 -30.582653 -26.59121 -26.448831 -27.267592 -26.751189 -26.340903 -26.282914 -26.941375 
-36.235701 -26.340748 -27.671195 -29.019335 0 -27.205957 0 0 0 -27.564609 -26.614553 -26.574652 -26.484895 -26.42604 -26.395158 -26.234159 -26.21461 -26.709174 -27.066862 -31.839483 -26.969687 -27.180103 -27.290053 -39.466707 -30.838065 -33.850315 -28.574959 -27.174576 -27.065352 -26.697773 -26.988372 -26.385902 -26.38439 -26.407943 -27.902191 -27.837159 -29.231143 -26.505758 -26.465206 -27.261922 -27.84316 -28.397186 -27.352681 -26.977668 -27.193836 0 0 0 -27.491211 -27.677405 -26.720954 -27.096937 -26.659829 -27.054402 -30.879908 0 0 -26.920639 -26.486254 -26.582663 -26.32346 0 0 0 0 0 0 0 0 0 -26.295431 -26.322628 -26.730285 -26.529986 -26.890139 -26.436251 -26.379159 -26.299628 -26.88076 -27.355117 -27.735447 -26.448831 -26.492944 -26.79568 -26.340903 -26.282914 -26.334933 -27.386977 
-27.418126 -27.193836 -26.340748 -27.671195 -27.140737 -26.405889 0 0 -35.307091 0 -27.613835 -26.627889 -26.42604 -26.395158 -26.391593 -26.21461 -26.201774 -26.538586 -26.562059 -26.898287 -39.444293 -27.290053 -29.0896 0 0 0 -27.174576 -27.067367 -31.5115 -26.988372 -26.999755 -26.38439 -26.407943 -26.371361 -27.255604 -27.582158 -27.803395 -26.465206 -27.282721 -26.891193 -27.212435 -28.034205 -26.977668 -27.193836 -26.90768 0 0 0 -28.03972 -27.822325 -27.314089 -26.659829 -27.054402 -26.652202 -27.058357 -29.331297 0 0 -26.846408 -26.32346 -26.290264 -27.72352 0 0 0 0 0 0 0 0 -26.322628 -26.332907 -26.529986 -26.396477 -26.367371 -26.379159 -26.299628 -26.318485 -26.635133 -26.708284 -26.814635 -26.492944 -26.419936 -27.029394 -26.626494 -26.334933 -26.281187 -26.383802 
-26.932045 -27.341425 -27.193836 -33.412034 -26.405889 -26.307297 -27.011857 -33.064048 -29.208178 -35.307091 -26.953707 -26.874955 -26.472016 -26.391593 -26.397455 -26.201774 -26.208157 -26.227963 -26.549871 -26.560802 -26.860609 -29.0896 0 0 0 0 -27.067367 -26.546278 -26.57863 -27.939793 -27.083248 -27.155927 -26.371361 -26.339161 -26.805046 -27.222946 -28.090737 -27.282721 -26.891193 -26.883518 -26.754453 -27.08481 -27.817921 -26.90768 -26.702114 0 0 0 -27.822325 -27.583268 -27.30046 -27.062343 -26.652202 -26.996225 -26.732656 -26.633173 0 0 -39.461991 -26.290264 -26.366655 -26.286797 -28.226887 0 0 0 0 0 0 0 -26.332907 -26.28531 -26.372648 -26.367371 -26.334486 -26.371544 -26.318485 -26.334338 -26.638909 -26.546145 -26.574652 -26.419936 -26.256078 -26.238515 -26.490694 -26.438625 -26.385374 -26.371483 
-26.918018 -26.932045 -27.341425 -33.412034 -26.307297 -27.011857 -26.61139 -28.884284 -33.064048 -29.208178 -26.874955 -27.419911 -26.613217 -26.425718 -26.419624 -26.208157 -26.227963 -26.244271 -26.560802 -26.562339 -26.498387 -26.553512 -26.870904 0 0 -28.220315 -26.546278 -26.57863 -26.618426 -28.503551 -27.533774 -27.086377 -26.339161 -26.316564 -26.673213 -26.862582 -27.601241 -27.728801 -26.883518 -26.754453 -27.08481 -26.775983 -27.081172 -26.702114 -26.570873 -39.472011 0 0 -27.583268 -27.30046 -27.444447 -28.855094 -26.996225 -26.732656 -26.633173 -26.393711 -31.08897 0 0 -26.366655 -26.286797 -26.322168 -26.633707 -28.451875 0 0 0 0 0 0 -26.28531 -26.372648 -26.262634 -26.334486 -26.371544 -26.352455 -26.334338 -26.314447 -26.546145 -26.570296 -26.526033 -26.256078 -26.238515 -26.254404 -26.558857 -26.667637 -26.775983 -26.933973 
-26.917645 -26.918018 -28.287836 -28.379495 -28.104382 -26.61139 0 0 -28.884284 -39.525534 -28.16494 -27.271878 -26.729813 -26.463867 -26.426926 -26.413853 -26.244271 -26.239071 -26.562339 -26.498387 -26.553512 -26.543646 -26.474897 -27.077045 -27.934805 -39.487912 -29.235775 -26.618426 -26.667045 -28.032373 -27.71958 -26.987075 -26.316564 -26.295315 -26.753697 -26.88699 -27.158895 -27.832683 -27.493185 -26.448831 -26.775983 -27.081172 -26.788178 -26.570873 -26.498167 -29.562674 -39.499091 0 0 -27.444447 -28.05084 -31.458184 -28.062083 -27.042711 -26.393711 -26.451615 -27.289316 -28.420323 -39.526708 -39.446654 -26.322168 -26.36827 -26.524322 -26.551888 -27.507144 0 0 0 0 0 -27.448154 -26.262634 -26.371239 -26.651073 -26.352455 -26.455351 -26.314447 -26.282595 -26.570296 -26.544827 -26.572756 -26.49949 -26.254404 -26.289185 -26.528621 -26.711185 -26.65714 -27.590167 
-26.634955 -26.917645 -28.379495 -28.104382 -27.923263 -29.841625 0 0 -27.728801 -26.636387 -33.535775 -26.826266 -26.313617 -26.56122 -26.413853 -26.419312 -26.239071 -26.226817 -26.488887 -26.553241 -26.543646 -26.474897 -26.487936 -26.625626 -27.831196 -28.66307 0 -26.667045 -26.585687 -28.899104 -26.987075 -26.835751 -26.295315 -26.282454 -26.274919 -26.97894 -27.215046 -27.39879 -26.448831 -26.484583 -27.130452 -26.788178 -26.803327 -26.498167 -26.408904 -26.485626 -29.654987 0 0 -28.05084 -29.796391 -30.183421 -28.5779 -28.299491 -26.451615 -26.665864 -26.634063 -28.264878 -30.438459 -31.677886 -26.36827 -26.43499 -26.424198 -26.406987 -26.453794 -26.970521 0 0 0 0 -34.500819 -26.371239 -26.651073 -31.304251 -26.574067 -26.396129 -26.282595 -26.243192 -26.286215 -26.705186 -26.622177 -26.492729 -26.289185 -26.33553 -26.711185 -26.65714 -26.460742 -26.730498 
-26.673012 -26.634955 -29.841625 -27.923263 -27.878443 -31.17058 0 -36.189489 -26.519734 -26.670214 -26.636387 -26.313617 -26.361314 -26.616736 -26.449278 -26.38315 -26.226817 -26.225841 -26.453247 -26.509987 -26.587364 -26.487936 -26.625626 -26.399283 -28.438629 -27.25004 -28.128194 -26.585687 -27.006442 -27.106618 -26.939025 -26.713433 -26.282454 -26.274919 -26.292863 -26.933973 -27.23028 -27.388464 -26.484583 -26.448652 -27.307239 -26.803327 -26.787902 -26.408904 -26.485626 -26.415452 -28.678874 -39.449605 0 -29.796391 -30.858897 0 -39.480258 -31.916017 -26.665864 -26.634063 -27.03601 -30.438459 0 -39.511437 -26.43499 -26.424198 -26.406987 -26.416295 -26.377132 -26.397525 -26.71843 0 0 0 0 -26.766756 -28.352216 -26.574067 -29.356065 -26.58767 -26.243192 -26.286215 -26.299787 -26.699503 -26.730049 -26.477004 -26.33553 -26.358786 -27.837159 -30.817412 -27.160683 -28.188027 
-28.202977 -26.673012 -26.832975 -27.059848 -28.200829 -30.796934 -28.081097 -36.189489 -26.527139 -26.519734 -26.670214 -26.361314 -26.408238 -26.810539 -26.621663 -26.444149 -26.225841 -26.264202 -26.257216 -26.457938 -26.540133 -26.736481 -26.399283 -26.322582 -27.09534 -27.266881 -26.919139 -26.891193 -27.019628 -26.887339 -27.485323 -27.191945 -27.037438 -26.292863 -26.300305 -26.960607 -27.029864 -27.115368 -26.448652 -26.403928 -26.402559 -27.082209 -26.818179 -26.831747 -26.415452 -26.401413 -30.137407 -37.544632 0 -30.858897 -30.447205 -32.976702 0 0 0 -27.03601 -27.61499 0 0 0 -27.267592 -26.74721 -26.416295 -26.377132 -26.397525 -26.375001 -26.385309 -26.47964 0 0 0 -28.352216 0 0 -26.58767 -28.060201 -26.699937 -26.299787 -26.699503 -26.730049 -26.891193 -26.528868 -26.358786 -26.354782 -26.465686 0 0 0 
-27.23906 -26.804472 -26.644566 -26.694338 -27.310275 -28.081097 -33.268805 -27.059351 -26.527139 -26.527139 -26.963067 -26.408238 -26.357593 -27.012311 -26.895081 -26.718658 -26.264202 -26.257216 -26.329794 -26.50082 -26.614386 -26.803899 -26.322582 -26.296206 -26.534125 -26.644381 -26.891193 -27.019628 -26.887339 -26.467325 -27.151798 -26.734564 -26.608095 -26.300305 -26.260182 -26.788453 -26.897216 -26.859953 -26.403928 -26.402559 -26.359759 -27.22361 -26.958567 -27.173355 -26.401413 -26.519495 -37.544632 0 0 -30.447205 -32.976702 0 0 0 0 -27.61499 -29.240421 0 0 0 -30.726612 -27.669959 -27.162476 -26.453065 -26.375001 -26.385309 -26.47964 -26.274018 -30.378189 0 0 0 0 0 0 -26.699937 -33.612023 -26.722338 -26.809958 -26.891193 -27.03601 -26.712757 -26.354782 -26.465686 -26.545749 -32.513599 0 0 
-27.511345 -26.514873 -26.577593 -26.685689 -26.928976 -28.003506 0 -26.654852 -26.354003 -26.527139 -26.614386 -26.357593 -26.33608 -27.58996 -27.135571 -26.978092 -26.847998 -26.329794 -26.411139 -26.614386 -26.607277 -26.618087 -26.296206 -26.330422 -26.634598 -26.594011 -26.762869 -27.040787 -26.467325 -26.516878 -26.734564 -26.608095 -26.61758 -26.260182 -26.314097 -26.845774 -26.859953 -26.868892 -26.838546 -26.359759 -26.446876 -26.958567 -28.262607 -29.081164 -26.519495 -26.763385 0 0 0 0 0 0 0 0 0 -29.240421 -33.561021 0 0 0 0 -31.043482 -35.423674 -28.798453 -26.650323 -26.49048 -26.274018 -26.300826 -26.859298 -29.06443 0 0 0 0 0 0 -27.43162 -28.062083 -26.653335 -30.911769 -30.776629 -29.31661 -28.344884 -26.545749 -26.709397 -33.46104 0 0 
-27.996203 -26.577593 -26.261569 -26.643463 -26.863903 -26.983205 -26.589666 -26.307423 -26.348536 -26.354003 -26.614386 -26.33608 -26.602093 -26.373945 -27.516257 -27.381664 -27.211134 -26.411139 -26.423879 -26.607277 -26.618087 -26.497289 -26.330422 -26.310084 -26.362824 -26.762869 -27.239741 -27.345424 -26.516878 -27.083248 -28.554557 -26.831441 -26.832668 -26.314097 -26.845774 -27.188806 -27.025652 -27.040308 -28.175374 -26.446876 -26.787902 -28.262607 -29.081164 0 -26.763385 -26.895436 -27.191945 0 0 0 0 0 0 0 0 -33.561021 0 -30.726612 0 0 0 -35.423674 -32.191937 0 -31.17058 -26.927449 -26.300826 -26.387093 -26.432075 -28.543044 0 0 0 0 0 0 0 -26.653335 -27.579943 -32.260642 -31.032236 -34.97403 -39.469654 -26.709397 -26.912451 -39.457274 0 0 
0 -26.261569 -26.273486 -26.713433 -26.875294 -27.012311 -26.255846 -26.300585 -26.307423 -26.348536 -37.200866 -26.602093 -26.373945 -27.516257 -26.732418 -27.181339 -27.814997 -26.423879 -26.516641 -26.651073 -26.497289 -26.482924 -26.310084 -26.362824 -26.321022 -27.239741 -27.345424 0 -26.408386 -26.608095 -26.72887 -26.682785 -26.630872 -26.575972 -26.314228 -26.888737 -26.584323 -26.58767 -27.754333 -26.463106 -26.598898 -34.2221 -33.742591 0 -27.179487 -27.191945 -27.308755 0 0 0 0 0 0 0 0 0 -30.726612 -39.493208 0 0 0 -32.191937 0 0 0 -32.330888 -26.387093 -26.432075 -26.44794 -31.824413 0 0 0 0 0 0 0 -27.579943 -39.5179 -27.486301 -34.97403 -39.469654 -29.336221 -26.912451 -26.875634 0 0 0 
0 -26.273486 -26.277249 -26.875294 -27.012311 -26.59152 -26.332172 -26.255846 -26.300585 -27.057861 -29.835097 -30.438459 -27.603516 -26.732418 -27.181339 -27.095872 -27.783445 -26.516641 -26.534252 -26.467906 -26.574213 -26.439394 -26.446787 -26.321022 -26.381595 -27.515239 -27.077045 -26.900797 -26.49707 -26.408386 -26.608095 -26.624242 -26.528992 -26.525176 -26.502493 -26.314228 -27.323335 -26.584323 -26.58767 -27.185683 -26.463106 -29.727423 -34.2221 -33.742591 0 -27.512193 -27.135 0 0 0 0 0 0 0 0 0 -39.493208 0 0 0 0 0 0 0 0 0 -31.663638 -26.44794 -26.601291 -32.420944 0 0 0 0 0 0 0 0 -27.486301 -31.978703 0 -29.336221 0 -26.741563 -26.757238 0 0 0 
0 -26.277249 -26.313966 -27.394469 -26.981495 -26.380181 -26.307465 -26.332172 -26.863903 -26.850875 -27.688701 -27.603516 -28.169102 -26.58402 -27.095872 -27.783445 -28.160795 -26.534252 -26.467906 -26.622005 -27.706578 -27.12594 -26.523107 -26.169944 -26.277829 -27.087423 -27.014586 -26.997546 -26.900797 -26.235897 -26.38315 -26.610233 -26.624242 -26.528992 -26.525176 -26.502493 -28.948338 -27.384206 0 -30.455985 -28.043413 -27.284912 0 0 0 -27.135 -26.885946 0 0 0 0 0 0 0 0 0 0 0 0 0 0 0 0 0 0 0 0 -26.601291 -27.128756 -28.694868 0 0 0 0 0 0 0 0 -31.978703 0 0 0 0 -26.638909 -26.610068 -26.663125 0 0 
0 -26.313966 -26.358274 -27.4217 -26.409721 -26.267173 -26.380181 -26.307465 -26.492085 -26.829912 -27.071421 -28.058322 -26.58402 -27.093747 0 -28.160795 0 -27.575531 -26.24377 -26.450174 -26.592452 -26.436758 -26.357649 -26.20163 -26.169944 -26.676036 -27.087423 -27.014586 -26.997546 -26.32707 -26.235897 -26.965126 -27.654048 -27.668724 -32.608967 -33.905309 0 0 0 0 -27.284912 -26.761068 0 -39.454915 -33.153609 -26.885946 -26.718658 0 0 0 0 0 0 0 0 0 0 0 0 0 0 0 0 0 0 0 0 -27.128756 -28.694868 -28.514709 -28.560353 0 0 0 0 0 0 0 0 0 0 0 0 -26.610068 -26.642547 -26.623724 0 0 
0 -26.358274 -26.394536 -26.77866 -26.245841 -26.350702 -26.267173 -26.457474 -26.439137 -27.071421 -26.984492 -27.321011 -27.093747 -27.22361 -28.727434 0 -26.577741 -26.4438 -26.253689 -26.24377 -26.723033 -26.535265 -26.436758 -26.357649 -26.20163 -27.705288 0 -39.537856 0 -26.377195 -26.32707 -39.454325 0 0 0 -28.028719 -27.048037 -30.152632 -39.501443 0 -26.761068 -26.521174 -29.443103 -28.644349 -27.787683 -26.718658 -26.515343 -26.526524 0 0 0 0 0 0 0 0 0 0 -36.571302 0 0 0 0 0 0 0 0 -39.480258 -28.514709 -28.188027 -28.364537 -38.787416 0 0 0 0 0 0 0 0 0 0 0 0 -26.623724 -26.647339 0 0 
0 -26.394536 -26.77866 -26.241682 -26.381854 -26.245841 -26.350702 -26.439137 -26.591056 -26.984492 -27.321011 -35.543214 -27.22361 -26.692846 -26.95411 -26.62132 -26.577741 -26.577741 -26.4438 -26.253689 -27.183197 -26.723033 -26.535265 -26.547736 -26.892956 -27.114817 0 0 0 -26.328307 -26.326125 -26.896859 -28.638167 -32.384616 -28.028719 -27.048037 -27.002419 -27.876881 -27.523421 -27.816458 -26.521174 -26.459149 -27.181957 -27.436175 -27.123698 -26.515343 -26.526524 -26.426684 0 0 0 0 0 0 0 0 0 -36.571302 -39.450785 0 0 0 0 0 0 0 0 0 -28.188027 -28.364537 -38.101753 -28.925408 0 0 0 0 0 -35.624607 0 -37.313157 0 0 0 0 -26.647339 -26.672611 0 0 
0 -26.851517 -26.40516 -26.446699 -26.241682 -26.381854 0 -26.591056 -26.817882 -27.245213 -26.954513 -27.926547 0 -26.421741 -26.674017 -26.767277 -26.62132 -26.577741 -26.976399 -26.475798 -27.048037 -27.56896 -27.462228 -28.369502 -27.157706 -26.754201 0 0 0 -26.326125 -26.496742 -26.369234 -27.822325 -31.254851 -31.380117 -27.002419 -27.164876 -27.523421 -27.816458 -27.120908 -26.459149 -26.429281 -26.425077 -27.051945 -26.840107 -27.031276 -26.426684 -26.367132 -28.397186 0 0 0 0 0 0 0 0 -39.450785 -34.903228 0 0 0 0 0 0 0 0 0 0 -38.101753 -28.925408 -29.163214 -32.278057 0 0 0 -30.610739 -27.252121 -35.624607 0 -37.313157 0 0 -39.490855 -26.672611 -26.509411 -30.736531 -39.459043 
0 -27.490227 -26.805621 -26.847998 -26.446699 0 0 -26.817882 -26.398085 -26.574067 -27.794791 -26.954513 -27.926547 -26.427007 -26.421741 -26.674017 -26.767277 -26.85734 -26.79428 -26.772795 -26.75851 0 -36.143693 -30.238415 -26.754201 -26.719804 0 0 0 -26.496742 -26.369234 -26.591986 -31.254851 -31.380117 -31.721064 -27.164876 -27.170312 -27.939793 -27.120908 -26.980216 -26.429281 -26.425077 -26.42182 -27.349446 -27.031276 -26.849274 -26.367132 -26.351194 -27.122022 -27.419911 -31.367322 -31.538551 -26.618426 -28.032373 0 0 0 -34.903228 -29.254439 0 0 0 0 0 0 0 0 0 0 0 -29.163214 -32.278057 -29.557059 0 0 0 -27.636063 -28.635086 -27.252121 0 0 0 0 0 -26.509411 -26.646042 -26.44319 -30.736531 
0 -32.042733 -39.514962 -26.805621 0 0 0 0 -26.456825 -26.398085 -28.102422 -28.069647 0 -26.520693 -26.427007 -27.303464 -29.406722 -32.551414 0 -26.75851 -26.762353 0 -38.715373 -33.769244 -26.719804 -26.850234 0 0 0 0 -26.591986 -26.876314 0 0 0 -27.170312 -27.661354 -35.665826 -28.682058 -27.256303 -26.888037 -26.42182 -26.49938 -27.684919 -27.799083 -27.085332 -26.351194 -26.416834 -27.28858 -26.953304 -27.595581 -26.618426 -28.032373 -26.553376 0 0 0 -29.254439 -28.173279 0 0 0 0 0 0 0 0 0 0 0 0 -29.557059 -39.450785 -30.610739 0 -35.877335 -27.565695 -27.636063 -28.635086 0 0 0 0 0 -26.646042 -26.38263 -26.495324 -28.229087 
0 -27.73946 -28.628948 -39.465529 -26.755716 0 0 0 -26.467519 -26.407281 -27.561362 -30.736531 0 -26.558166 -26.520693 -26.437011 0 0 0 -26.762353 -26.676847 0 0 0 -26.850234 -26.818773 -27.160683 0 0 0 -26.876314 -26.635491 0 0 0 -27.661354 -30.944048 -29.894659 -34.597972 -29.427416 -28.991322 -26.49938 -26.601291 -29.263851 -28.297151 -27.919991 -26.416834 -26.632109 -26.696266 -27.595581 -29.908147 -29.031501 -26.553376 -26.49489 0 0 0 -28.173279 -27.905403 -28.198685 0 0 0 0 0 0 0 0 0 0 0 -39.450785 -30.610739 0 0 0 -35.877335 -27.565695 0 0 0 0 0 0 0 -26.25801 -26.38263 -26.732181 
0 -31.304251 -27.73946 -26.755716 -26.592919 0 0 0 -26.407281 -26.382112 -27.196368 -27.488261 0 -26.528868 -26.437011 -26.453247 -33.561021 -31.524992 -39.008527 -26.676847 -26.48783 0 0 0 -26.818773 -27.160683 -26.921015 0 0 0 -26.635491 -26.475597 0 0 0 -30.944048 -29.894659 -39.448425 -29.427416 -33.637783 -39.499679 -26.601291 -26.717744 -37.200866 -28.598678 -27.852236 -26.632109 -26.696266 -26.93436 -29.908147 -39.519074 -39.443113 -26.49489 -26.534885 -36.773143 0 0 -27.905403 -28.198685 -27.611531 0 0 0 0 0 0 0 0 0 0 0 0 0 0 0 0 0 0 0 0 0 0 0 0 -28.169102 -26.209822 -26.25801 -26.464918 
0 0 0 -26.592919 -27.018248 0 0 0 -26.382112 -26.521656 -26.364877 -26.634063 -27.466027 0 -26.453247 -26.546278 -31.524992 -29.790016 -29.59674 -26.48783 -26.434739 -28.586764 -39.534923 0 0 -26.921015 -27.108793 0 0 -31.40589 -26.475597 -26.610068 0 0 0 0 -39.448425 -28.454542 0 -39.499679 0 -26.717744 -26.859298 -32.608967 -27.852236 -27.852236 -27.731453 -26.93436 -26.778392 -39.519074 -34.252163 -29.011278 -26.534885 -26.546675 0 0 0 0 -27.611531 -27.287845 0 0 0 0 0 0 0 0 0 0 0 0 0 0 0 0 0 0 0 0 0 -28.720858 -27.91348 -27.697592 -26.882827 -26.20154 -26.209822 -26.420876 
0 0 0 -26.533242 -26.977245 -26.487514 -26.740104 -26.904407 -26.521656 -26.364877 -26.634063 -26.563462 -26.675834 -28.021451 -26.546278 -26.612552 -29.790016 -28.983414 -28.16494 -26.434739 -26.409275 -26.3647 -26.79991 0 0 -27.108793 -27.317926 0 0 0 -26.610068 -27.017789 -27.366605 0 0 0 -28.454542 -28.701319 0 0 0 -26.859298 -26.919889 -27.56896 -28.198685 -27.731453 -29.185537 -26.778392 -26.69907 -34.252163 -29.011278 -28.156665 -26.546675 -26.506325 -26.703647 0 -39.517312 0 -27.287845 -27.063845 0 0 0 0 0 0 0 0 0 0 0 0 0 0 0 0 0 0 0 0 -26.817882 -27.068883 -26.916527 -27.036486 -26.630872 -26.313879 -26.20154 -26.481276 
-29.458933 -27.639629 -26.973032 -26.306754 -26.432738 -26.467325 -26.487514 -26.461025 -26.700371 -26.72793 -26.563462 -26.675834 -27.813539 -28.563261 -26.612552 -26.700806 -28.983414 -28.16494 -28.023263 -26.409275 -26.3647 -26.388025 -26.763126 -27.02752 0 -27.317926 -27.026585 0 0 0 -27.017789 -27.366605 -27.514222 0 0 0 -28.701319 -31.380117 0 0 0 -26.919889 -27.56896 -27.041267 -39.460812 -29.185537 -29.764728 -26.69907 -26.731469 -34.405836 -30.084987 -27.960008 -26.506325 -26.703647 -26.710514 -39.517312 -32.551414 -30.04835 -27.063845 0 0 0 0 0 0 0 0 0 0 0 0 0 0 0 0 0 0 0 0 0 -26.386298 -26.817882 -26.841673 -26.916527 -26.710737 -26.630872 -26.276332 -26.349616 
-27.02752 -26.852482 -26.786256 -26.64771 -26.306754 -26.432738 -26.467325 -26.497728 -26.461025 -26.700371 -26.68736 -26.900797 -28.563261 -29.86796 -26.700806 -27.066358 -26.62754 -28.023263 -27.632513 -27.519319 -26.388025 -26.407354 -26.986644 -26.765196 -37.145553 -27.026585 -39.485557 -27.706578 0 -36.773143 -29.17657 -27.514222 -27.451881 0 0 0 -31.380117 0 -39.473779 0 -29.268578 -29.464242 -27.041267 -26.704086 0 -39.480847 -35.583738 -26.731469 -26.920639 -26.843561 -30.092394 -29.745983 -29.356065 -26.710514 -27.041748 -32.551414 -30.04835 -31.194381 -32.787858 -28.554557 -39.462581 0 0 0 0 -29.136835 0 0 0 0 0 0 0 0 0 0 0 0 0 -29.796391 -26.680521 -26.386298 -26.806196 -26.841673 -26.609409 -26.710737 -26.36016 -26.276332 
-26.809667 -26.857992 -26.852482 -26.786256 -26.425879 -26.561639 -27.164275 -27.125379 -26.860937 -26.922898 -26.734086 -26.68736 -26.851517 -29.263851 -27.066358 -26.62754 -26.933973 -34.903228 -27.519319 -27.530653 -26.407354 -26.35467 -26.765196 -26.660989 -27.571144 -39.485557 -27.706578 0 0 -29.17657 -30.944048 -27.451881 -27.009594 0 0 0 0 -39.473779 0 0 -30.16797 -28.00707 -26.704086 -26.456918 0 0 0 -26.920639 -26.843561 -27.012765 -29.745983 -30.041102 -31.40589 -27.041748 -27.968556 0 -31.194381 -32.787858 -28.554557 -30.012365 -30.395241 0 0 0 -29.136835 -27.237701 0 0 0 0 0 0 0 0 0 0 0 0 0 -26.962246 -26.649014 -26.307926 -26.627365 -26.806196 -26.777319 -26.609409 -26.624933 -26.36016 
-26.889087 -26.809667 -26.857992 -27.173965 -26.637826 -26.425879 -39.460222 -27.360017 -27.125379 -26.860937 -26.922898 -27.182577 -26.740347 -26.851517 -28.231291 -26.617073 -27.202103 0 -27.561362 -27.023327 -26.35467 -26.342195 -26.660989 -26.74205 -26.866557 -31.341914 0 0 0 0 -30.944048 -27.009594 -27.608086 0 0 0 0 0 -39.499679 0 0 -27.435261 -26.456918 -26.377384 -39.519662 0 0 0 -27.012765 -27.094278 -30.041102 -31.40589 -30.677631 -27.968556 -28.240149 0 0 -32.457688 -30.012365 -28.192278 -26.510795 0 0 0 -27.237701 -26.841046 0 0 0 0 0 0 0 0 0 0 0 0 -27.33114 -26.53362 -26.506894 -26.292749 -26.307926 -26.900797 -26.933973 -26.777319 -27.202743 -26.624933 
-28.04712 -26.889087 -27.461281 -39.51555 -27.120908 -26.637826 0 -27.949849 -27.360017 -30.766541 -28.090737 -27.704001 0 0 0 -28.231291 -26.617073 0 0 -27.691232 -26.342195 -26.48179 -26.337235 -26.810539 -26.685065 -26.701678 -27.101219 -26.778123 0 0 0 -27.608086 -33.315929 0 0 0 0 -39.499679 0 0 0 -39.482614 -26.377384 -26.615055 -26.638186 0 -39.49615 0 -27.094278 -27.066358 -39.507911 -30.677631 -39.5132 -28.240149 -28.404849 -27.966841 0 -32.976702 -28.192278 -26.510795 -26.534505 -27.222946 0 0 -26.841046 -26.868892 -27.131019 0 0 0 0 0 0 0 0 0 0 0 -26.770683 -26.684857 -26.53362 -26.369053 -26.292749 -26.859953 -26.900797 -27.722205 0 -27.202743 
0 -28.04712 0 0 -27.532732 -27.195734 0 -27.480452 -27.021474 -28.090737 -27.704001 -26.680315 0 0 0 -30.573367 -27.355117 0 0 0 -26.48179 -26.337235 -26.414765 -26.685065 -26.701678 -26.764419 -26.682992 -26.457474 0 0 0 -38.43514 -26.705186 -30.175681 0 0 0 0 0 0 0 0 -26.615055 -26.638186 -27.665031 -39.49615 0 0 -27.066358 -26.956536 0 0 0 -28.404849 -27.966841 -28.35467 0 -39.512612 -30.86938 -26.534505 -26.883518 -27.65042 -27.695042 0 -26.868892 -27.131019 -27.082209 0 0 0 0 0 0 0 0 0 0 -30.746493 -27.353492 -26.770683 -26.684857 -26.549603 -26.369053 -27.76531 -39.479669 0 0 0 
0 0 0 0 -28.412561 -28.017836 -28.084942 -27.021474 -26.736722 -26.554192 -26.680315 -26.329265 -26.569002 -27.259809 -28.837149 -26.943343 -26.278309 -26.295818 -27.029864 0 0 -26.414765 -26.407354 -26.886642 -26.764419 -26.682992 -26.457474 -26.462916 -26.548401 0 0 0 -26.722338 -26.705186 -30.175681 0 0 0 0 0 0 0 0 -27.665031 -28.6568 0 0 0 -26.956536 -26.919889 -26.737444 -29.50731 0 0 -28.35467 -28.094617 0 0 0 -26.883518 -27.275472 -27.132153 0 0 0 -27.082209 -27.164275 0 0 0 0 0 0 0 0 0 0 0 -30.746493 -27.353492 -28.486999 -26.863573 -26.549603 -29.254439 0 0 0 0 
0 0 0 0 -30.620178 -28.084942 -33.663718 -26.736722 -26.554192 -27.110976 -26.329265 -26.385638 -26.377321 -26.341057 -26.36606 -26.278309 -26.295818 -26.247052 -26.506439 -26.510102 -27.256303 -26.407354 -26.504289 -28.730734 0 -39.478491 -26.462916 -26.548401 -26.564025 0 0 0 -26.862912 -26.554737 0 0 0 0 0 0 0 0 0 -28.6568 -27.105534 0 0 0 -26.919889 -26.737444 -26.779736 -30.848459 -32.787858 0 -28.094617 -28.8443 0 -39.476135 0 -27.275472 -27.132153 -26.91282 0 0 0 -27.164275 -30.183421 0 0 0 0 0 0 0 0 0 0 0 0 0 -28.229087 -26.687569 -27.170312 -26.860281 0 0 0 0 
0 -28.108314 0 0 0 -33.663718 -27.724837 -34.500819 -27.149451 -27.017789 -26.385638 -26.377321 -26.341057 -26.36606 -26.403494 -26.401413 -26.247052 -26.506439 -26.510102 -27.256303 -29.221917 -26.365645 -26.566147 -36.053325 0 0 -39.478491 -26.641451 -26.557339 0 0 -34.799096 -26.554737 -26.843246 -27.201463 0 0 0 0 -33.131007 0 0 0 -27.105534 -26.952901 0 0 0 0 -26.779736 -26.707174 -32.787858 -39.5132 -37.663958 -28.8443 -28.798453 -39.476135 -28.20513 0 0 -26.91282 -26.722338 0 0 0 -30.183421 -39.460222 0 0 0 0 0 0 0 0 0 0 0 0 -28.233499 -26.687569 -26.664492 -26.631755 -26.536155 0 0 0 0 
-26.873792 -26.37345 -26.759276 -29.86796 0 -27.724837 -26.516641 -27.506138 -27.13901 -26.760811 -26.43854 -26.432489 -26.421426 -26.434822 -26.479029 -26.632641 -26.28578 -26.519734 -26.412567 -26.69972 -27.069897 -26.614888 -26.365645 0 -36.053325 0 0 -26.698205 -26.697126 0 -34.799096 -28.198685 -26.843246 -27.201463 -27.982389 -29.970018 0 0 -33.131007 -28.740682 0 0 0 -26.952901 -27.144787 -26.97979 0 0 -35.34563 -26.707174 -26.617749 -34.374646 -37.663958 -37.48588 -28.798453 -27.762553 -28.20513 0 0 0 -26.722338 -26.797649 0 0 0 -39.460222 -26.963067 0 0 0 0 0 0 0 0 0 0 0 0 -38.166993 -26.664492 -26.631755 -26.536155 -26.379733 -29.386277 0 0 0 
-28.610702 -26.759276 -26.595265 -26.868892 -28.222502 -26.516641 -26.714563 -26.49048 -26.588436 -26.883864 -26.432489 -26.213493 -26.290825 -26.351139 -26.434822 -26.479029 -26.434404 -26.28578 -26.519734 -26.412567 -26.69972 -27.069897 -26.830218 0 0 0 0 -26.697126 -26.771474 -37.370151 -28.198685 -28.138276 -27.657693 -27.982389 -29.970018 0 0 0 -28.740682 -27.068883 0 0 0 -27.144787 -26.97979 -27.328789 0 0 -32.366605 -26.617749 -26.661764 -28.045265 -35.503032 -28.940655 -27.762553 -31.524992 -27.822325 0 0 0 -26.797649 -26.853449 -39.478491 0 -36.571302 -26.963067 0 -26.91504 0 0 0 0 0 0 0 0 0 0 0 0 -30.976754 -26.871913 -26.379733 -26.365705 -26.757238 0 0 0 
0 -26.595265 -26.868892 0 0 -26.723264 -26.49048 -26.588436 -27.936465 0 -28.12619 -26.195381 -26.213493 -26.290825 -26.351139 -26.548801 -26.802755 -26.434404 -27.054402 0 0 0 0 -27.616147 0 0 0 -26.771474 -26.849914 -26.916899 -28.352216 -27.657693 -27.998185 -28.122191 -39.49615 0 0 0 -27.068883 -26.712083 -26.871576 0 0 0 -27.328789 -27.681154 0 0 -33.586437 -26.661764 -27.150623 -26.756984 -39.509086 -38.644137 -36.376884 -27.00465 -27.017789 0 0 0 -26.853449 -27.042229 -26.754201 -36.571302 -30.838065 0 -26.91504 -27.155335 0 0 0 0 0 0 0 0 0 0 0 0 0 -36.424815 -26.365705 -26.551888 -26.782168 -30.827716 0 0 
-29.181047 -27.280538 -27.432528 0 0 0 0 0 0 0 -39.526708 -26.261538 -26.195381 -26.675631 -28.543044 0 -39.506735 -27.157112 -28.446559 0 0 0 -27.616147 -26.928976 0 0 0 -26.849914 -26.916899 -27.118685 -33.199247 -28.374488 -28.122191 -28.158728 -26.553648 0 0 -27.701432 -26.712083 -26.871576 -26.603865 0 0 0 -27.681154 -27.711755 0 -33.586437 -35.7074 -27.150623 -26.756984 -27.706578 0 0 0 -26.894017 -26.87225 0 0 0 -27.042229 -26.754201 -26.93591 0 0 0 -27.155335 -27.8958 0 0 0 0 0 0 0 0 0 0 0 0 0 0 -26.551888 -26.667045 -26.326738 -32.026597 0 0 
-27.999956 -27.17764 -27.280538 0 -27.985878 -26.768584 -26.656375 -27.09747 0 0 0 -26.294968 -26.267775 -39.46435 -39.536683 0 0 -28.446559 -28.808901 0 0 0 -26.928976 -26.791495 -39.486735 -39.448425 0 -39.53551 -27.118685 -26.926687 0 -32.384616 -28.158728 -26.553648 -26.649387 -27.370755 -27.701432 -28.108314 -26.977668 -26.603865 -26.454251 -26.961836 -28.847889 0 -27.711755 -27.118685 0 -35.7074 -39.501443 0 -27.706578 -26.948098 0 -27.348639 -27.840154 -26.87225 -26.845774 0 0 0 0 -26.93591 -27.686178 0 0 0 -26.84768 -27.325667 0 0 0 0 0 0 0 0 0 0 0 0 0 -31.304251 -27.12258 -26.32309 -26.360967 -39.470244 0 0 
0 -27.17764 -27.280538 0 0 -27.603516 -26.656375 -29.529248 -39.527295 -28.500777 -27.960008 -26.330083 -26.338906 -26.566858 0 0 0 -28.808901 -27.994653 0 0 0 -26.791495 -26.696911 -26.622348 -27.889451 -28.397186 -29.072774 -26.926687 -26.614553 0 0 -29.381204 -26.649387 -27.083768 -27.12594 -27.166683 -26.977668 -27.276193 -26.454251 -26.376943 -26.546145 -26.527139 -27.047064 -27.118685 -26.741076 -26.737444 0 0 0 -26.948098 -26.804186 -27.348639 -27.603516 -29.727423 -26.845774 -27.184439 0 0 0 0 -27.13386 -27.958308 0 0 0 -27.147114 -26.84768 -28.237928 0 0 0 0 0 0 0 0 0 0 0 0 -28.04712 -31.304251 -26.381789 -26.32309 -28.382006 -35.920752 0 
0 0 0 0 0 0 -38.23294 0 -27.434349 -27.045609 -27.977179 -26.558719 -26.566858 -26.70146 0 0 0 -27.994653 -27.499135 0 0 0 -26.696911 -26.622348 -26.599057 -27.469846 -27.269018 -27.51017 -26.614553 -26.437944 -27.814997 -37.785776 -39.470244 -27.083768 -27.12594 -27.166683 -27.603516 -27.088998 -26.744744 -26.376943 -26.430592 -26.527139 -27.039828 -27.713054 -26.741076 -26.652014 -26.652014 -27.408392 0 0 -26.804186 -27.463176 -27.603516 -27.031276 -27.779227 -28.287836 -26.68946 -27.587723 0 0 0 -26.874616 -27.13386 -39.500855 0 0 -28.604676 -27.120908 -27.373257 0 0 0 0 0 0 0 0 0 -39.512612 0 -31.538551 -27.296724 -28.04712 -26.389834 -26.381789 -27.691232 -28.382006 -35.920752 
0 0 0 0 0 0 0 0 0 -27.434349 -27.045609 -27.977179 -27.124258 -26.883864 0 0 0 -27.499135 -27.402267 -27.16128 0 -39.497326 -30.620178 -26.599057 -26.560523 -27.269018 -27.141891 -26.997105 -26.437944 -26.415759 -26.831747 -26.957348 -27.730126 -39.454325 -27.401396 -27.180103 -27.088998 -27.142469 -27.12594 -26.430592 -26.873939 -27.039828 -27.713054 0 -27.686178 -26.722801 -27.408392 -27.684919 -26.882482 0 -26.490587 -26.628413 -26.638006 -26.873939 -27.031276 -27.779227 -27.053418 -26.68946 0 0 0 -27.109338 -26.874616 0 0 0 0 -27.036486 -27.120908 0 0 0 0 0 0 0 0 0 -27.667491 -29.485643 -27.13901 -27.083248 -27.296724 -26.422609 -26.389834 -27.814997 -27.691232 -29.660915 
0 -28.525967 -30.901102 0 0 0 0 0 0 0 0 0 -27.343821 -27.540054 0 0 0 -27.402267 -27.16128 -27.147114 0 -39.08394 -32.295569 -26.560523 -26.535646 -27.141891 -26.997105 -27.009142 -26.415759 -26.437011 -26.418689 -26.821754 -27.168495 -28.425525 -27.180103 -26.799061 -27.142469 -27.12594 -28.269432 -32.075265 -29.643187 -26.823553 -39.476724 -27.686178 -27.470804 -26.907315 -27.35838 -26.882482 -28.610702 -31.931565 -26.869227 -26.490587 -26.628413 -26.638006 -26.873939 -28.880603 -27.137288 -27.053418 0 0 0 0 -27.109338 0 0 0 0 -26.743517 -26.827175 0 0 0 0 0 0 0 0 0 -27.312561 -27.212435 -27.137288 -27.13901 -27.083248 -26.781627 -26.422609 -29.158786 -28.5779 0 
0 -27.663803 -28.525967 -30.901102 0 0 0 0 0 0 0 0 -27.540054 -29.376146 0 0 -39.540789 -31.931565 -27.147114 -26.717744 -30.369712 -28.975547 -29.437858 -26.535646 -26.614553 -27.472723 -27.145368 -27.014586 -26.437011 -26.418689 -26.428873 -26.688618 -26.812582 -27.317157 -26.799061 -26.64383 -28.240149 -28.269432 -32.075265 -29.643187 -26.823553 -27.24384 -39.486146 -28.374488 -26.907315 -26.612552 -27.041267 0 -31.10047 -28.610702 -27.831196 -26.310895 -26.489311 -26.681137 -27.264751 0 -26.882137 -27.137288 0 0 0 0 -27.180103 0 0 0 0 -26.582212 -26.68967 0 0 0 0 0 0 0 0 0 -26.985351 -27.09747 -27.240422 -27.137288 -28.283207 -29.50731 -26.614553 -26.977245 0 0 
0 -27.627803 -26.809377 -26.704965 0 0 0 0 0 0 0 0 -29.376146 0 0 -39.540789 -31.931565 -29.039667 -26.717744 -26.383998 -26.619105 -26.885598 -27.625458 -26.614553 -26.773589 -26.796804 -27.182577 -27.019168 -26.97894 -26.428873 -26.502941 -26.812582 -26.970939 -27.281265 -26.64383 -26.456548 -26.568142 0 0 0 -27.24384 -27.24384 -27.884718 -28.548787 -28.25808 -26.845457 -26.612552 -29.928555 0 0 -34.799096 -26.429363 -26.310895 -27.365778 -39.494385 0 -28.534476 -26.882137 -39.541375 0 0 0 -26.911714 -27.180103 0 0 -28.798453 -26.913559 -26.582212 0 0 0 0 0 0 0 0 0 -26.926307 -26.926307 -26.489523 -27.240422 -29.894659 -30.976754 -26.593231 -26.614553 -27.886293 0 
0 -26.809377 -26.704965 -26.505079 -27.229609 -29.60824 0 0 0 0 0 0 0 0 0 -37.910166 -27.204027 -26.900079 -26.383998 -26.367671 -26.376817 -26.376503 -26.513818 -26.773589 -26.796804 -27.87221 -27.502129 -27.224273 -26.916527 -26.502941 -26.543253 -26.970939 -27.281265 -27.671195 -26.456548 -26.568142 -26.502717 0 0 -28.873268 -26.451434 -26.833283 -27.884718 -26.889788 -27.564609 -28.25808 -26.917272 -27.466027 0 0 0 -26.463486 -26.429363 0 0 0 0 -27.894209 -27.960008 0 0 0 -26.719345 -26.911714 0 0 -29.019335 -28.798453 -26.726056 -32.439263 0 0 0 0 0 0 0 0 -27.101219 -26.258276 -26.362532 -27.124818 -27.261217 -27.349446 -26.476199 -26.593231 -27.884718 -27.886293 
0 -28.352216 -26.505079 -26.552834 -27.296724 -27.389319 -39.500267 0 0 0 0 0 0 0 0 -27.204027 -26.900079 -26.884904 -26.367671 -26.376817 -26.376503 -26.513818 -26.421898 -26.366298 -26.363408 -26.332026 -26.665275 -26.858971 -26.923275 -26.543253 -26.81083 -27.465075 -39.523185 0 -28.409985 -26.483752 -26.611224 -31.5115 -26.774917 -26.495869 -26.275187 -26.451434 -26.833283 -26.889788 -26.889788 -27.564609 -27.119795 -26.917272 0 0 0 -26.436083 -26.526647 0 0 0 0 -28.084942 -27.403138 0 0 0 -26.734803 -26.719345 0 0 0 -29.019335 -27.129321 -26.726056 0 0 0 0 0 0 0 0 -28.798453 -26.223959 -26.258276 -27.094278 -28.929205 -28.628948 -26.631755 -26.476199 -27.4128 -27.884718 
0 -27.829712 -26.552834 -26.763643 -27.389319 -28.435997 -27.776426 -31.565868 0 0 -29.102341 0 -27.128192 -26.987075 -27.859868 -29.007265 -27.391889 -27.015043 -26.498057 -26.519615 -26.415223 -26.421898 -26.366298 -26.363408 -26.332026 -26.413095 -26.762096 -26.923275 -27.049987 -26.81083 -27.096937 -27.227603 -29.060275 -28.895385 -27.409271 -26.410093 -26.483752 -26.740104 -26.497947 -26.49938 -26.495869 -26.275187 -26.599057 -26.882482 -26.889788 0 -27.192575 -27.119795 -29.745983 0 0 -26.548801 -26.64273 -26.727226 0 0 0 -27.403138 -27.317157 0 0 0 -26.971357 -26.734803 -28.428134 0 0 0 -27.989378 -27.129321 0 0 0 0 0 0 0 0 -28.798453 -26.310382 -26.223959 0 -28.179575 -27.161878 -27.161878 -26.631755 -28.6568 -39.5132 
0 -31.692206 -26.763643 -27.464125 -28.435997 -27.776426 -27.384206 -27.317157 -28.316009 -28.181682 -30.554908 -27.128192 -26.750689 -26.537048 -26.603704 -27.393608 -29.007265 -28.682058 -26.519615 -26.415223 -26.719804 -26.719116 -26.682992 -26.706068 -26.413095 -26.762096 -27.790519 0 -28.520325 -27.096937 -26.394261 -26.595893 -27.227603 -29.060275 -28.895385 -26.390374 -26.410093 -26.655994 -26.661764 -26.497947 -26.49938 -26.848636 -27.118131 -28.921621 -33.535775 0 -27.689966 -27.192575 -31.869858 -29.745983 0 -27.325667 -26.712532 -26.712532 0 0 0 -27.317157 -28.005286 0 0 0 -27.683662 -27.100681 -27.100681 0 0 0 -39.509086 -27.989378 0 0 0 0 0 0 0 0 0 -26.310382 -26.351905 -39.479669 -26.81083 -27.096937 -27.30046 -27.630154 -27.015499 0 
0 0 -27.464125 -28.220315 -27.145949 -27.384206 -27.317157 -27.810629 -27.948165 -27.281265 -26.857014 -26.628413 -26.537048 -26.603704 -26.582062 -26.745728 -27.545326 -28.830034 -34.97403 -26.719804 -29.043766 -39.452555 -30.403817 -28.25808 -26.801615 -27.201463 -28.498009 -30.658322 -28.557452 -28.520325 -26.514286 -26.394261 -28.347323 -35.384489 -32.647901 -26.669618 -26.390374 -26.641816 -26.655994 -26.661764 -27.011404 -26.937855 -26.889788 0 0 0 -27.689966 -27.689966 0 0 0 0 -26.881448 -26.784616 0 0 0 -27.613835 -27.529616 -29.579626 0 0 0 -27.672433 -27.280538 0 0 0 -30.766541 -27.178255 -27.620789 0 0 0 0 0 0 -33.176355 -36.235701 -26.430099 -26.351905 -26.50735 -29.835097 -26.81083 -30.766541 -27.015499 -26.733132 0 
0 0 0 0 0 0 0 0 -39.446654 -27.438005 -27.076018 -26.880416 -27.648009 -27.144787 -27.047819 0 0 0 0 0 -30.336131 0 0 0 0 -30.301967 -26.939025 -28.999272 -30.658322 -28.557452 -29.835097 -26.514286 0 0 0 0 -27.454883 -26.432821 -27.638438 -28.387045 -32.075265 0 -26.937855 0 0 0 0 0 -28.008856 0 0 0 0 -26.903321 0 0 0 0 0 -27.50916 0 0 0 0 -30.523207 0 0 0 0 0 -27.620789 0 0 0 0 0 0 0 0 0 -26.759705 -26.50735 0 -33.71612 0 0 -28.43312 0 
