NCOLS 10
NROWS 11
XLLCORNER 277066.32
YLLCORNER 3831378.9
CELLSIZE 10
NODATA_VALUE -9999
0 0 0 0 0 -28.537326 0 -27.971996 -27.734114 0 
0 0 0 0 0 -26.67181 -28.537326 0 -27.971996 -27.734114 
-29.060275 0 0 0 -27.625458 -26.672411 -26.67181 -32.457688 0 0 
0 -29.060275 0 0 -27.177026 -26.591056 -26.78928 -28.120197 0 0 
0 -39.493208 0 -35.834296 -26.591056 -26.507578 -27.084289 -29.321491 0 0 
0 0 -35.834296 -27.655261 -26.507578 -26.822652 -28.34245 -27.527546 0 0 
0 0 0 0 -26.822652 -26.89225 -27.527546 -26.840733 -28.100465 0 
0 0 0 0 -26.89225 -27.066358 -26.840733 -27.311798 -26.913189 0 
0 -27.948165 -30.911769 -26.810248 -26.690092 -27.547445 -27.311798 -26.913189 -26.913189 0 
0 0 -27.948165 -27.640821 -26.810248 -26.690092 -30.386698 -26.721184 -28.108314 0 
0 0 0 0 -27.640821 0 0 0 -26.721184 -28.108314 
