NCOLS 89
NROWS 112
XLLCORNER 543650.24
YLLCORNER 4083886.8
CELLSIZE 10
NODATA_VALUE -9999
0 0 0 0 0 0 0 0 0 0 0 0 0 0 0 0 0 0 0 0 0 0 0 0 3.9412983 0 0 0 0 0 0 0 0 0 0 0.29663894 0.027388778 -3.8857806e-16 -7.1054274e-15 0 0 0 0 0 0 0 0 0 0 0 0 0 0 0 0 0 0 0 0 0 0 0 0 0 0 0 0 0 34.559621 0 0 0 0 0 0 0 0 0 0 0 0 0 0 0 0 0 0 0 0 
0 0 0 0 0 0 0 0 0 0 0 0 0 0 0 0 0 0 0 0 0 0 0 0 69.370495 -7.1054274e-15 0 0 0 0 0 0 0 0 26.182684 0 0.006974889 5.5511151e-17 0.037921055 0 0 0 0 0 0 0 0 0 0 0 0 0 0 0 0 0 0.015863935 0.011730297 0 0 0 0 0 0 -3.5527137e-15 0 0.082624434 0 0 38.244489 0 0 0 0 0 0 0 0 0 0 0 0 0 0 0 0 0 0 0 
0 0 0 0 0 0 0 0 0 0 0 0 0 0 0 0 0 0 0 0 0 0 0 0 99.336563 7.1054274e-15 0 0 0 0 0 0 0 32.746288 18.024466 30.43878 0 0 0 0 0 0 0 0 0 0 0 0 0 0 0 0 0 0 0 25.244122 -7.1054274e-15 0 -3.5527137e-15 0.011026425 -7.1054274e-15 0.11256359 0 0 0 0 0.021744966 0 0 26.620093 0 0 0 0 0 0 0 0 0 0 0 0 0 0 0 0 0 0 0 
0 0 0 0 0 0 0 0 0 0 0 0 0 0 0 0 0 0 0 0 0 0 0 0 96.9579 0 0 0 0 0 0 0 0 77.639323 0 -1.0658141e-14 0 0 0 0 0 0 0 0 0 0 0 0 0 0 0 0 0 0 0 75.565816 0 41.839724 0 7.1054274e-15 366.28679 0.15072618 0.0094105822 0.0006452418 0 0 0.0040355334 0 0 0.037300835 0 0 0 0 0 0 0 0 0 0 0 0 0 0 0 0 0 0 0 
0 0 0 0 0 0 0 0 0 0 0 0 0 0 0 0 0 0 0 0 0 0 0 0 52.225409 -7.1054274e-15 0 0 0 0 0 0 0 96.340968 0 7.1054274e-15 0 0 0 0 0 0 0 0 0 0 0 0 0 0 0 0 0 0 7.1054274e-15 74.593674 0 101.23133 0 0 176.99622 59.21284 0.10431044 0.0076764288 0.0048775853 0.040676772 2.2790449e-05 0.019618652 0.0093952136 -7.1054274e-15 -3.5527137e-15 0 0 0 0 0 0 0 0 0 0 0 0 0 0 0 0 0 0 
0 0 0 0 0 0 0 0 0 0 0 0 0 0 0 0 0 0 0 0 0 0 0 0 0 0 0 0 0 0 0 0 0 68.305866 0 0 0 0 0 0 0 0 0 0 0 0 0 0 0 0 0 0 0 0 0.032941434 73.905894 0 48.112925 0 0 81.106505 0 2.7987766 0.11750979 0.054340438 5.3290705e-15 0.0023431757 0.011673283 0.083436992 0.037860009 -3.5527137e-15 0 0 0 0 0 0 0 0 0 0 0 0 0 0 0 0 0 0 
0 0 0 0 0 0 0 0 0 0 0 0 0 0 0 0 0 0 0 0 0 0 0 0 0 0 0 0 0 0 0 0 0 82.814509 0 0 0 0 0 0 0 0 0 0 0 0.19954122 8.6204261 0 0 0 0 0 0 0 0.011737879 75.853224 0 0 0 0 94.99595 0 0 0 0.2561343 52.682164 148.92428 0 0.21037781 0.11012447 0.058595107 0.08158756 0.0091320432 0 0 0 0 0 0 0 0 0 0 0 0 0 0 0 0 
0 0 0 0 0 0 0 0 0 0 0 0 0 0 0 0 0 0 0 0 0 0 0 0 0 0 0 0 0 0 0 0 0 20.994058 3.5527137e-15 0 0 0 29.559372 0 0 0 0 0 0 0 66.598153 0 0 0 0 0 0 0 0.025993865 34.510388 35.325076 1.1459926 0 0 82.258746 0 0 0 7.1054274e-15 266.22388 0 0 0 0.060713289 613.53335 99.075391 0 0.0099599891 0.017832338 -2.7755576e-17 32.855005 0.42683657 0 0 0 0 0 0 0 0 0 0 0 
0 0 0 0 0 0 0 0 0 0 0 0 0 0 0 0 0 0 0 0 0 0 0 0 0 0 0 0 0 0 0 0 0 45.048934 0.0053567903 3.5527137e-15 0 0 89.844259 7.1054274e-15 0 0 0 0 0 0 42.947573 0 0 0 0 0 0 0 0 27.467705 35.216815 0.4733546 0 0 68.863225 0 74.604265 0 0 113.1811 0 0 3.5527137e-15 80.245307 22.354856 0 0.0032590748 0.048020907 227.5468 0 0.17556956 0 0 0 0 0 0 0 0 0 0 0 0 
0 0 0 0 0 0 0 0 0 0 0 0 0 0 0 0 0 0 0 0 0 0 0 0 0 0 0 0 0 0 0 0 0 107.46722 0 0 0 0 59.430677 0 0 0 0 0 0 -3.5527137e-15 14.063522 0 0 0 0 0 0 0 0 0.31118914 27.098082 30.920961 0 0 74.304294 0 23.410133 0 0.016122031 107.08864 0 0 0 82.119638 26.832562 0 0 0 22.102987 0 0 0 0 0 0 0 0 0 0 0 0 0 0 
0 0 0 0 0 0 0 0 0 0 0 0 0 0 0 0 0 0 0 0 0 0 0 0 47.543149 3.5527137e-15 0 0 0 0 0 0 0 88.888389 0 -7.1054274e-15 0 0 53.579678 7.1054274e-15 0 0 0 0 0 0 38.409665 0 0 0 0 0 0 0 0 26.691932 41.258062 0 0 0 71.384509 0 0 0 0 58.968785 0 0 0 -7.1054274e-15 76.060979 0 0 0 66.177084 0 0 0 0 0 0 0 0 0 0 0 0 0 0 
0 0 0 0 0 0 0 0 0 0 0 0 0 0 0 0 0 0 0 0 0 0 0 0 102.51078 0 0 0 0 0 0 0 0 9.3249583 68.322851 7.1054274e-15 0 0 56.683301 7.1054274e-15 0 0 0 0 0 0 62.985382 0 0 0 3.1086245e-15 52.478278 0 0 0 23.999189 34.319128 0 0 0 68.112883 0 0 0 0 46.302161 0 0 0 3.5527137e-15 52.296918 0 0 -1.4210855e-14 96.803295 0 0 0 0 0 0 0 0 0 0 0 0 0 0 
0 0 0 0 0 0 0 0 0 0 0 0 0 0 0 0 0 0 0 0 0 0 0 0 99.574688 0 0 0 0 0 0 0 0 1.6015144 61.466494 0 0 0 56.62252 0 0 0 0 0 0 0 77.965605 0 0 0 0 91.338883 0 0 0 0.037397981 18.151689 26.738347 0 0 65.759306 0 0 0 0 99.805672 0 0 0 0 0 0 0 0 51.17835 0 0 0 0 0 0 0 0 0 0 0 0 0 0 
0 0 0 0 0 0 0 0 0 0 0 0 0 0 0 0 0 0 0 0 0 0 0 0 86.277988 0 0 0 0 0 0 0 0 0 59.231868 0 0 0 61.66631 0 0 0 0 0 0 7.1054274e-15 79.205636 0 0 0 0 76.972886 0 0 0 0.050520291 8.8817842e-16 50.439123 0 0 63.507293 0 0 0 0 98.981863 0 0 0 0 0 0 0 0 0 0 0 0 0 0 0 0 0 0 0 13.472313 0 0 0 
0 0 0 0 0 0 0 0 0 0 0 0 0 0 0 0 0 0 0 0 0 0 0 0 84.246221 0 0 0 0 0 0 0 0 15.300374 75.317953 0.012103519 0 32.771051 97.657248 0 0 0 0 0 0 0.0022998083 71.180211 0 0 0 0 67.530988 0 0 0 0.028836456 0.014090829 23.628365 0.01330439 0.013811717 108.25076 0 0 0 0 86.185833 0 0 0 0 0 0 0 1.3322676e-15 50.875478 0 0 0 0 0 0 0 0 0 0 53.482543 7.1054274e-15 0 0 
0 0 0 0 0 0 0 0 0 0 0 0 0 0 0 0 0 0 0 0 0 0 0 0 101.38035 0 0 0 0 0 0 0 0 6.2941869 117.67956 0.029433787 0 0 31.848155 0 0 0 0 0 0 0 58.906421 0 0 0 7.1054274e-15 0 -1.7763568e-15 0 0.038393462 0 0.020440677 0 0 0.089445229 83.969685 0 0 0 0 76.866383 0 0 0 0 0 0 0 0 94.339513 0 0 0 0 0 0 0 0 0 0 37.234594 -7.1054274e-15 0 0 
0 0 0 0 0 0 0 0 0 0 0 0 0 0 0 0 0 0 0 0 0 0 0 0 70.670894 0 0 0 0 7.715989 0 0 69.866698 177.43285 3.5527137e-15 0.020780976 0.033084459 101.25494 7.1054274e-15 -3.5527137e-15 0 0 0 0 0 0 21.424264 29.598752 0 0 0 -1.7763568e-15 0 0.052350899 0.024408652 0.0419567 0.042103204 0.091333379 0.13785036 0.14277376 30.418365 85.162793 0 0 0 76.505494 0 0 0 0 0 0 0 7.1054274e-15 90.063151 0 0 0 0 0 0 0 0 0 0 0 82.354466 0.035643711 7.1054274e-15 
0 0 0 0 0 0 0 0 0 0 0 0 0 0 0 0 0 0 0 0 0 0 0 0 2.8863228 0 0 0 0 141.1144 0.099046004 0 279.90741 0 -5.3290705e-15 0.023320205 -7.1054274e-15 0 0 0 0 0 0 0 0 0 36.842214 40.887272 0 0 0 -3.5527137e-15 0 0 0 3.5527137e-15 0 0 7.1054274e-15 3.5527137e-15 0.087614867 107.12774 0 0 0 68.345363 0 0 0 0 0 0 0 0 95.963435 0 0 0 0 0 0 0 0 0 0 0 64.438446 0.034032998 0 
0 0 0 0 0 0 0 0 0 0 0 0 0 0 0 0 0 0 0 0 0 0 0 0 0 0 0 0 0 325.82761 7.1054274e-15 0.026339016 0.018978263 4.2632564e-14 -5.3290705e-15 0 0 7.1054274e-15 0 0 0 0 0 0 0 0 76.322366 1.3414374 0 0 0.0030443477 0.0039950801 0.040580861 0 0 0 -1.4210855e-14 0.045124084 -7.1054274e-15 0.037455584 394.74627 0 0 0 0 16.043519 0 0 0 0 0 0 0 -7.1054274e-15 109.40961 0 0 0 0 0 0 0 0 0 0 0 77.196948 0 0 
0 0 0 0 0 0 0 0 0 0 0 0 0 0 0 0 0 0 0 0 0 0 0 0 0 0 0 0 0 240.83511 0.01179739 0.044531808 -1.5543122e-15 7.1054274e-15 -1.4210855e-14 3.5527137e-15 0 7.1054274e-15 7.1054274e-15 0 0 0 0 0 0 0 76.541114 0 0 0 0.0070987302 74.824201 8.8817842e-16 1.7763568e-15 0.043902033 0.033946157 312.10891 91.327658 0 0.075578765 238.19075 0 0 0 0 0 0 0 0 0 0 0 0 0 80.729769 0 0 0 0 0 0 0 0 0 0 0 49.379895 0 0 
0 0 0 0 0 0 0 0 0 0 0 0 0 0 0 0 0 0 0 0 0 0 0 0 0 0 0 0 0 180.28591 7.1054274e-15 -7.1054274e-15 -4.5519144e-15 0.022564957 2.1316282e-14 3.5527137e-15 3.5527137e-15 7.1054274e-15 0 0 0 0 0 0 0 0 70.439972 0 0 0 3.5527137e-15 64.018073 0 0 0.014589551 0.030163177 102.77592 0 0 0 87.153192 0 0 0 0 0 0 0 0 0 0 0 0 0 8.9416329 0 0 0 0 0 0 0 0 0 0 0 81.736205 0 0 
0 0 0 0 0 0 0 0 0 0 0 0 0 0 0 0 0 0 0 0 0 0 0 0 0 0 0 0 0 121.5025 0.038046226 0.024814072 0.027178332 0.013901275 0 0 0 1.4210855e-14 0 0 0 0 0 0 0 0 -1.7763568e-15 45.5602 0 0 3.5527137e-15 27.49018 1.7763568e-15 -1.7763568e-15 0 0.070724777 53.489022 31.891984 0 0 61.151571 0 0 0 0 0 0 0 0 0 0 0 0 0 0 0 0 0 0 0 0 0 0 0 0 0 6.8220805 0 0 
0 0 0 0 0 0 0 0 0 0 0 0 0 0 0 0 0 0 0 0 0 0 0 0 0 0 0 0 0 79.892299 0 7.1054274e-15 1.7763568e-15 -3.5527137e-15 -5.5511151e-17 0 0 0 0 0 0 0 0 0 0 0 0 -8.8817842e-16 11.263881 0 0.028645326 0.025150952 0.023790798 0.019315618 0.043689125 0 -1.7763568e-15 0.037134284 0.028686772 0.079960474 77.2634 0 0 0 0 0 0 0 0 0 0 0 0 0 0 0 0 0 0 0 0 0 0 0 0 0 0 0 0 
0 0 0 0 0 0 0 0 0 0 0 0 0 0 0 0 0 0 0 0 0 0 0 0 0 0 0 0 0 60.902044 -3.5527137e-15 0 37.926334 0 24.897214 7.1054274e-15 0 0 0 0 0 0 0 0 0 0 0 0.0049560602 0.03509491 0 0 0 0 0.10944548 0 0.050497798 0.14869088 0.088779567 0 0 61.460501 0 0 0 0 0 0 0 0 0 0 0 0 0 0 0 0 0 0 0 0 0 0 0 0 0 0 0 0 
0 0 0 0 0 0 0 0 0 0 0 0 0 0 0 0 0 0 0 0 0 0 0 0 0 0 0 0 0 63.389515 0 0 0 0 65.180178 0 0 0 0 0 0 0 0 0 0 0 1.7763568e-15 20.276617 -1.7763568e-15 -7.1054274e-15 0.015471157 0.029492707 0.023804428 0.039463852 0.02780288 0.11271226 0.11188387 0.030697391 0.04247979 0.032880886 30.120161 58.832821 25.829215 0 0 0 0 0 0 0 29.918413 0 0 0 0 0 0 0 0 0 0 0 0 0 0 0 0 0 0 
0 0 0 0 0 0 0 0 0 0 0 0 0 0 0 0 0 0 0 0 0 0 0 0 0 0 0 0 0 64.785351 0 0 0 0 63.555106 0 0 0 0 0 0 0 0 0 0 0 114.01697 7.4851525 0 0.0023812349 0.011564268 0.015031994 0.07619282 0.16174455 0.30281041 0.14352593 382.09626 0.21618537 0.25007413 0.13935152 0.11531268 0.17729431 194.5187 0 0 15.838172 0 0 0 0 83.272114 0 0 0 0 0 0 0 0 0 0 0 0 0 0 0 0 0 0 
0 0 0 0 0 0 0 0 0 0 0 0 0 0 0 0 0 0 0 0 0 0 0 0 0 0 0 0 0 65.693568 0 0 0 0 71.022879 0 0 0 0 0 0 0 0 0 0 0 74.950308 0 0 0 0.042354315 0.03889802 0.067086948 0.16795448 0.093318317 0.29381137 461.41763 0 79.507293 0.26445195 0.26888758 416.6192 0 0 7.1054274e-15 94.662267 0 0 0 1.4210855e-14 83.202964 0 0 0 0 0 0 0 0 0 0 0 0 0 0 0 0 0 0 
0 0 0 0 0 0 0 0 0 0 0 0 0 0 0 0 0 0 0 0 0 0 0 0 0 0 0 0 0 66.189051 0 0 0 0 79.169108 0 0 0 0 0 0 0 0 0 0 0 6.8796288 2.9090544 0 0 -7.1054274e-15 0 0 0.041904242 0.027557036 0.057770005 257.26516 0 0 0 0.2095537 145.11099 0 0 -1.4210855e-14 123.05158 0 0 0 0 78.345695 0 0 0 0 0 0 0 0 0 0 0 0 0 0 0 0 0 0 
0 0 0 0 0 0 0 0 0 0 0 0 0 0 0 0 0 0 0 0 0 0 0 0 0 5.7275317 0 0 0 65.061289 -3.5527137e-15 0 0 49.144216 25.332376 0 0 0 0 0 0 0 0 0 0 0 0 0 0 0 0 0.009968322 0.034895252 -1.4210855e-14 0.023518821 0.071765394 241.57274 0 0 0 3.5527137e-15 60.523491 0 0 -7.1054274e-15 142.88325 0 0 0 0 77.769514 0 0 0 0 0 0 0 0 0 0 0 0 0 0 0 0 0 0 
0 0 0 0 0 0 0 0 0 0 0 0 0 0 0 0 0 0 0 0 0 0 0 0 0 67.995806 0 0 0 62.218744 0 0 0 72.625107 26.441433 -7.1054274e-15 0 0 0 0 0 0 0 0 0 0 0 0 0 0 -7.1054274e-15 -7.1054274e-15 0 -7.1054274e-15 0.0020544658 0.022250695 233.2543 0 0 0 0 58.149123 0 0 0.032024965 116.41722 0 0 0 0 29.352129 0 0 0 0 0 0 0 0 0 0 0 0 0 0 0 0 0 0 
0 0 0 0 0 0 0 0 0 0 0 0 0 0 0 0 0 0 0 0 0 0 0 0 0 112.11591 7.1054274e-15 0 0 65.472085 3.5527137e-15 -3.5527137e-15 0 16.140346 88.592302 0 0 0 0 0 0 0 0 0 0 0 0 0 0 0 0 0 0 0.023265092 0.039691332 0.089730636 244.23391 0 0 0 3.5527137e-15 57.877278 0 0 0 42.647235 0 0 0 0 0 0 0 0 0 0 0 0 0 0 0 0 0 0 0 0 0 0 0 
0 0 0 0 0 0 0 0 0 0 0 0 0 0 0 0 0 0 0 0 0 0 0 0 0 111.85104 7.1054274e-15 0 0 73.212722 -3.5527137e-15 0 0 38.05551 0 0 0 0 0 0 0 0 0 0 0 0 0 0 0 0 0 0 0.0087351799 7.1054274e-15 0.028108878 0 224.43937 0 0 0 0 61.67511 0 0 0 0 0 0 0 0 1.5365608 0 0 0 0 0 0 0 0 0 0 0 0 0 0 0 0 0 0 
0 0 0 0 0 0 0 0 0 0 0 0 0 0 0 0 0 0 0 0 0 0 0 0 0 106.79326 0 0 16.809633 38.448406 -3.5527137e-15 -3.5527137e-15 0 0 0 0 0 0 0 0 0 0 0 0 0 0 0 0 0 0 0.027338786 0.039719014 0 0 0.0017744033 0 235.2306 0 0 0 0 68.513006 0 0 0 0 0 0 0 0.032046698 54.941853 0 0 0 0 0 0 0 0 0 0 0 0 0 0 0 0 0 0 
0 0 0 0 0 0 0 0 0 0 0 0 0 0 0 0 0 0 0 0 0 0 0 0 0 93.28853 0 0 104.24458 0 -7.1054274e-15 0 0 0 0 0 0 0 0 0 0 0 0 0 0 0 0 0 0 0 0 0 0 0 7.1054274e-15 0 224.89679 0 0 0 0 75.065686 0 0 0 0 0 0 0 0 111.48331 0 0 0 0 0.047542662 0 0 0 0 0 0 0 0 0 0 0 0 0 
0 0 0 0 0 0 0 0 0 0 0 0 0 0 0 0 0 0 0 0 0 0 0 0 0 81.761655 7.1054274e-15 0 111.76164 0.021147245 0 0 0 0 0 0 0 0 0 0 0 0 0 0 0 0 0 0 0 0 0 0 0.029399785 0 0 7.1054274e-15 185.05657 0 0 0 0 84.667847 0 0 0 0 0 0 0 0 98.110337 0 0 0 0 103.11608 0 0 0 0 0 0 0 0 0 0 0 0 0 
0 0 0 0 0 0 0 0 0 0 0 0 0 0 0 0 0 0 0 0 0 0 0 0 0 76.178801 0 0 55.782821 0.024933649 2.220446e-16 -3.5527137e-15 3.5527137e-15 0 0 0 0 0 0 0 0 0 0 0 0 0 0 0 0 0 0 7.1054274e-15 0.056776164 0.031042354 0.045285552 0.075567739 160.26014 0 0 0 7.1054274e-15 89.622424 0 0 0 0 0 0 0 0 91.549528 0 0 0 0 88.640074 0 0 0 0 0 0 0 0 0 0 0 0 0 
0 0 0 0 0 0 0 0 0 0 0 0 0 0 0 0 0 0 0 0 0 0 0 0 0 70.055458 0 0 58.328184 0.045652901 0 0 0 0 0 0 0 0 0 0 0 0 0 0 0 0 0 0 0 0 0 7.1054274e-15 0 7.1054274e-15 -7.1054274e-15 0.064468137 109.52708 0 0 0 0 90.855413 0 0 0 0 0 0 0 0 87.351515 0 0 0 0 71.443846 0 0 0 0 0 0 0 0 0 0 0 0 0 
0 0 0 0 0 0 0 0 0 0 0 0 0 0 0 0 0 0 0 0 0 0 0 0 0 65.662494 0 0 46.677211 1.4038925 4.1620926 3.5527137e-15 0 0 0 0 0 0 0 0 0 0 0 0 0 0 0 0 0 0 -3.5527137e-15 7.1054274e-15 3.5527137e-15 0 0.046204858 0.091409818 27.426647 82.455458 0 0 0 82.835176 0 0 0 0 0 0 0 0 80.817223 0 0 0 0 61.926437 0 0 0 0 0 0 0 0 0 0 0 0 0 
0 0 0 0 0 0 0 0 0 0 0 0 0 0 0 0 0 0 0 0 0 0 0 0 0 74.835987 -7.1054274e-15 0 0.67773678 46.838216 0.023386812 -3.5527137e-15 0 0 0 0 0 0 0 0 0 0 0 0 0 0 0 0 0 0 0.034625586 0.010839637 0.057013881 0 7.1054274e-15 0.038569097 0.069973898 4.0911058 42.917775 0 0 74.151836 0 0 0 0 0 -8.8817842e-16 0 0 79.419393 0 0 0 0 59.424151 0 0 0 0 0 0 0 0 0 0 28.410478 0 0 
0 0 0 0 0 0 0 0 0 0.4769717 0 0 0 0 0 0 0 0 0 0 0 0 0 0 0 74.08674 7.1054274e-15 0 36.815744 0 33.12915 0 0 0 0 0 0 0 0 0 0 0 0 0 0 0 0 0 0 0 0 0.042307344 0 7.1054274e-15 0 0.03532343 0 0.036173648 10.153727 0.010114538 0.092421736 107.98298 0 0 0 0 -7.1054274e-15 0 0 0 85.841397 0 0 0 -7.1054274e-15 61.414553 0 0 0 0 0 0 0 0 0 0 31.630857 0 0 
0 0 0 0 0 0 0 0 0 50.701314 0 0 0 0 0 0 0 0 0 0 0 0 0 0 0 66.044693 0 0 33.864617 30.023178 -8.8817842e-16 0 0 0 0 0 0 0 0 0 0 0 0 0 0 0 0 0 0 0 0 0 -6.6613381e-16 0.093569598 3.5527137e-15 0 7.1054274e-15 666.66971 23.854791 0 0.13669982 118.38609 0 0 0 0 0 0.029480612 0 0.025098701 91.030412 0 0 0 0 59.500159 0 0 0 0 0 0 0 0 0 0 35.999901 0 0 
0 0 0 0 0 0 0 0.002192938 0 0 167.13095 52.615532 0 0 0 0 0 0 0 0 0 0 0 0 0 67.981183 0 0 3.9563765 38.790053 30.393139 0 0 0 0 0 0 0 0 0 0 0 0 0 0 0 0 0 0 0 0 -3.5527137e-15 1.2212453e-15 0.0045571393 0.088356129 0.060870513 226.58861 0 0 0 0 34.560007 0 0 0 7.1054274e-15 0 0 0.052545795 0 0.12086013 0 0.033714758 0.070284819 0 0 37.347965 0 0 0 0 0 0 0 0 0 10.583292 0 0 
0 0 0 0 0 0 0 8.8817842e-16 7.1054274e-15 171.12469 3.5527137e-15 0 0 0 0 0 0 0 0 0 20.359388 0 0 0 0 66.959872 0 0 6.138572 57.417101 21.428013 3.5527137e-15 0 0 0 0 0 0 0 0 0 0 0 0 0 0 0 0 0 0 0 0.039961696 0.02299028 0.04362253 0.015314101 0.07489331 120.98611 0 0 0 0 0 0 0 0 -3.5527137e-15 0 35.300665 0 -7.1054274e-15 4.7821122 2.6645353e-15 2.220446e-15 0 0 0.089933517 58.028845 0 0 0 0 0 0 0 0 0 0 0 0 
0 0 0 0 0 0 0 0.0070383069 86.038759 87.423595 3.5527137e-15 0 0 0 0 0 0 0 0 0 72.072189 0 0 0 0 99.631767 0.098909606 0 85.371895 12.262643 4.4408921e-16 -3.5527137e-15 0 0 0 0 0 0 0 0 0 0 0 0 0 0 0 0 0 0 0 0.018527921 0.054250259 0.0013568861 0.0030455665 0.0081928295 115.41987 0 0 0 0 30.044992 0 0 0 0 110.63242 80.057929 0 0 158.70247 28.100734 0 -7.1054274e-15 -7.1054274e-15 223.73793 0 0 0 0 0 0 0 0 0 0 0 0 0 
0 0 0 1.7763568e-15 -7.1054274e-15 0 25.41477 0 0 79.1872 0 3.5527137e-15 -7.1054274e-15 0 0 0 0 0 0 0 23.903704 0 0 0 110.27023 231.34682 0 3.5527137e-15 47.178504 0.027138007 0 3.5527137e-15 0 0 0 0 0 0 0 0 0 0 0 0 0 0 0 0 0 0 0 0 8.8817842e-16 -4.4408921e-16 0.00409005 0.044749873 95.993644 0 0 0 0 93.206092 0 0 0 3.5527137e-15 57.645757 0 0 0 8.0555404 9.7121597 0.047763933 0 0 144.67405 0 0 0 0 0 0 0 0 0 0 0 0 0 
0 0 0 6.3768564 48.071741 99.813308 25.778558 0 0 27.524302 29.091196 0 0 0 0 0 0 0 0 0 50.274059 0.14732666 0 158.37764 268.65355 1.0658141e-14 0 0 0 5.3290705e-15 0 0 0 0 0 0 0 0 0 0 0 0 0 0 0 0 0 0 0 0 3.5527137e-15 0 0.016502066 0.01847219 0.036886124 0 143.82626 0 0 0 0 86.643813 0 0 0 3.5527137e-15 90.026987 0 0 0 0 78.173775 0 0 0 30.946824 0 0 0 0 0 0 0 0 0 0 10.793696 8.8817842e-16 0 
0 0 0 0 0 0 0 0 0 12.374989 50.798333 -1.7763568e-15 0 0 0 0 0 0 0 0 179.63078 -3.5527137e-15 0.094220365 0.025295565 0.006465799 0 -1.0658141e-14 0 0 -7.1054274e-15 0 0 0 0 0 0 0 0 0 0 0 0 0 0 0 0 0 0 0 0 3.5527137e-15 0 0 0 0.041727287 0.012805866 128.24593 23.913338 0 0 0 0 -1.7763568e-15 0.026295593 0 0 101.74731 0 0 0 0 40.546717 42.791083 0 0 0 0 0 0 0 0 0 0 0 0 0 98.9152 0 0 
0 0 0 0 0 0 77.899691 -7.1054274e-15 0 42.317808 26.041168 3.5527137e-15 0 0 0 0 0 0 0 0 0 90.295823 0.059157157 0.039393346 0.17276445 -5.3290705e-15 3.5527137e-15 0 0 0 0 0 0 0 0 0 0 0 0 0 0 0 0 0 0 0 0 0 0 0 -3.5527137e-15 -7.1054274e-15 0 0 3.5527137e-15 0 88.773896 113.05958 0 0 0 -3.5527137e-15 1.7763568e-15 8.8817842e-16 0 0.037251304 40.246273 0 0 0 0 81.785801 0 0 0 0 0 0 0 0 0 0 0 0 0 0 80.820558 0 0 
0 0 0 0 0 0 99.137105 0.031442896 0 70.450765 0 3.5527137e-15 0 0 0 0 0 0 0 0 0 81.488174 0.085492041 0.0043182732 0.14415401 0 0 3.5527137e-15 0 0 0 0 0 0 0 0 0 0 0 0 0 0 0 0 0 0 3.5527137e-15 0 0 0 -3.5527137e-15 7.1054274e-15 0 0 0.01184865 0.057920454 0.37696822 291.97238 68.199781 0 3.5527137e-15 6.6170101 0 -6.2172489e-15 0 0 24.616903 3.1972811 0 0.081407204 0.090634113 3.0545519 12.457499 0 0 0 0 0 0 0 0 0 0 0 0 37.673015 -3.5527137e-15 0 0 
0 0 47.649067 0 0 0 91.618302 0.068683909 -7.1054274e-15 15.335058 0 0 7.1054274e-15 0 0 0 0 0 0 0 0 91.456062 0.058564059 1.7763568e-15 0.065536696 1.4210855e-14 0 0 0 0 0 0 0 0 0 0 0 0 0 0 0 0 0 0 0 0 0 45.675433 32.838268 5.8427663 0 3.5527137e-15 0.020648784 0.041726841 0.047049046 0.14650053 0.0013754386 521.86676 0 0 0 109.94917 20.384007 0 0 -7.1054274e-15 43.360591 137.63389 0 0.029789874 7.1054274e-15 0.10616311 42.203208 0 0 0 0 0 0 0 0 0 0 0 0 51.238479 91.338291 0 0 
0 0 92.501364 0 0 0 77.021172 -7.1054274e-15 0 3.7412733 3.5527137e-15 0 7.1054274e-15 0 0 0 0 0 0 0 0 93.501057 0.014000168 0.046947979 0 1.4210855e-14 0 0 0 0 0 0 0 0 0 0 0 0 0 0 0 0 0 0 0 0 7.1054274e-15 115.37942 0 0 0 0 0.012992555 0.064484979 0.07998696 0.085146982 0.20644478 275.41301 0 0 0 126.13843 0 0 0 0.040835427 121.05716 0 0 0 0 86.372984 44.083766 0 0 0 0 0 0 0 0 0 0 0 160.27252 76.608701 7.1054274e-15 0 0 
0 0 69.339608 7.1054274e-15 0 0 62.122896 0 0 0 0 0 0 0 0 0 0 0 0 0 0 86.829626 0.037542889 0 1.4210855e-14 0 0 0 0 0 0 0 0 0 0 0 0 0 0 0 0 0 0 0 0 0 0 18.244276 0 0 0 0.025989644 0 0.014171131 0.022993525 0.068278517 0.029783928 216.74803 0 0 -7.1054274e-15 45.740512 0 0 0 0 78.263643 0 0 0 -3.5527137e-15 177.39897 21.956919 0 0 0 0 0 0 0 0 0 0 0 252.82189 0 0 7.1054274e-15 0 
0 0 71.011146 -7.1054274e-15 0 0 89.075745 0 0 0 0 0 0 0 0 0 0 0 0 0 0 78.209914 0 3.5527137e-15 1.4210855e-14 7.1054274e-15 0 0 0 0 0 0 0 0 0 0 0 0 0 0 0 0 0 0 0 0 0 0 0 0 0 0.016758727 -3.1086245e-15 0 0 0.006836431 0.027532806 153.01426 0 0 0 0 0 0 0 -7.1054274e-15 71.680185 0 0 0 0 0 149.98809 0 0 0 0 0 0 0 0 0 85.849854 195.16992 22.425591 7.1054274e-15 0 0 0 
0 0 69.242353 0.016176659 0 0 77.980753 0.0088914657 0 0 0 0 0 0 0 0 0 0 0 0 0 84.353651 -3.5527137e-15 0 0 0 0 0 0 0 0 0 0 0 0 0 0 0 0 0 0 0 0 0 0 0 0 0 0 0 0 0 0.0043510515 0 0.027438658 0.040928056 0.042935125 116.30348 0 0 0 0 0 0 0 0 67.355648 0 0 0 0 0 46.310311 0 0 0 0 0 0 0 0 0 41.025425 2.6645353e-15 -3.1086245e-15 -7.1054274e-15 7.1054274e-15 0 0 
0 0 70.545545 0 0 0 0 63.541524 0 0 0 0 0 0 0 0 0 0 0 0 0 128.37575 -7.1054274e-15 0 0 0 0 0 0 0 0 0 0 0 0 0 0 0 0 0 0 0 0 0 0 0 0 0 0 0 0 0 28.980765 0.054930061 0 0 0.03073922 91.716955 0 0 0 0 0 0 0 0 69.280411 0 0 0 3.5527137e-15 3.5527137e-15 52.460744 0 0 0 0 0 0 0 0 0 135.09179 0 1.7763568e-15 7.1054274e-15 -7.1054274e-15 7.1054274e-15 0 
0 0 68.351473 0 0 0 0 65.144509 0 0 0 0 0 0 0 0 0 0 0 0 0 105.62423 0 7.1054274e-15 0 0 0 0 0 0 0 0 0 0 0 0 0 0 0 0 0 0 0 0 0 0 0 0 0 0 0 0 29.5967 -1.7763568e-15 0.058807544 0 0.024805477 101.84874 0 0 0 0 0 0 0 0 73.826675 0 0 0 3.5527137e-15 0 42.187715 0 0 0 0 0 0 0 0 0 153.59249 -7.1054274e-15 -2.1316282e-14 -7.1054274e-15 7.1054274e-15 0 0 
0 0 62.273611 0.016662113 0 0 0 65.682413 0.0021045628 0 0 0 0 0 0 0 0 0 0 0 0 80.338836 7.1054274e-15 0 0 0 0 0 0 0 0 0 0 0 0 0 0 0 0 0 0 0 0 0 0 0 0 0 0 0 0 0 24.681756 -8.8817842e-16 0.036874607 0 0.064879299 100.58518 0 0 0 0 0 0 0 0 79.91683 0 0 0 0 60.875228 0 0 0 0 0 0 0 0 0 0 105.44838 0 -7.1054274e-15 0 0 0 0 
0 0 57.208156 0 0 0 0 67.242776 0 0 0 0 0 0 0 0 0 0 0 0 0 57.687202 -3.5527137e-15 0 0 0 0 0 0 0 0 0 0 0 0 0 0 0 0 0 0 0 0 0 0 0 0 0 0 0 0 0 5.6152975 0 0.0033942108 0 0.018027988 117.05809 0 0 0 0 0 0 0 -7.1054274e-15 86.617522 0 0 0 7.1054274e-15 65.969051 0 0 0 0 0 0 0 0 0 0 63.25728 0 0 0 0 0 0 
0 0 56.63348 0 0 0 0 64.87522 0.033765227 0 0 0 0 0 0 0 0 0 0 0 0 54.065741 3.5527137e-15 0 0 0 0 0 0 0 0 0 0 0 0 0 0 0 0 0 0 0 0 0 0 0 0 0 0 0 0 3.5527137e-15 0 1.7763568e-15 0.0070875004 0.037078558 0 117.48533 0 0 0 0 0 0 0 0 96.926968 0 0 0 0 72.010367 0 0 0 0 0 0 0 0 0 0 58.889845 0 0 0 0 0 0 
0 0 58.179811 -3.5527137e-15 0 0 0 60.904097 0 0 0 0 0 0 0 0 0 0 0 0 0 54.182378 0 0 0 0 0 0 0 0 0 0 0 0 0 0 0 0 0 0 0 0 0 0 0 0 0 0 0 0 0 0 1.7763568e-15 0.00036104501 0.018251439 0.037487027 0.11361906 127.47737 0 0 0 0 0 0 0 0 49.805025 0 0 0 0 79.276847 0 0 0 0 0 0 0 0 0 0 57.227318 0.033032426 0 0 0 0 0 
0 0 73.323787 -3.5527137e-15 0.049524462 0.011018414 0.0045030818 23.641367 3.5527137e-15 0 0 49.454962 -8.8817842e-16 0 0 0 0 0 0 0 0 55.357175 0 0 0 0 0 0 0 0 0 0 0 0 0 0 0 0 0 0 0 0 0 0 0 0 0 0 0 0 0 0 25.905393 15.362513 0 0.011923425 0.01011487 121.05647 0 0 0 0 0 0 0 0 0 0 0 0 0 90.913282 0 0 0 0 0 0 0 0 0 0 57.80035 -3.5527137e-15 0 0 0 0 0 
0 0 99.422321 0 0 0.014642522 22.959566 -3.5527137e-15 0 0 0 105.54428 0 0 0 0 0 0 0 0 0 58.033178 0.029994209 0 0 0 0 0 0 0 0 0 0 0 0 0 0 0 0 0 0 0 0 0 0 0 0 -1.7763568e-15 -8.8817842e-16 0 0 0 36.08017 54.895521 15.008567 0.036091015 0.055568764 92.052099 0 0 0 0 0 0 0 0 0 0 0 0 -7.1054274e-15 44.683796 0 0 0 0 0 0 0 0 0 0 58.259799 0 0 0 0 0 0 
0 0 101.58344 0.01757071 0.025692231 5.0427158 38.025422 32.357558 3.5527137e-15 0 0 113.57741 -7.1054274e-15 0 0 0 0 0 0 0 0 59.955114 0 0 0 0 0 0 0 0 0 0 0 0 0 0 0 0 0 0 0 0 0 0 0 0 0 -1.2434498e-14 -1.7763568e-15 25.22425 0 7.1054274e-15 90.040482 1.5122684 0 0 0.0048733653 77.932896 0 0 0 0 0 0 0 0 0 0 0 0 0 0 0 0 0 0 0 0 0 0 0 0 57.62162 0 0 0 0 0 0 
0 0 92.337895 0.0041429489 0 0 0 69.506256 0.0036925059 0 0 149.50022 0 0 0 0 0 0 0 0 0 56.286036 0 0 0 0 0 0 0 0 0 0 0 0 0 0 0 0 0 0 0 0 0 0 0 0 0 0 3.5527137e-15 61.941163 0 0 97.11881 0 0 0 0 69.882204 0 0 0 0 0 0 0 0 0 0 0 0 0 0 0 0 0 0 0 0 0 0 0 0 55.477502 -3.5527137e-15 0 0 0 0 0 
0 0 76.109323 0 0 0 1.3531844 76.056634 0.014413099 0 0 0 149.25143 0.0015261173 0 0 0 0 0 0 0 55.054785 0 0 0 0 0 0 0 0 0 0 0 0 0 0 0 0 0 0 0 0 0 0 0 0 0 0 17.429832 28.920347 0 0 98.152923 0 0 0 0 64.848133 0 0 0 0 0 0 0 0 0 0 0 0 0 0 0 0 0 0 0 0 0 0 0 0 54.647707 0 0 0 0 0 0 
0 36.735552 26.771623 0 0 0 0 63.913594 3.5527137e-15 0 0 0 127.75118 0.0011616252 0 0 0 0 0 0 0 64.929591 0 0 0 0 0 0 0 0 0 0 0 0 0 0 0 0 0 0 0 0 0 0 0 0 0 3.5527137e-15 73.324192 0 0 0 88.068185 0 0 0 0 65.658724 0 0 0 0 0 0 0 0 0 0 0 0 0 0 0 0 0 0 0 0 0 0 0 0 58.763461 3.5527137e-15 0 0 0 0 0 
26.900521 24.049467 0 0 0 0 0 60.001991 0 0 0 0 108.91043 0.024950197 0 0 0 0 0 0 0 77.255405 0 0 0 0 0 0 0 0 0 0 0 0 0 0 0 0 0 0 0 0 0 0 0 0 0 0 117.65155 0 0 0 6.4471755 65.472995 0 0 0 67.423589 0 0 0 0 0 0 0 0 0 0 0 0 0 0 0 0 0 5.1070259e-15 53.341481 0 0 0 0 0 75.50651 0 0 0 0 0 0 
0 73.193623 0.072393286 0.008531052 0 0 0 63.761003 0 0 0 0 54.980574 0 0 0 0 0 0 0 0 23.998748 0 0 0 0 0 0 0 0 0 0 0 0 0 0 0 0 0 0 0 0 0 0 -1.7763568e-15 0 -3.5527137e-15 0 106.48586 0 0 0 44.032176 0 0 0 -7.1054274e-15 66.223013 0 0 0 0 0 0 0 0 0 0 0 0 0 0 0 0 0 0 96.226239 0 0 0 0 0 61.410794 0 0 0 0 0 0 
0 5.8016601 71.736114 0 0 0 31.741557 29.976731 0 0 0 0 0 0 0 0 0 0 0 0 0 0 0 0 0 0 0 0 0 0 0 0 0 0 0 0 0 0 0 0 0 0 0 0 0 0 -3.5527137e-15 -7.1054274e-15 125.50451 0 0 0 104.9507 0 0 0 0 65.640758 0 0 0 0 0 0 0 0 0 0 0 0 0 0 0 0 0 0 80.420424 0 0 0 0 0 6.2052181 0 0 0 0 0 0 
0 0 64.147059 0 -3.5527137e-15 0 30.928889 30.382604 0.0064038046 0 0 0 0 0 0 0 0 0 0 0 0 0 0 0 0 0 0 0 0 0 0 0 0 0 0 0 0 0 0 0 0 0 0 0 -7.1054274e-15 -3.5527137e-15 0 1.3322676e-15 121.43394 0 0 -7.1054274e-15 92.476088 0 0 0 0 77.306189 0 0 0 0 0 0 0 0 0 0 0 0 0 0 0 0 0 0 85.991769 0 0 0 0 0 0 0 0 0 0 0 0 
0 0 58.944418 0 0 0 0.49565062 73.509425 0.00013949675 0 0 0 53.910255 0.00084269355 0 0 0 0 0 0 0 0 0 0 0 0 0 0 0 0 0 0 0 0 0 0 0 0 0 0 0 0 0 0 0 190.37393 0 3.5527137e-15 74.12735 0 0 0 92.738112 0 0 0 0 67.244532 0 0 0 0 0 0 0 0 0 0 0 0 0 0 0 0 0 0 67.539596 0 0 0 0 0 0 0 0 0 0 0 0 
0 0 69.03932 0 0 33.052241 3.4382122 31.038331 0.028386155 0 0 0 118.97196 0.0069223948 0 0 0 0 0 0 0 0 0 0 0 0 0 0 0 0 0 0 0 0 0 0 0 0 0 0 0 0 0 0 -3.5527137e-15 99.371434 0 0 19.148957 0 0 0 104.67014 0 0 0 0 8.6272314 0 0 0 0 0 0 0 0 0 0 0 0 0 0 0 0 0 0 2.2034804 0 0 0 0 0 0 0 0 0 0 0 0 
0 0 73.372116 -3.5527137e-15 0 0 0 68.686532 -7.1054274e-15 0 0 0 90.671636 0 0 0 0 0 0 0 0 0 0 0 0 0 0 0 0 0 0 0 0 0 0 0 0 0 0 0 0 0 0 7.1054274e-15 63.684182 58.087141 0 0 0 0 0 0 0 78.953468 0 0 0 0 0 0 0 0 0 0 0 0 0 0 0 0 0 0 0 0 0 0 10.219845 0 0 0 0 0 0 0 0 0 0 0 0 
0 0 59.838864 0 0 0 0 72.311777 0 0 0 0 93.717315 7.1054274e-15 0 0 0 0 0 0 0 0 0 0 0 0 0 0 0 0 0 0 0 0 0 0 0 0 0 0 0 0 3.5527137e-15 3.5527137e-15 113.72628 0 0 0 0 0 0 0 0 0 0 0 0 0 0 0 0 0 0 0 0 0 0 0 0 0 0 0 0 0 0 0 70.429183 0 0 0 0 0 0 0 0 0 0 0 0 
0 0 55.645491 0 -3.5527137e-15 0 0 67.587031 7.1054274e-15 0 0 0 97.023819 0 0 0 0 0 0 0 0 0 0 0 0 0 0 0 0 0 0 0 0 0 0 0 0 0 0 0 0 0 0 105.07091 0 0 0 0 0 0 0 0 5.3290705e-15 38.925407 0 0 0 0 0 0 0 0 0 0 0 0 0 0 0 0 0 0 0 0 0 0 109.46347 0 0 0 0 0 0 0 0 23.047888 0 0 0 
0 0 53.770569 0 0 0 0 76.017554 0 0 0 0 74.431999 0.015491407 0 0 0 0 0 0 0 0 0 0 0 0 0 0 0 0 0 0 0 0 0 0 0 0 0 0 -7.1054274e-15 -7.1054274e-15 0.022241529 78.977076 0 0 0 0 0 0 0 0 0 100.278 0 0 0 0 0 0 0 0 0 0 0 0 0 0 0 0 0 0 0 0 0 0 103.26896 0 0 0 0 0 0 0 0 0 33.185621 0 0 
0 0 72.157847 0 0 0 0 77.658533 -7.1054274e-15 0 0 0 77.652652 0 0 0 0 0 0 0 0 0 0 0 0 0 0 0 0 0 0 0 0 0 0 0 0 0 0 0 0 0.025593184 0.0097998686 137.04301 0 0 0 0 0 0 0 0 0 106.38814 0 0 0 0 0 0 0 0 0 0 0 0 0 0 0 0 0 0 0 0 0 0 47.521739 0 0 0 0 0 0 0 0 0 43.618688 0 0 
0 0 73.245149 -3.5527137e-15 0 0 0 62.64149 0 0 0 0 74.121264 0 0 0 0 0 0 0 0 0 0 0 0 0 0 0 0 0 0 0 0 0 0 0 0 0 7.1054274e-15 0 0 7.1054274e-15 30.265326 112.21421 0 0 0 0 0 0 0 0 0 107.20266 0 0 0 0 0 0 0 -3.5527137e-15 35.70437 0 0 0 0 0 0 0 0 0 0 0 0 0 0 0 0 0 0 0 0 0 0 0 0 0 0 
0 0 0 74.545289 0 0 0 58.359509 0 0 0 0 67.791717 0 0 0 0 0 0 0 0 0 0 0 0 0 0 0 0 0 0 0 0 0 0 0 0 0 0 0 262.68287 150.44207 44.611633 0 0 0 0 0 0 0 0 0 0 104.02041 0 0 0 0 0 0 0 0 96.974104 0 0 0 0 0 0 0 0 0 0 0 0 0 0 0 0 0 0 0 0 0 0 0 0 0 0 
0 0 0 64.658616 0 0 47.199292 -3.5527137e-15 0 0 30.635774 0.011341092 21.985743 0 0 0 0 0 0 0 0 0 0 0 0 0 0 0 0 0 0 0 0 0 0 0 0 0 0 70.418236 10.958376 0 19.660245 0 0 0 0 0 0 0 0 0 0 97.259687 0 0 0 0 0 0 0 0 105.01251 0 0 0 0 0 0 0 0 0 0 0 0 0 0 0 0 0 0 0 0 0 0 0 0 0 0 
0 0 0 74.132287 3.5527137e-15 0 47.568916 60.515742 0 0 0 8.2655699 62.873751 0 0 0 0 0 0 0 0 0 0 0 0 0 0 0 0 0 0 0 0 0 0 0 0 0 0 0.018203225 20.708165 0 0 0 0 0 0 0 0 0 0 0 0 85.718917 0 0 0 0 0 0 0 0 94.399259 0 0 0 0 0 0 0 0 0 0 0 0 0 0 0 0 0 0 0 0 0 0 0 0 0 0 
0 0 0 83.190941 0 0 1.5932036 115.24904 0 0 0 0 69.14478 0.0097106688 0 0 0 0 0 0 0 0 0 0 0 0 0 0 0 0 0 0 0 0 0 0 0 0 -7.1054274e-15 100.06787 0 0 0 0 0 0 0 0 0 0 0 0 41.118221 19.105704 0 0 0 0 0 0 0 0 80.455893 0 0 0 0 0 0 0 0 0 0 0 0 0 42.956274 0 0 0 0 0 0 0 0 0 0 0 0 
0 0 0 62.639411 -3.5527137e-15 0 0 65.974065 0 0 0 0 89.483356 0 0 0 0 0 0 0 0 0 0 0 0 0 0 0 0 0 0 0 0 0 0 0 0 0 0 89.154464 0 0 0 0 0 0 0 0 0 0 0 0 0 63.972045 0 0 0 0 0 0 0 0 62.479588 0 0 0 0 0 0 0 0 0 0 0 0 0 92.28385 0 0 0 0 0 0 0 0 0 0 0 0 
0 0 0 61.064419 0 0 0 62.028121 0 0 0 0 72.866914 7.1054274e-15 0 0 0 0 0 0 0 0 0 0 0 0 0 0 0 0 0 0 0 0 0 0 0 -7.1054274e-15 0 109.769 0 0 0 0 0 0 0 0 0 0 0 0 0 73.185183 0 0 0 0 0 0 0 2.6645353e-15 45.972236 0 0 0 0 0 0 0 0 0 0 0 0 0 97.089896 0 0 0 0 0 0 0 0 0 0 0 0 
0 0 0 59.89672 0 0 0 65.170833 0 0 0 0 86.827482 0 0 0 0 0 0 0 0 0 0 0 0 0 0 0 0 0 0 0 0 0 0 0 0 0 0 140.75033 0 0 0 0 0 0 0 0 0 0 0 0 0 12.031759 0 0 0 0 0 0 0 0 52.391376 0 0 0 0 0 0 0 0 0 0 0 0 0 105.55047 0 0 0 0 0 0 0 0 0 0 0 0 
0 0 0 60.993388 -3.5527137e-15 0 0 62.621706 0 0 0.5211967 0 103.70556 0 0 0 0 0 0 0 0 0 0 0 0 0 0 0 0 0 0 0 0 0 0 0 7.1054274e-15 -3.5527137e-15 3.5527137e-15 77.900787 0 0 0 0 0 0 0 0 0 0 0 0 0 0 0 0 0 0 0 0 0 0 3.9401501 0 0 0 0 0 0 0 0 0 0 0 0 0 100.54242 0 0 0 0 0 0 0 0 0 0 0 0 
0 0 0 63.838197 0 0 0 116.70119 0.0070548611 0 0 0 104.94467 -7.1054274e-15 0 0 0 0 0 0 0 0 0 0 0 0 0 0 0 0 0 0 0 0 0 0 0 78.463151 35.809662 0 0 0 0 0 0 0 0 0 0 0 0 0 0 0 0 0 0 0 0 0 0 0 0 0 0 0 0 0 0 0 0 0 0 0 0 0 9.3089335 0 0 0 0 0 0 0 0 0 0 0 0 
0 0 0 64.659246 0 0 0 130.30265 0.007411917 7.1054274e-15 0 0 96.355592 -7.1054274e-15 0 0 0 0 0 0 0 0 0 0 0 0 0 0 0 0 0 0 0 7.1054274e-15 0 0 0 24.945347 0 0 0 0 0 0 0 0 0 0 0 0 0 0 0 0 0 0 0 0 0 0 0 0 0 0 0 0 0 0 0 0 0 0 0 0 0 0 0 0 0 0 0 0 0 0 0 0 0 0 0 
0 0 0 64.601812 0 0 0 0 75.302282 -7.1054274e-15 0 0 88.969134 0 -7.1054274e-15 0 0 0 0 0 0 0 0 0 0 0 0 0 0 0 0 0 0 0 0 5.3290705e-15 68.351488 0 0 0 0 0 0 0 0 0 0 0 0 0 0 0 0 0 0 0 0 0 0 0 0 0 0 0 0 0 0 0 0 0 0 0 0 0 0 0 0 0 0 0 0 0 0 0 0 0 0 0 0 
0 0 0 63.823312 0 0 0 0 68.479493 0 0 0 82.81531 0 0 0 0 0 0 0 0 0 0 0 0 0 0 0 0 0 0 0 0 0 3.5527137e-15 86.649357 15.842524 0 0 0 0 0 0 0 0 0 0 0 0 0 0 0 0 0 0 0 0 0 0 0 0 0 0 0 0 0 0 0 0 0 0 0 0 0 0 0 0 0 0 0 0 0 0 0 0 0 0 0 0 
0 0 0 65.613874 0.014293808 0 0 0 64.372464 0 0 0 75.123897 7.1054274e-15 0 0 0 0 0 0 0 0 0 0 0 0 0 0 0 0 0 0 0 0 33.128387 44.185807 0 0 0 0 0 0 0 0 0 0 0 0 0 0 0 0 0 0 0 0 0 0 0 0 0 0 0 0 0 0 0 0 0 0 0 0 0 0 0 0 0 0 0 0 0 0 0 0 0 0 0 0 0 
0 0 0 69.82183 0.0083025355 0 0 0 62.41788 0 0 0 77.082549 7.1054274e-15 0 0 0 0 0 0 0 0 0 0 0 0 0 0 0 0 0 0 0 0 103.84414 0 0 0 0 0 0 0 0 0 0 0 0 0 0 0 0 0 0 0 0 0 0 0 0 0 0 0 0 0 0 0 0 0 0 0 0 0 0 0 0 0 0 0 0 0 0 0 0 0 0 0 0 0 0 
0 0 0 70.436546 0.0013516699 0 0 0 67.72348 0.05108126 0 0 94.151248 0 0 0 0 0 0 0 0 0 0 0 0 0 0 0 0 0 0 0 0 0 62.771342 0 0 0 0 0 0 0 0 0 0 0 0 0 0 0 0 0 0 0 0 0 0 0 0 0 0 0 0 0 0 0 0 0 0 0 0 0 0 0 0 0 0 0 0 0 0 0 0 0 0 0 0 0 0 
0 0 0 70.624991 0 0 0 0 71.556135 0.004014902 0 0 51.913617 0 0 0 0 0 0 0 0 0 0 0 0 0 0 0 0 0 0 0 0 0 15.809987 0 0 0 0 0 0 0 0 0 0 0 0 0 0 0 0 0 0 0 0 0 0 0 0 0 0 0 0 0 0 0 0 0 0 0 0 0 0 0 0 0 0 0 0 0 0 0 0 0 0 0 0 0 0 
0 0 0 65.202281 -7.1054274e-15 0 0 0 70.822 0 0 0 0 0 0 0 0 0 0 0 0 0 0 0 0 0 0 0 0 0 0 0 0 0 0 0 0 0 0 0 0 0 0 0 0 0 0 5.3290705e-15 32.164406 0 0 0 0 0 0 0 0 0 0 0 0 0 0 0 0 0 0 0 0 0 0 0 0 0 0 0 0 0 0 0 0 0 0 0 0 0 0 0 0 
0 0 0 62.562078 0 0 0 0 70.019048 0 0 0 0 0 0 0 0 0 0 0 0 0 0 0 0 0 0 0 0 0 0 0 0 0 0 0 0 0 0 0 0 0 0 0 0 0 0 0 93.714041 0 0 0 0 0 0 0 0 0 0 0 0 0 0 0 0 0 0 0 0 0 0 0 0 0 0 0 0 0 0 0 0 0 0 0 0 0 0 0 0 
0 0 0 66.233851 0 0 0 0 68.114638 0.0068120129 0 0 36.287763 0 0 0 0 0 0 0 0 0 0 0 0 0 0 0 0 0 0 0 0 0 0 0 0 0 0 0 0 0 0 0 0 0 0 0 90.854464 0 0 0 0 0 0 0 0 0 0 0 0 0 0 0 0 0 0 0 0 0 0 0 0 0 0 0 0 0 0 0 0 0 0 0 0 0 0 0 0 
0 0 0 70.567434 0 0 0 0 66.299296 0 0 0 67.636915 0 0 0 0 0 0 0 0 0 0 0 0 0 0 0 0 0 0 0 0 0 0 0 0 0 0 0 0 0 0 0 0 0 0 0 56.199811 0 0 0 0 0 0 0 0 0 0 0 0 0 0 0 0 0 0 0 0 0 0 0 0 0 0 0 0 0 0 0 0 0 0 0 0 0 0 0 0 
0 0 0 72.985072 0 0 0 0 66.476174 0 0 0 0 7.707471 0 0 0 0 0 0 0 0 0 0 0 0 0 0 0 0 0 0 0 0 0 0 0 0 0 0 0 0 0 0 0 0 0 0 0 47.05923 0 0 0 0 0 0 0 0 0 0 0 0 0 0 0 0 0 0 0 0 0 0 0 0 0 0 0 0 0 0 0 0 0 0 0 0 0 0 0 
0 0 0 70.987384 -7.1054274e-15 0 0 0 66.577917 0 0 0 0 0 0 0 0 0 0 0 0 0 0 0 0 0 0 0 0 0 0 0 0 0 0 0 0 0 0 0 0 0 0 0 0 0 0 0 0 16.863877 0 0 0 0 0 0 0 0 0 0 0 0 0 0 0 0 0 0 0 0 0 0 0 0 0 0 0 0 0 0 0 0 0 0 0 0 0 0 0 
0 0 0 65.776562 0 0 0 0 65.922151 0 0 0 0 0 0 0 0 0 0 0 0 0 0 0 0 0 0 0 0 0 0 0 0 0 0 0 0 0 0 0 0 0 0 0 0 0 0 0 0 0 0 0 0 0 0 0 0 0 0 0 0 0 0 0 0 0 0 0 0 0 0 0 0 0 0 0 0 0 0 0 0 0 0 0 0 0 0 0 0 
3.5527137e-15 0 0 63.744991 0 0 0 0 65.983934 0 0 0 0 0 0 0 0 0 0 0 0 0 0 0 0 0 0 0 0 0 0 0 0 0 0 0 0 0 0 0 0 0 0 0 0 0 0 0 0 0 0 0 0 0 0 0 0 0 0 0 0 0 0 0 0 0 0 0 0 0 0 0 0 0 0 0 0 0 0 0 0 0 0 0 0 0 0 0 0 
2.6645353e-15 0 0 66.410109 0 0 0 0 68.296803 0 0 0 0 50.198203 0 0 0 0 0 0 0 0 0 0 0 0 0 0 0 0 0 0 0 0 0 0 0 0 0 0 0 0 0 0 0 0 0 0 0 0 0 0 0 0 0 0 0 0 0 0 0 0 0 0 0 0 0 0 0 0 0 0 0 0 0 0 0 0 0 0 0 0 0 0 0 0 0 0 0 
-8.8817842e-16 0 0 69.048767 0 0 0 0 68.556901 0 0 0 0 96.060029 0 0 0 0 0 0 0 0 0 0 0 0 0 0 0 0 0 0 0 0 0 0 0 0 0 0 0 0 0 0 0 0 0 0 0 0 0 0 0 0 0 0 0 0 0 0 0 0 0 0 0 0 0 0 0 0 0 0 0 0 0 0 0 0 0 0 0 0 0 0 0 0 0 0 0 
3.1086245e-15 0 0 68.679847 0 0 0 40.97833 27.1493 0 0 0 0 80.301278 0 0 0 0 0 0 0 0 0 0 0 0 0 0 0 0 0 0 0 0 0 0 0 0 0 0 0 0 0 0 0 0 0 0 0 0 0 0 0 0 0 0 0 0 0 0 0 0 0 0 0 0 0 0 0 0 0 0 0 0 0 0 -1.7763568e-15 35.464121 0 0 0 0 0 0 0 0 0 0 0 
0 0 0 70.014429 0 0 0 34.839465 36.955564 0 0 0 0 71.922222 0 0 0 0 0 0 0 0 0 0 0 0 0 0 0 0 0 0 0 0 0 0 0 0 0 0 0 0 0 0 0 0 0 0 0 0 0 0 0 0 0 0 0 0 0 0 0 0 0 0 0 0 0 0 0 0 0 -1.7763568e-15 31.004065 0 0 0 0 91.323858 0 0 0 0 0 0 0 0 0 0 0 
3.5527137e-15 0 0 70.350057 0 0 0 0 71.771626 0 0 0 0 65.433971 0 0 0 0 0 0 0 0 0 0 0 0 0 0 0 0 0 0 0 0 0 0 0 0 0 0 0 0 0 0 0 0 0 0 0 0 0 0 0 0 0 0 0 0 0 0 0 0 0 0 0 0 0 0 0 0 0 7.1054274e-15 91.418249 0 0 0 0 91.882824 0 0 0 0 0 0 0 0 0 0 0 
0 0 0 69.246185 0 0 0 0 71.745778 0 0 0 0 72.03767 0 0 0 0 0 0 0 0 0 0 0 0 0 0 0 0 0 0 0 0 0 0 0 0 0 0 0 0 0 0 0 0 0 0 0 0 0 0 0 0 0 0 0 0 0 0 0 0 0 0 0 0 0 0 0 0 0 0 85.144659 0 0 0 -7.1054274e-15 81.291809 0 0 0 0 0 0 0 0 0 0 0 
0 0 0 69.702104 0 0 0 0 66.256183 0 0 0 0 60.553406 0 0 0 0 0 0 0 0 0 0 0 0 0 0 0 0 0 0 0 0 0 0 0 0 0 0 0 0 0 0 0 0 0 0 0 0 0 0 0 0 0 0 0 0 0 0 0 0 0 0 0 0 0 0 0 0 0 0 16.097864 0 0 0 0 93.134783 0 0 0 0 0 0 0 0 0 0 0 
0 0 0 79.823803 0 0 0 0 64.090774 0 0 0 0 5.0814695 0 0 0 0 0 0 0 0 0 0 0 0 0 0 0 0 0 0 0 0 0 0 0 0 0 0 0 0 0 0 0 0 0 0 0 0 0 0 0 0 0 0 0 0 0 0 0 0 0 0 0 0 0 0 0 0 0 0 0 0 0 0 0 81.363145 0 0 0 0 0 0 0 0 0 0 0 
7.1054274e-15 0 0 81.107125 7.1054274e-15 0 0 32.049856 33.748441 0 0 0 0 3.7234883 0 0 0 0 0 0 0 0 0 0 0 0 0 0 0 0 0 0 0 0 0 0 0 0 0 0 0 0 0 0 0 0 0 0 0 0 0 0 0 0 0 0 0 0 0 0 0 0 0 0 0 0 0 0 0 0 0 0 0 0 0 0 0 10.860369 0 0 0 0 0 0 0 0 0 0 0 
7.1054274e-15 0 0 0 38.855893 -3.5527137e-15 0 0 0 32.431883 0 0 0 0 0 0 0 0 0 0 0 0 0 0 0 0 0 0 0 0 0 0 0 0 0 0 0 0 0 0 0 0 0 0 0 0 0 0 0 0 0 0 0 0 0 0 0 0 0 0 0 0 0 0 0 0 0 0 0 0 0 0 0 0 0 0 0 0 0 0 0 0 0 0 0 0 0 0 0 
