NCOLS 10
NROWS 151
XLLCORNER 277086.32
YLLCORNER 3833378.9
CELLSIZE 10
NODATA_VALUE -9999
22.063091 0 0 0 0 0 0 0 0 0 
54.218843 3.5527137e-15 0 0 0 0 0 0 0 0 
0.0028167096 0 0 0 0 0 0 0 0 0 
0 0 0 0 0 0 0 0 0 0 
0 0 0 0 0 0 0 0 0 0 
0 0 0 0 0 0 0 0 0 0 
0 0 0 0 0 0 0 0 0 0 
0 0 0 0 0 0 0 0 0 0 
3.5527137e-15 0 0 0 0 0 0 0 0 0 
0 0 0 0 0 0 0 0 0 0 
0 0 0 0 0 0 0 0 0 0 
1.7763568e-15 0 0 0 0 0 0 0 0 0 
0.0094335556 0 0 0 0 0 0 0 0 0 
16.833963 0 27.339611 0 0 0 0 0 0 0 
0 0 0 0 0 0 0 0 0 0 
0 0 0 0 2.4082393 0 0 0 0 0 
0 0 0 5.8963951 -8.8817842e-16 2.3255941 0 0 0 0 
0 0 0 52.078948 -1.7763568e-15 8.8817842e-16 0 0 0 0 
0 0 0 0 3.5527137e-15 0 0 0 0 0 
0 0 0 0 0 0 0 0 0 0 
0 0 0 0 0 0 0 0 0 0 
0 0 0 0 0 0 0 0 0 0 
0 0 0 0 0 0 0 0 0 0 
0 0 0 0 0 0 0 0 0 0 
0 0 0 0 0 0 0 0 0 0 
0 0 0 0 0 0 0 0 0 0 
0 0 0 0 0 0 0 0 0 0 
0 0 0 0 0 0 0 0 0 0 
0 0 0 0 0 0 0 0 0 0 
0 0 0 0 0 0 -3.5527137e-15 0 0 0 
0 0 0 0.022917418 0 0 0 0 0 0 
0 0 0 0 0.011438531 0.057510065 0.016636414 0 -3.5527137e-15 0 
0 0 4.4408921e-16 0 169.34458 88.666601 113.81922 105.10485 108.98494 68.623555 
0 0 0 0 0 0 0 0.033051602 0 5.9244526 
0 0 0 0 0 0 0 0 0 0 
0 0 0 0 0 0 0 0 0 25.379506 
0 0 0 0 0 0 0 0 0 0 
0 0 0 0 0 0 0 0 0 0 
0 0 0 0 0 0 0 0 0 0 
0 0 0 0 0 0 0 0 0 0 
0 0 0 0 0 0 0 0 0 0 
0 0 0 0 0 0 0 0 0 0 
0 0 0 0 0 0 0 0 0 0 
0 0 0 0 0 0 0.028938389 0 0 0 
0 0 0 0 0 0 0 0.06742738 0 77.312855 
0 0 0 0 0 0 -3.5527137e-15 155.94159 21.726066 0.071434077 
0 0 0 0 0 3.5527137e-15 -7.1054274e-15 80.214362 79.000908 75.63103 
0 0 0 0 0 0 7.1054274e-15 47.526058 0 0 
0 0 0 0 0 0.0077294077 116.3782 5.0632918 0 0 
0 0 0 0 0 0 79.831012 0 0 0 
0 0 0 0 0 0 27.507316 0 0 0 
0 0 0 0 0 0 0 0 0 0 
0 0 0 0 0 0 0 0 0 0 
0 0 0 0 0 0 0 0 0 0 
0 0 0 0 0 0 0 0 0 0 
0 0 0 0 0 0 0 0 0 0 
0 4.1270431 0 16.304582 0 0 0 0 0 0 
0 0 3.5527137e-15 0 64.636029 0.065801704 0.031907953 0 0 0 
0 0 3.5527137e-15 7.1054274e-15 7.1054274e-15 0 0.069270976 0.17341434 0.19343851 0 
0 0 0.012615323 3.5527137e-15 -3.5527137e-15 0.027973045 0.095093556 0.027843764 0.021466825 0.21638723 
0 0 0 -3.5527137e-15 -3.5527137e-15 0.0092409848 0.0073394929 0.012358993 0.0056529932 0.1068424 
0 0 0 0 0 0 0 0 0 3.5527137e-15 
0 0 0 0 27.127047 0 0 0 0 0 
0 0 0 0 11.022867 0 0 0 0 0 
0 0 0 0 34.198526 0 0 0 0 3.5527137e-15 
0 1.872546 0 0 17.219861 -8.8817842e-16 3.5527137e-15 0.017824224 0.094750111 0 
0 0 0 0.010197058 95.895569 0 0 -3.5527137e-15 0.05140647 0.037176353 
0 0 0 0 100.40251 0 0 0.010787016 -3.5527137e-15 0.0147844 
0 0 0 0 0 0 0 55.060295 0.042381335 31.006289 
0 0 3.5527137e-15 92.684061 0 0 0 0 0.37645444 54.401116 
0 0 0 40.398482 0 0 0 0 0.0072845786 9.7402309 
0 0 0 6.9889864 0 0 0 0 8.8817842e-16 48.059192 
0 0 0 0 20.180052 0 0 0 0 73.198813 
0 0 0 0.55083835 18.510393 53.066227 0 -3.5527137e-15 0.054437236 44.427393 
0 0 0 -3.5527137e-15 0 16.896964 0.048456662 7.1054274e-15 82.447836 0 
0 0 0 0 0 0.043071529 0 7.1054274e-15 58.338219 0 
0 0 0 0 4.4408921e-16 0 0.014436683 -4.4408921e-16 56.742776 0 
0 0 0 0 0 0 -3.5527137e-15 142.12477 0 0 
0 0 0 0 0 0 0 68.805417 0 0 
0 0 0 0 0 3.5527137e-15 3.5527137e-15 24.817322 0 0 
0 0 0 0 0 -3.5527137e-15 0 45.080013 0 0 
0 0 0 0 0 0 0 73.655832 54.45776 0 
0 0 0 0 0 0 0 0 0 92.341504 
0 0 0 0 0 0 0 0 7.1054274e-15 36.333795 
-1.7763568e-15 0 7.1054274e-15 0.014207952 0 0 0 0 0 33.209259 
0 0.019768551 9.3674905e-06 0.02576562 -3.5527137e-15 0 0 0 0 0 
0 0.05928503 0.029363281 0.058654854 0 0.025995877 0 0 0 0 
0 0.02996219 0.051235219 0.030461366 0.045813088 -7.1054274e-15 0 0.0054285181 0 0 
0 0.054845088 0.09314454 0 0.0015671022 0.016502427 0 0 0 0 
0.068159056 0.17081545 0.13308918 0.10390907 0.044428935 0.010139338 0.023573326 0 0 0 
0.19136156 0.052551667 0.15198047 0.082623204 0.0039726242 0.0080586089 0.037839655 0 0 0 
0.15478053 0.18401883 0.41423339 0.055154785 0 0.068678318 0.043098254 0 0 0 
0 0.63440653 0.058293869 0.040770247 0.049800834 0.049053256 0 0 0 0 
0.71781629 0.12480341 0.10226638 0.056091747 0.0067387637 0.02264117 0.033383346 37.329733 0 0 
1458.7212 0.27155512 0.057879317 0 0.017121726 0.011168744 0.035311951 0 0 0 
590.7474 0.014206463 0.047878604 -3.5527137e-15 0.0082050968 0.1187062 0.039444337 0 0 0 
0.69227898 105.12838 -3.5527137e-15 0 1.7763568e-15 0.091251832 0.05234503 0 0 0 
0 0 0.042544782 0.053471315 0.076576035 15.938292 3.5527137e-15 27.617475 0 0 
0 25.58072 0.099364936 0 0 13.690029 0 0 0 0 
4.4368052 46.004305 0.024534001 -2.220446e-16 11.582977 0 4.4408921e-16 0 0 0 
7.7044355 0 0.025888527 0 1.8273262 0 0 0 0 0 
29.128935 0 0 0 0 0 0 0 0 0 
0 0.062209436 0 0 0 0 0 0 0 0 
0.013634356 8.8817842e-16 0 32.551268 0 0 0 0 0 0 
50.886623 0 0 0 0 0 0 0 0 0 
7.404969 0 28.438495 0 0 0 0 0 0 0 
0 0 0 0 0 0 0 0 0 0 
0 11.658568 0 0 0 0 0 0 0 0 
0 0 0 0 8.4969858 0.061855381 7.1054274e-15 -3.5527137e-15 0 0 
0 0 0 0 170.62373 7.1054274e-15 -7.1054274e-15 0 0.0050666654 19.443187 
0 0 0 99.518131 335.74514 0.016167061 1.0658141e-14 0 0.027770287 0 
0 0 0 21.807679 0.040200269 0.026001033 0 0.025023533 3.5527137e-15 0 
0 0 153.84594 0 0.013175167 -3.5527137e-15 -3.5527137e-15 0 0 0 
0.030801951 -3.5527137e-15 0.018909631 0.038435826 0 0 0 0 0 0 
0.0098846926 0.0080841164 -8.8817842e-16 0 0 0 0 0 0 0 
17.05616 0 0 0 0 0 0 0 0 0 
0 0 0 0 0 0 0 0 0 0 
0 0 0 0 0 0 0 0 0 0 
0 0 0 0 0 0 0 0 0 0 
0 0 0 0 0 0 0 0 0 0 
0 0 0 0 0 0 0 0 0 0 
0 0 0 0 0 0 0 0 0 0 
0 0 0 0 0 0 0 0 0 0 
0 0 0 0 0 0 0 0 0 0 
0 0 0 0 0 0 0 0 0 0 
0 0 0 0 0 0 0 0 0 0 
0 0 0 0 0 0 0 0 0 0 
0 0 0 0 0 0 0 0 0 0 
0 0 0 0 0 0 0 0 0 0 
0 0 0 0 0 0 0 0 0 0 
0 0 0 0 0 0 0 25.794694 0 0 
0 0 0 0 0 0 0 37.67806 0 0 
0 0 0 0 0 0 0 28.009827 0 0 
0 0 0 0 0 0 0 28.972604 0 0 
0 0 0 0 0 0 0 8.7041103 0 0 
0 0 0 0 0 0 0 0 0 0 
0 0 0 0 0 0 0 0 0 0 
0 0 0 0 0 0 29.1375 0 0 0 
0 0 0 7.0138254 0 0 42.769683 0 0 0 
0 0 0 54.339643 0 0 53.019584 0 0 0 
0 0 0 62.292705 0 0 44.330438 0 0 0 
0 0 0 47.426611 0 0 11.468941 0 0 0 
0 0 0 49.103654 0 0 0 0 0 0 
0 0 0 34.190724 0 0 0 0 0 0 
0 0 0 37.421708 0 0 0 0 0 0 
0 3.5527137e-15 113.6999 11.574557 0 0 0 0 0 0 
0 0 47.101802 0 0 0 0 0 0 0 
0 0 0 0 0 0 0 0 0 0 
0 0 0 0 0 0 0 0 0 0 
0 0 0 0 0 0 0 0 0 0 
0 0 0 0 0 0 0 0 0 0 
