NCOLS 10
NROWS 11
XLLCORNER 277066.32
YLLCORNER 3831378.9
CELLSIZE 10
NODATA_VALUE -9999
0 0 0 0 24.802911 0.037622459 0 0 0 0 
0 0 0 58.458421 0 3.5527137e-15 0 0.016336533 0 0 
0 0 24.862056 0 7.1054274e-15 -3.5527137e-15 3.5527137e-15 0 0 0 
47.847751 0 -8.8817842e-16 46.186564 0 0 0 0 0 0 
29.63588 0.025303503 0 -7.1054274e-15 0 0 0 0 0 0 
32.768182 0 -7.1054274e-15 -7.1054274e-15 0 0 0 0 0 0 
87.913264 17.010852 54.300652 38.906012 0 7.1054274e-15 0 0 0 0 
313.26165 0 17.910657 352.1227 0.1125972 0.018701556 0 0 0 0 
0.19948492 33.957825 0.1025336 0.69010782 0.062331255 0.033589031 0.0087277952 3.5527137e-15 0 0 
0.080444764 0.037745451 -7.1054274e-15 0.047979759 0 0.05663467 0.030910695 0 -3.5527137e-15 0 
9.8309879 0 -1.7763568e-15 0 0 0 0 -2.220446e-16 0 0 
