NCOLS 10
NROWS 151
XLLCORNER 277086.32
YLLCORNER 3833378.9
CELLSIZE 10
NODATA_VALUE -9999
0 -27.371588 0 0 0 0 0 0 0 0 
0 -26.758765 -30.254394 0 0 0 0 0 0 0 
0 0 0 0 0 0 0 0 0 0 
0 0 0 0 0 0 0 0 0 0 
0 0 0 0 0 0 0 0 0 0 
0 0 0 0 0 0 0 0 0 0 
0 -27.84316 0 0 0 0 0 0 0 0 
-28.54126 -26.933973 0 0 0 0 0 0 0 0 
-27.95661 -27.95661 0 0 0 0 0 0 0 0 
0 -28.332766 0 0 0 0 0 0 0 0 
0 0 0 0 0 0 0 0 0 0 
0 -37.724551 0 0 0 0 0 0 0 0 
0 0 0 0 0 0 0 0 0 0 
0 0 0 0 0 0 0 0 0 0 
0 -34.597972 0 0 0 0 0 0 0 0 
0 0 -34.597972 0 0 0 0 0 0 0 
0 0 0 0 0 0 0 0 0 0 
0 0 0 0 0 0 0 0 0 0 
0 0 0 0 -31.354588 0 0 0 0 0 
0 0 0 0 0 -31.354588 0 0 0 0 
0 0 0 0 0 0 0 0 0 0 
0 0 0 0 0 0 0 0 0 0 
0 0 0 0 0 0 0 0 0 0 
0 0 0 0 0 0 0 0 0 0 
0 0 0 0 0 0 0 0 0 0 
0 0 0 0 0 0 0 0 0 0 
0 0 0 0 0 0 0 0 0 0 
0 0 0 0 0 0 0 0 0 0 
0 0 0 0 0 0 0 0 0 0 
0 0 0 0 -31.380117 -28.563261 -27.76531 -27.261217 -27.212435 0 
0 0 -29.984034 -31.885164 -27.933147 -28.332766 -27.261217 -27.212435 -26.876654 -39.509674 
0 0 0 -29.984034 -31.885164 -27.933147 -28.25808 -26.876654 -28.34245 -28.743769 
0 0 0 0 0 0 0 0 0 0 
0 0 0 0 0 0 0 0 -39.458453 0 
0 0 0 0 0 0 0 -39.458453 0 0 
0 0 0 0 0 0 0 0 -39.502032 0 
0 0 0 0 0 0 0 0 0 0 
0 0 0 0 0 0 0 0 0 0 
0 0 0 0 0 0 0 0 0 0 
0 0 0 0 0 0 0 0 0 0 
0 0 0 0 0 0 0 0 0 0 
0 0 0 0 0 0 -27.275472 -27.444447 -29.047877 0 
0 0 0 0 0 -26.753194 -26.990106 -27.275472 -27.444447 -29.047877 
0 0 0 0 0 -26.532236 -26.753194 -26.990106 -27.65042 -28.628948 
0 0 0 0 0 -26.833283 -26.532236 0 -36.824813 0 
0 0 0 0 0 -27.63725 -26.833283 0 0 -36.824813 
0 0 0 0 -26.505532 -27.416347 -32.955202 0 0 0 
0 0 0 -30.270494 -26.538843 -26.505532 -37.200866 0 0 0 
0 0 0 0 -27.241787 -26.538843 0 0 0 0 
0 0 0 0 -27.838655 -28.075356 0 0 0 0 
0 0 0 0 -28.462576 0 0 0 0 0 
0 0 0 0 0 0 0 0 0 0 
0 0 0 0 0 0 0 0 0 0 
0 0 0 0 0 0 0 0 0 0 
0 0 0 0 0 0 0 0 0 0 
0 0 0 0 0 0 0 0 0 0 
0 0 0 0 0 0 0 0 0 0 
0 -29.003264 0 0 0 0 -39.537856 -38.23294 -29.496443 0 
0 -28.371992 -27.965128 -39.489678 -26.92783 0 0 -29.496443 -29.027435 -35.800609 
0 -27.965128 -27.876881 -26.92783 -26.612385 -27.342223 -27.479481 -36.773143 -28.138276 0 
0 -27.876881 -30.403817 -26.612385 -27.342223 -27.479481 -27.378289 -27.276193 -26.720034 -26.720034 
0 0 -28.294815 -27.6925 -38.644137 -27.378289 -27.276193 -28.088802 -26.408386 -26.641955 
0 0 -27.6925 0 0 0 -28.088802 -28.616755 -26.36606 -26.749782 
0 0 -28.092675 0 0 0 0 0 -27.314855 -29.858138 
0 0 -26.942161 -28.092675 0 0 0 -27.025186 -27.429806 -27.984132 
0 0 -27.59784 -26.942161 0 0 0 -27.4426 -27.025186 -27.429806 
0 -29.427416 -28.179575 -27.59784 0 -32.998336 0 -29.568307 -27.4426 0 
0 -27.259809 -27.259809 -39.452555 0 0 -32.998336 0 -29.568307 -39.526121 
0 -27.380819 -27.864477 0 0 0 0 0 0 0 
0 -28.271717 -27.380819 0 0 0 0 0 0 0 
0 0 -28.271717 0 0 0 0 0 0 0 
0 0 0 0 0 0 0 -30.084987 0 0 
0 0 0 0 0 0 -30.084987 -39.444884 0 0 
0 0 0 0 0 0 -39.444884 0 0 0 
0 0 0 0 0 0 0 -39.48438 0 0 
0 0 0 -39.520249 -39.526708 0 -39.48438 -37.313157 0 0 
0 0 -39.520249 -39.526708 0 0 -37.313157 0 0 0 
0 0 0 0 0 -31.032236 -27.82823 0 0 0 
0 0 0 0 -31.032236 -27.35838 -26.73337 0 0 0 
0 0 0 0 -27.35838 -26.73337 -26.578778 0 0 0 
0 0 0 0 -32.075265 -26.578778 -27.062843 0 0 0 
0 0 0 0 0 -27.062843 -28.560353 0 0 0 
0 -27.192575 -39.443703 0 0 0 0 -39.529055 -39.514962 0 
-26.75902 -26.63567 -27.192575 -27.082728 -26.942555 0 -39.529055 -39.514962 -39.160232 0 
0 -26.75902 -26.63567 -26.942555 -27.20854 -26.519136 0 -39.160232 0 0 
-26.595736 -28.8443 0 -27.125379 -26.519136 -26.557202 -27.290791 0 0 0 
-26.881792 -26.595736 -27.125379 -26.962246 -26.557202 -26.722107 -28.694868 -34.312953 0 0 
-27.999956 -26.881792 -26.962246 -26.918391 -26.722107 -26.612884 -26.943737 0 0 0 
-29.480268 -27.999956 -27.077559 -26.890139 -26.612884 -26.713885 -26.943737 -29.745983 0 0 
-27.178871 -27.046094 -26.744253 -27.076018 -26.713885 -26.713885 -28.349767 -39.476724 0 0 
0 -26.744253 -26.885251 -26.649201 -26.649201 -27.399658 -27.470804 -31.538551 0 0 
0 -26.885251 -27.12594 -26.649201 -26.659829 -27.470804 -27.87221 -30.062926 0 0 
0 -27.931493 -27.12594 -26.659829 -26.523471 -27.87221 -30.062926 0 0 0 
0 -27.907013 -27.232968 -26.523471 -26.554192 -39.443113 0 0 0 0 
0 -27.232968 -29.60824 -26.554192 -27.26546 -32.727161 -31.329301 0 0 0 
0 0 -26.948098 -27.26546 -32.727161 -31.329301 0 -39.47319 0 0 
0 0 -27.280538 -26.935134 0 0 -39.47319 0 0 0 
0 0 -26.935134 -26.900438 0 0 0 0 0 0 
0 0 -26.900438 0 0 0 0 0 0 0 
0 0 0 0 0 0 0 0 0 0 
0 -39.519074 0 0 0 0 0 0 0 0 
0 0 0 -39.485557 0 0 0 0 0 0 
0 0 -39.485557 0 0 0 0 0 0 0 
-38.166993 0 0 0 0 0 0 0 0 0 
0 0 0 0 0 0 0 0 0 0 
0 0 0 0 0 0 0 0 0 0 
0 0 0 0 0 0 0 0 0 0 
0 0 0 0 0 0 0 0 0 0 
0 0 0 0 0 0 -33.612023 -27.056871 0 0 
0 0 0 0 0 -33.612023 -27.056871 -37.663958 -30.766541 0 
0 0 0 0 0 -28.402289 -26.472115 -27.062343 -26.634776 -30.766541 
0 -35.543214 0 0 -27.364127 -26.679292 -26.681754 -26.472115 -27.062343 -26.634776 
-27.18818 0 0 -29.06443 -26.600971 -27.364127 -26.679292 -26.681754 0 0 
-26.549336 -27.18818 -27.853757 -26.641451 -26.937076 -26.600971 -27.887871 0 0 0 
-26.764937 -26.549336 0 -27.853757 -26.641451 -26.937076 0 0 0 0 
0 -26.764937 0 0 0 0 0 0 0 0 
0 0 0 0 0 0 0 0 0 0 
0 0 0 0 0 0 0 0 0 0 
0 0 0 0 0 0 0 0 0 0 
0 0 0 0 0 0 0 0 0 0 
0 0 0 0 0 0 0 0 0 0 
0 0 0 0 0 0 0 0 0 0 
0 0 0 0 0 0 0 0 0 0 
0 0 0 0 0 0 0 0 0 0 
0 0 0 0 0 0 0 0 0 0 
0 0 0 0 0 0 0 0 0 0 
0 0 0 0 0 0 0 0 0 0 
0 0 0 0 0 0 0 0 0 0 
0 0 0 0 0 0 0 0 0 0 
0 0 0 0 0 0 0 0 0 0 
0 0 0 0 0 0 0 0 -29.771019 0 
0 0 0 0 0 0 0 0 -39.489678 0 
0 0 0 0 0 0 0 0 -29.371103 0 
0 0 0 0 0 0 0 0 -30.527496 0 
0 0 0 0 0 0 0 0 0 0 
0 0 0 0 0 0 0 0 0 0 
0 0 0 0 0 0 0 0 0 0 
0 0 0 0 0 0 0 0 -32.66754 0 
0 0 0 0 0 0 0 -32.66754 -28.231291 0 
0 0 -39.509674 0 0 0 0 -28.231291 -29.464242 0 
0 -39.509674 -28.551669 0 0 0 0 -29.464242 0 0 
0 -28.551669 -27.780631 0 0 0 0 0 0 0 
0 -27.780631 -28.492492 0 0 0 0 0 0 0 
-26.950093 -26.942555 -27.938128 0 0 0 0 0 0 0 
-26.574506 -26.950093 -26.942555 0 0 0 0 0 0 0 
-27.558128 -26.574506 0 0 0 0 0 0 0 0 
0 -27.558128 0 0 0 0 0 0 0 0 
0 0 0 0 0 0 0 0 0 0 
0 0 0 0 0 0 0 0 0 0 
0 0 0 0 0 0 0 0 0 0 
0 0 0 0 0 0 0 0 0 0 
