NCOLS 86
NROWS 42
XLLCORNER 276236.32
YLLCORNER 3833388.9
CELLSIZE 10
NODATA_VALUE -9999
0 0 0 0 0 0 0 0 0 0 0 0 0 0 0 0 0 0 0 0 0 0 0 0 0 0 0 0 0 0 0 0 0 0 0 0 0 0 0 0 0 0 0 -36.62105 -26.734803 -26.593075 -26.51854 -26.846408 -27.034585 -27.887871 0 0 0 0 0 0 0 0 0 0 0 0 0 0 0 0 0 0 0 0 0 0 0 0 0 0 0 0 0 0 0 0 0 0 0 0 
-27.671195 0 0 0 0 0 0 0 0 0 0 0 0 0 0 0 0 0 0 0 0 -38.367001 0 0 0 0 0 0 0 0 0 0 0 0 0 0 0 0 0 0 -34.663984 -37.090783 0 0 -27.257703 -26.734803 -26.520094 -26.51854 -26.846408 -27.034585 -27.887871 0 0 0 0 0 0 0 0 0 0 0 0 0 0 0 0 0 0 0 0 0 0 0 0 0 0 0 0 0 0 0 0 0 0 0 
-28.495247 -27.671195 0 0 0 0 0 0 0 0 0 0 0 0 0 0 0 0 0 0 0 0 0 0 0 0 0 0 0 0 0 0 0 0 0 0 0 0 0 0 -37.090783 0 0 -34.764924 -26.923653 -26.460648 -27.021937 -26.520094 -39.53727 0 0 0 0 0 0 0 0 0 0 0 0 0 0 0 0 0 0 0 -30.369712 0 0 0 0 0 0 0 0 0 0 0 0 0 0 0 0 0 
-28.131537 -27.175188 0 0 0 0 0 0 0 0 0 0 0 0 0 0 0 0 0 0 0 0 0 0 -31.009896 0 0 0 0 0 0 0 0 0 0 0 0 0 0 0 0 0 0 -27.939793 -27.119795 -26.923653 -26.460648 -27.101219 0 0 0 0 0 0 0 0 0 0 0 0 0 0 0 0 0 0 0 0 -35.119067 -30.369712 0 0 0 0 0 0 0 0 0 0 0 0 0 0 0 0 
-27.328173 -26.61472 0 0 0 0 0 0 0 0 0 0 0 0 0 0 0 0 0 0 0 0 0 -31.009896 -28.20513 0 0 0 0 0 0 0 0 0 0 0 0 0 0 0 0 0 0 0 -27.939793 -27.119795 -28.07345 0 0 0 0 0 0 0 0 0 0 0 0 0 0 0 0 0 0 0 0 0 0 -39.446064 0 0 0 0 0 0 0 0 0 0 0 0 0 0 0 0 
-27.713017 -26.602575 -39.536683 0 0 0 0 0 0 0 0 0 0 0 0 0 0 0 0 0 0 0 0 -28.20513 0 0 0 0 0 0 0 0 0 0 0 0 0 0 0 0 0 0 0 0 0 0 0 0 0 0 0 0 0 0 0 0 0 0 0 0 0 0 0 0 0 0 0 0 0 0 0 0 0 0 0 0 0 0 0 0 0 0 0 0 0 0 
0 -27.104452 0 0 0 0 0 0 0 0 0 0 0 0 0 0 0 0 0 0 0 0 0 0 0 0 0 0 0 0 0 0 0 0 0 0 0 0 0 0 0 0 0 0 0 0 0 0 0 0 0 0 0 0 0 0 0 0 0 0 0 0 0 0 0 0 0 0 0 0 0 0 0 0 0 0 0 0 0 0 0 0 0 0 -26.566431 0 
-28.463412 -26.62338 0 0 -32.727161 -39.453145 -29.970018 0 0 0 0 0 0 0 0 0 0 0 0 0 0 0 0 0 -28.616755 0 0 0 0 0 0 0 0 0 0 0 0 0 0 0 0 0 0 0 0 0 0 0 0 0 0 0 0 0 0 0 0 0 0 0 0 0 0 0 0 0 0 0 0 0 0 0 0 0 0 0 0 0 0 0 0 0 0 0 -26.832975 -26.566431 
-31.103088 -26.7482 -27.023791 -27.907013 -28.001729 -28.233499 -27.171527 0 0 0 0 0 0 0 0 0 0 0 0 0 0 0 0 -27.051945 -27.532732 -28.616755 0 0 0 0 0 0 0 0 0 0 0 0 0 0 0 0 0 0 0 0 0 0 0 0 0 0 0 0 0 0 0 0 0 0 0 0 0 0 0 0 0 0 0 0 0 0 0 0 0 0 0 0 0 0 0 0 0 0 -27.379131 -26.832975 
0 -27.023791 -26.881104 -26.767017 -27.167286 -27.171527 -26.686524 0 0 0 0 0 0 0 0 0 0 0 0 0 0 0 0 -27.16789 -27.051945 -27.532732 0 0 0 0 0 0 0 0 0 0 0 0 0 0 -27.884718 -28.323161 0 0 0 0 0 0 0 0 0 0 0 0 0 0 0 0 0 0 0 0 0 0 0 0 0 0 0 0 0 0 0 0 0 0 0 0 0 0 0 0 0 0 -26.870232 -27.650028 
0 -26.881104 -26.767017 -27.042711 -26.736001 -26.686524 -26.508264 0 0 0 0 -30.47365 0 0 0 0 0 0 0 0 0 0 -27.736783 -27.311036 -27.16789 0 0 0 0 0 0 0 0 0 0 0 0 -28.944491 -27.07397 -26.491977 -26.656948 -27.884718 -28.323161 0 0 0 0 -28.090737 -27.476577 0 0 0 0 0 0 0 0 0 0 0 0 0 0 0 0 0 0 0 0 0 0 0 0 0 0 0 0 0 0 0 0 0 0 0 -26.599693 -27.52144 
0 -39.458453 -27.042711 -26.736001 -27.061843 -26.508264 -26.383802 -28.169102 0 0 -30.47365 -28.169102 0 0 0 0 0 0 0 0 0 0 -27.290053 -27.762553 0 0 0 0 0 0 0 0 0 0 0 0 0 0 -28.944491 -27.07397 -26.491977 -26.656948 -39.08394 0 -28.327953 -28.162866 -27.273313 -27.654048 -28.090737 -27.476577 0 0 0 0 0 0 -31.663638 0 0 0 0 0 0 0 0 0 -39.494973 -28.025078 0 0 0 0 0 0 0 0 0 0 0 0 0 0 0 0 -27.071929 -29.522693 
0 0 -39.472011 -27.061843 -26.820857 -26.383802 -26.816699 -27.518297 -28.944491 0 -28.169102 -27.55598 0 0 0 0 0 0 0 0 0 0 0 -27.290053 0 0 0 0 0 0 0 0 0 0 0 0 0 0 0 0 0 0 0 0 -39.454325 -26.915783 -28.162866 -27.273313 -27.654048 0 0 0 0 0 -31.267115 -27.044641 0 -31.663638 0 0 0 -31.077521 -28.78121 -28.134232 -27.593328 -26.983205 -26.930124 -39.494973 -28.025078 0 0 0 0 0 0 0 0 0 0 0 0 0 0 0 0 0 
0 0 0 -39.476135 -26.626842 -26.528497 -27.518297 -28.083018 -27.679902 -39.443703 -27.55598 -27.55598 0 0 0 0 0 0 0 0 0 0 0 0 0 0 0 0 0 0 0 0 0 0 0 0 0 0 0 0 0 0 0 -39.454325 -26.915783 -27.088998 -28.278597 -27.141314 -26.726758 -26.504289 -26.521656 0 0 -27.656476 -29.591017 -29.721277 -27.044641 0 -39.494385 -39.536683 -29.24508 -27.295979 -29.908147 -28.78121 -28.134232 -27.593328 -26.983205 -26.930124 0 0 0 0 -28.251322 0 0 0 0 0 0 0 0 0 0 0 0 0 
0 0 0 0 -26.528497 -27.109883 -28.083018 -27.679902 -28.517514 -29.023379 -27.55598 -27.015499 0 0 0 -39.498503 -26.767799 0 0 0 0 0 0 0 0 0 0 0 0 0 0 0 0 0 0 0 0 0 0 0 0 0 0 0 -27.088998 -28.278597 -27.141314 -26.726758 -26.504289 -26.521656 -26.288409 -26.32726 0 0 -27.656476 -29.591017 -29.721277 0 0 -39.494385 -39.536683 -29.24508 -27.295979 -29.908147 -30.062926 -31.341914 -34.833535 0 0 0 0 -28.473371 -27.490227 -28.251322 0 0 0 0 0 0 0 0 0 0 0 0 
0 0 0 0 -29.311744 -28.607685 0 -28.517514 -29.023379 -29.023379 -27.015499 -26.846725 -33.637783 0 0 -26.767799 -26.40299 0 0 0 0 0 0 0 0 0 0 0 0 0 0 0 0 -39.487323 0 0 0 0 0 0 0 0 0 0 -36.424815 0 0 -29.501868 -27.07397 -26.288409 -26.32726 -26.32726 -26.616063 -29.963047 -29.331297 -28.222502 -26.948895 -27.527546 -27.254906 -27.648009 -27.120351 -26.665471 -29.145579 0 0 0 0 0 0 0 0 0 -28.473371 -27.490227 0 0 0 0 0 0 0 0 0 0 -29.136835 0 
0 0 0 0 0 0 0 0 -29.023379 -29.292419 -26.846725 -33.637783 0 -29.835097 -28.794987 -26.40299 -26.351358 -26.803613 -28.616755 0 0 -30.084987 -27.869109 0 0 0 0 0 0 0 0 0 -39.487323 0 0 0 0 -33.412034 0 0 0 0 0 0 0 0 0 0 -39.449605 -26.579224 -26.32726 -26.424039 -26.376314 -26.658866 -26.97894 -26.948895 -27.107704 -26.826872 -26.571017 -26.743028 -26.665471 -26.455259 -26.89225 -27.149451 -27.514222 -28.213782 -27.429806 -26.778123 -31.750216 -31.750216 -30.858897 0 0 0 0 0 0 0 0 0 0 0 0 -29.136835 -27.921626 0 
0 0 0 0 0 0 0 0 -29.292419 -29.602481 -26.561639 0 -29.835097 -28.794987 -27.69377 -26.351358 -26.415452 -26.653146 -26.635849 -26.981495 -27.883145 -27.360017 0 0 0 0 0 0 0 0 0 0 0 0 0 0 -33.412034 0 0 0 0 0 0 0 0 0 0 0 0 -26.579224 -26.424039 -26.376314 -26.658866 -26.97894 -26.708729 -26.81083 -26.826872 -26.571017 -26.743028 -26.799627 -26.455259 -26.587211 -27.149451 -27.514222 -27.572239 -27.381664 -26.778123 -26.476903 -26.683405 -27.063344 -27.43162 -27.344622 -26.741076 0 0 0 0 0 0 0 0 0 0 -27.921626 0 0 
0 0 0 0 0 0 0 0 0 -26.561639 -27.468889 0 0 -27.69377 -27.156519 -26.415452 -26.585991 -26.635849 -26.647339 -26.593543 -26.71843 -26.361487 -27.099073 -30.976754 0 0 0 0 0 0 0 0 0 0 0 0 0 0 0 0 0 0 0 0 0 0 0 0 0 -26.714111 -27.065352 -27.142469 -27.024721 -26.708729 -26.81083 -27.399658 -27.127065 -26.753194 -26.737926 -26.734564 -26.587211 -26.615727 -27.823797 -27.572239 -27.381664 -27.065352 -26.476903 -26.683405 -27.063344 -26.901157 -27.26617 -26.741076 -26.524201 0 0 0 0 0 0 0 0 0 0 0 0 0 
0 0 0 0 0 0 0 0 0 -39.466118 0 0 0 0 0 -26.585991 -26.883172 -26.647339 -26.593543 -26.71843 -26.361487 -26.310938 -26.678067 -26.699937 -27.068377 -39.008527 0 0 0 0 -33.663718 -28.226887 -31.750216 0 0 0 0 0 0 0 0 0 0 0 0 0 0 0 0 0 -29.496443 0 0 0 -37.145553 -32.870511 -27.625458 -26.737926 -26.734564 -26.873939 -26.615727 -26.603381 0 0 -39.469065 -28.641254 -26.799061 -27.202743 -26.901157 -27.26617 -28.16494 -26.524201 -26.75673 0 0 0 0 0 0 0 0 0 0 0 0 0 
0 0 0 0 0 0 0 0 0 0 0 0 0 0 0 -39.490855 -27.332712 -26.95411 -26.861594 -26.691996 -26.310938 -26.387958 -26.659251 -26.639996 -26.640178 -26.758765 -27.226935 -39.472601 0 -33.663718 -28.226887 -31.750216 -29.894659 0 0 0 0 0 0 0 0 0 0 0 0 0 0 0 0 0 0 0 0 0 0 0 0 -39.51555 -26.873939 -27.043675 -26.603381 -26.519017 0 0 0 -36.571302 -30.848459 0 -37.145553 -29.311744 0 -26.75673 -26.848955 0 0 0 0 0 0 0 0 0 0 0 0 0 
0 -31.418869 0 0 0 0 0 0 0 0 0 0 0 0 0 0 0 0 0 0 -26.387958 -26.659251 -26.639996 -26.640178 -26.758765 -26.984921 -27.160086 0 0 0 0 -29.894659 0 0 0 0 0 0 0 0 0 0 0 0 0 0 0 0 0 0 0 0 0 0 0 0 0 0 0 -35.119067 -26.519017 -36.876982 0 0 0 -29.585312 0 0 0 0 -31.677886 -27.153564 -27.523421 -30.976754 -35.834296 0 -27.606941 -39.468476 0 0 0 0 0 0 0 0 
-31.418869 -31.418869 0 0 0 0 0 0 0 0 0 0 0 0 0 0 0 0 0 0 -27.547445 -26.983634 -26.805621 -26.866224 -26.984921 -27.160086 -26.946507 0 0 0 0 0 0 0 0 0 0 0 0 0 0 0 0 0 0 0 0 0 0 0 0 0 0 0 0 0 0 0 0 0 0 0 0 0 0 -28.420323 -29.585312 0 0 0 0 -28.138276 -30.976754 -35.834296 0 -27.606941 -26.766496 -26.491442 0 0 0 0 0 0 0 0 
0 0 0 0 0 0 0 0 -39.489089 0 0 0 0 0 0 0 0 0 0 0 0 0 -27.89899 -27.282721 -27.966841 -26.946507 0 0 0 0 0 0 0 0 0 0 0 0 0 0 0 0 0 0 0 0 0 0 0 0 0 0 0 0 0 0 0 0 0 0 0 0 0 0 0 -28.764179 -28.420323 0 0 0 -29.557059 -27.770851 0 0 -32.828934 -26.766496 -26.491442 -26.500598 0 0 -37.427723 0 0 0 0 0 
0 0 0 0 0 0 0 0 0 -39.489089 0 0 0 0 0 0 0 0 0 0 0 0 0 0 0 0 0 0 0 0 0 0 0 0 0 0 0 0 0 0 0 0 0 0 0 0 0 0 0 0 0 0 0 0 0 0 0 0 0 0 0 0 0 0 0 0 -28.764179 0 0 -29.557059 -27.770851 -27.662577 0 0 0 -39.445474 -26.500598 -26.809086 0 -37.427723 0 0 0 0 0 0 
0 0 0 0 0 0 0 0 0 0 0 0 0 0 0 0 0 0 0 0 0 0 0 0 0 0 0 0 0 0 0 0 0 0 0 0 0 0 0 0 0 0 0 0 0 0 0 0 0 0 0 0 0 0 0 0 0 0 0 0 0 0 0 0 -31.445016 0 0 0 0 0 -27.662577 0 0 0 -39.445474 -27.447226 -26.809086 -26.790663 0 0 0 0 0 0 0 0 
0 -32.243323 0 0 0 0 0 0 0 0 0 0 0 0 0 0 0 0 0 0 0 0 0 0 0 0 0 0 0 0 0 0 0 0 0 0 0 0 0 0 0 0 0 0 0 0 0 0 0 0 0 0 0 0 0 0 0 0 0 0 0 0 0 -31.445016 0 -29.523738 0 0 -30.827716 -33.535775 0 0 0 0 -27.447226 -27.040787 -26.790663 -26.508035 0 0 0 0 -39.530229 0 0 0 
0 -39.522011 -30.726612 0 0 0 0 0 0 0 0 0 0 0 0 0 0 0 0 0 0 0 0 0 0 0 0 0 0 0 0 0 0 0 0 0 0 0 0 0 0 0 0 0 0 0 0 0 0 0 0 0 0 0 0 0 0 0 0 0 0 0 0 0 -29.523738 0 0 -30.827716 -33.535775 0 0 0 0 0 0 -27.074993 -26.508035 -27.124818 -39.51555 0 0 -39.530229 -30.262429 0 0 0 
0 0 0 -30.726612 0 0 0 -31.08897 0 0 0 0 0 0 0 0 0 0 0 0 0 0 0 0 0 0 0 0 0 0 0 -34.764924 0 0 0 0 0 0 0 0 0 0 0 0 0 0 0 0 0 0 0 0 0 0 0 0 0 0 0 0 0 0 0 0 0 0 0 0 0 0 0 0 0 0 -30.591977 -27.62663 -27.067367 -27.531692 -27.819387 0 0 -30.262429 -28.207286 0 0 0 
0 0 0 0 0 0 0 -31.077521 -31.08897 0 0 0 0 0 0 0 0 0 0 0 0 0 0 0 0 -29.226523 -34.663984 0 0 0 -34.764924 0 0 0 0 0 0 -26.827782 -37.847645 0 0 0 0 0 0 0 0 0 0 0 0 0 0 0 0 0 0 0 -27.349446 -28.812401 -28.895385 0 0 0 0 0 0 0 0 0 0 0 0 -30.591977 0 -27.067367 -26.843876 -27.819387 -27.819387 -30.911769 0 -28.207286 -27.095872 0 0 0 
0 0 0 0 0 0 0 0 -31.077521 0 0 0 0 0 0 0 0 0 0 0 0 0 0 0 -29.226523 -28.902832 -28.207286 -28.110285 -36.721963 0 0 0 0 0 0 0 -26.827782 -28.847889 -27.304971 -30.403817 0 -29.351082 -28.369502 0 0 0 0 0 0 0 0 0 0 0 0 0 0 0 0 -27.349446 -37.256732 -38.933979 0 0 0 0 0 0 0 0 0 0 0 0 -27.543213 -26.843876 -26.843876 -27.819387 -27.193836 -27.374093 -34.075013 -27.095872 -26.961426 0 0 0 
0 0 0 0 0 0 0 0 0 0 0 0 0 -39.484969 0 0 0 0 0 0 0 0 0 0 -28.902832 -28.207286 -28.110285 -36.721963 0 0 0 0 0 0 0 0 -28.847889 -27.304971 -30.403817 -30.175681 0 -27.82823 -26.851839 0 0 0 0 0 0 0 0 0 0 0 0 0 0 0 0 0 0 0 -31.5115 -30.746493 -28.967722 -28.014235 -35.503032 0 0 -38.367001 -30.145006 -27.688701 -27.090576 -30.107289 0 -26.843876 -28.641254 -27.193836 -27.374093 -29.34116 -39.480258 -26.961426 -28.292484 0 0 0 
0 0 0 0 0 0 0 0 0 0 0 0 -39.523185 -27.283451 -39.484969 0 0 0 0 0 0 0 0 0 -39.514962 0 0 0 0 0 0 0 0 0 0 0 0 0 -30.175681 0 -39.491443 -26.851839 -26.632818 0 0 0 0 0 0 0 0 0 0 0 0 0 -28.944491 0 0 0 0 -39.446064 0 -28.967722 -28.014235 -28.906571 -30.879908 -39.540202 -35.7074 -27.30121 -27.178871 -26.918391 -27.634878 -27.090576 -27.770851 0 0 0 -28.451875 0 -28.34245 -28.34245 -38.504034 0 0 0 
0 0 0 0 0 0 0 0 0 0 0 0 0 -39.523185 -27.283451 0 0 0 -39.53375 0 0 0 0 0 0 0 0 0 0 -29.908147 0 0 0 0 0 0 0 0 0 -39.491443 -31.764904 -26.632818 -26.466456 0 0 0 0 0 0 0 0 0 0 0 0 0 0 -28.944491 0 0 0 0 -39.446064 0 -28.906571 -30.879908 -39.540202 -39.506147 -31.194381 -26.614553 -26.670812 -26.926687 -26.918391 -26.635312 -26.753949 -27.195101 -26.783798 -26.575385 -26.753446 -28.451875 0 -36.62105 0 0 0 0 
0 0 0 0 0 0 -27.345424 0 0 0 0 0 0 0 0 0 0 0 0 -39.53375 0 0 0 0 0 0 0 0 -29.908147 -29.908147 -28.425525 0 0 0 0 0 0 0 0 -31.764904 -27.369923 -26.466456 -26.51747 -31.043482 0 0 -29.901391 0 0 0 0 0 0 0 0 0 0 0 0 0 0 -29.848175 0 0 0 0 0 0 -27.23028 -26.54234 -26.614553 -26.670812 -26.442148 -26.466649 -26.635312 -26.753949 -27.05391 -26.783798 -26.575385 -26.753446 -39.451375 0 0 0 0 0 
0 0 0 0 0 0 -27.64321 -27.345424 -26.808796 -29.88795 0 -31.158762 0 0 0 0 0 0 0 0 0 0 0 0 0 0 0 0 -29.908147 -28.425525 -26.788453 -32.124724 0 0 0 0 0 0 0 0 -26.692209 -26.498167 -26.896859 -28.397186 0 0 -28.325555 -28.707801 0 0 0 0 0 0 0 0 0 0 -29.141201 0 -29.848175 0 0 0 0 0 0 0 -27.487281 -26.654472 -26.54234 -28.028719 -26.791217 -26.442148 -26.466649 -26.883864 -27.295979 -27.05391 -27.4217 0 0 0 0 0 0 0 
0 -33.199247 0 0 0 0 -27.027988 -27.419018 -27.202103 -26.808796 -29.88795 -27.95661 -27.823797 0 0 0 0 0 0 0 0 0 0 0 0 0 0 0 0 -26.788453 -30.756496 0 0 0 0 0 0 0 0 0 -26.498167 -26.737926 -28.397186 0 0 0 -39.454915 -28.325555 0 0 0 0 0 0 0 0 0 -29.141201 -26.822652 -27.338244 0 0 0 0 0 -27.557053 -27.355117 -30.23047 -26.339722 -26.339722 0 -39.504971 -29.935405 0 0 0 0 0 0 0 0 0 0 0 0 0 
-27.651502 -26.614386 0 0 0 0 -26.819665 -27.027988 -27.419018 -27.202103 -27.95661 -27.823797 -27.118685 0 0 0 0 0 -28.601673 0 0 0 0 0 0 0 0 0 0 -30.756496 -32.476218 0 0 -29.136835 0 0 0 0 0 0 -26.643096 -27.059351 -28.666216 0 0 0 0 -29.181047 0 0 0 0 0 0 0 0 0 -26.822652 -27.338244 -27.023791 -27.691232 0 0 0 -27.557053 -27.355117 -27.393608 -27.40576 -26.339722 -26.34816 -26.659829 -27.853757 0 0 0 0 0 0 0 0 0 0 0 0 0 0 
-27.628206 -26.719116 0 0 0 0 -26.963889 -26.819665 -30.336131 0 0 -27.118685 0 0 0 0 0 -28.601673 -29.739775 0 0 0 0 0 0 0 0 0 0 -32.476218 0 0 -29.136835 0 0 0 0 0 0 -31.750216 -26.493699 -26.643096 -27.365778 -28.666216 0 0 -29.181047 0 -30.183421 0 0 0 0 0 0 0 0 -39.447244 -27.023791 -27.691232 -27.048524 -28.267153 -27.261217 0 -30.005244 -27.393608 -27.40576 -27.40576 -26.34816 -26.484895 -26.769108 -26.933201 -28.249079 -30.796934 0 -27.819387 -27.803395 -28.116221 0 0 0 0 0 0 0 0 
-28.613725 -27.008241 0 0 0 0 -27.560283 -26.963889 0 0 0 0 0 0 0 0 0 -29.739775 0 0 0 0 0 0 0 0 0 0 0 -29.149969 0 0 0 0 0 0 0 0 0 -28.865971 -26.961836 -26.493699 -27.150037 -27.365778 0 0 0 0 -39.470833 -30.183421 0 0 0 0 0 0 0 -27.082209 -28.158728 -27.048524 -36.189489 -26.952499 -27.180103 -27.261217 -31.218401 -28.770966 -27.40576 -28.638167 -26.484895 -26.510795 -26.891545 -27.110429 -27.392748 -26.939025 -27.195734 -27.803395 -28.116221 0 0 0 0 0 0 0 0 0 
-39.492916 -27.085854 0 0 0 0 -28.506331 -27.822325 0 0 0 0 0 0 0 0 0 -28.441267 -39.46376 0 0 0 -26.740589 0 0 0 0 0 -29.149969 -29.194555 0 0 0 0 0 0 0 0 0 -28.647451 -28.865971 -26.961836 0 -27.537955 -28.158728 -39.521423 -29.715151 0 0 -39.470833 0 0 -33.510698 0 0 0 -35.749333 -27.040787 0 0 0 -27.960008 -26.952499 -27.180103 -29.035579 -28.770966 -27.889451 -28.12619 -26.510795 -26.60516 -26.80247 -26.751439 -26.939025 -27.195734 -26.41745 0 0 0 0 0 0 0 0 0 0 0 
-27.085854 -39.492916 0 0 0 0 0 -28.506331 0 0 0 0 0 0 0 0 0 0 -28.441267 0 0 0 0 -26.740589 0 0 0 0 0 -27.591081 0 0 0 0 0 0 0 0 0 0 -28.647451 0 0 0 0 0 0 0 0 0 0 0 0 0 0 0 0 -27.801956 0 0 0 0 -27.960008 -39.539616 0 0 0 0 0 -28.340154 -28.737358 -28.347515 0 0 -26.817979 0 0 0 0 0 0 0 0 0 0 0 
