NCOLS 42
NROWS 41
XLLCORNER 276826.32
YLLCORNER 3833378.9
CELLSIZE 10
NODATA_VALUE -9999
0 0 0 0 0 0 0 0 0 0 0 0 0 0 0 0 0 0 0 0 0 0 0 0 0 0 0 0 0 101.07553 133.03722 3.5527137e-15 0.029733224 0 -3.5527137e-15 0 0 0 0 0 0 0 
0 0 0 0 0 0 0 0 0 0 0 0 0 0 0 0 0 0 0 0 0 0 0 0 0 0 0 0 0 17.005807 0.041871497 0.030408824 0.041253182 0.029893985 -3.5527137e-15 0 0 0 0 0 0 0 
0 0 0 0 0 0 0 0 0 0 0 0 0 0 0 0 0 0 0 0 0 0 0 0 0 128.24227 0 0 104.96507 1.7763568e-15 0.01380389 7.1054274e-15 0 0 0 0 0 0 0 0 0 0 
0 0 0 0 0 0 0 0 0 0 0 0 0 0 0 0 0 0 0 0 0 0 0 0 49.464656 48.773655 -3.5527137e-15 7.1054274e-15 0 0.039848916 0 0 0 0 0 0 0 0 0 0 0 0 
0 0 0 0 0 0 0 0 0 0 0 0 0 0 0 0 0 0 0 0 0 0 0 0 21.628054 0.011892675 0 0.0084246245 0 8.8817842e-16 0 0 0 0 0 0 0 0 0 0 0 0 
0 0 0 0 0 0 0 0 0 0 0 0 0 0 0 0 0 0 0 0 0 0 0 0 23.584605 -3.5527137e-15 0 0 0 0 0 0 0 0 0 0 0 0 0 0 0 0 
0 0 0 0 0 0 0 0 0 0 0 0 0 0 0 0 0 0 0 0 0 0 0 0 67.171282 0 0 0 0 0 0 0 0 0 0 0 0 0 0 0 0 0 
0 0 0 0 0 0 0 0 0 0 0 0 0 0 0 0 0 0 0 0 0 0 0 0 29.512545 0 0 0 0 0 0 0 0 0 0 0 0 0 0 0 0 0 
0 0 0 0 0 0 0 0 0 0 0 0 0 0 0 0 0 0 0 0 0 0 0 14.883468 0 0 0 0 0 0 0 0 0 0 0 0 0 0 0 0 0 0 
0 0 0 0 0 0 0 0 0 0 0 0 0 0 0 0 0 0 0 0 0 0 0 0 39.796346 3.5527137e-15 0 0 0 0 0 0 0 0 0 0 0 0 0 0 0 0 
0 0 0 0 0 0 0 0 0 0 0 0 0 0 0 0 0 0 0 0 0 0 0 0 61.360787 6.0620968 0 0 0 0 0 0 0 0 0 0 0 0 0 0 0 0 
0 0 0 0 0 0 -3.5527137e-15 -3.5527137e-15 0 0 0 0 0 0 0 0 0 0 0 0 0 0 0 0 0 0 0 0 0 0 0 0 0 0 0 0 0 0 0 0 0 0 
0 0 0.034353665 0.073336204 9.4368957e-16 0.010487943 0 0 0 1.7763568e-15 38.601975 0 0 0 0 0 0 0 0 0 0 0 0 0 0 0 0 0 0 0 0 0 0 0 0 0 0 0 0 0 0 0 
0 0.026880089 0.047503835 0.047493268 0.041648056 495.99181 156.53132 96.062244 41.836185 122.69096 0 64.075308 0 0.051229843 -7.1054274e-15 0 8.4626581 6.1968423 0 0 0 0 0 0 0 0 0 0 0 0 0 0 0 0 0 0 0 0 0 0 0 0 
0 0.01682243 0.0192881 -1.4210855e-14 -7.1054274e-15 -1.7763568e-15 4.3298698e-15 0.045400156 1.0658141e-14 -8.8817842e-16 -3.5527137e-15 0.0058201403 0 0.018693774 367.3106 0 0 0 0 0 0 0 0 0 0 0 0 0 0 0 0 0 0 0 0 0 0 0 0 0 0 0 
0 -3.5527137e-15 0.043347154 -7.1054274e-15 1.7763568e-15 2.4424907e-15 0 -3.5527137e-15 -3.5527137e-15 0.049007512 0.034120515 0 0.016927378 7.1054274e-15 80.702884 0 0 0 0 0 0 0 0 0 0 0 0 0 0 0 0 0 0 0 0 0 0 0 0 0 0 0 
0 0.039832625 7.1054274e-15 -3.5527137e-15 2.6645353e-15 0 0.064962872 0 0 0 0 0 0.030042672 0 39.57534 0 0 0 0 0 0 0 0 0 0 0 0 0 0 0 0 0 0 0 0 0 0 0 0 0 0 0 
0 0.0022944914 0 0 0 -1.3877788e-17 0 0 0.02225373 0.016168638 0 0.031455512 0 0 42.409133 0 0 0 0 0 0 0 0 0 0 0 0 0 0 0 0 0 0 0 0 0 0 0 0 0 0 0 
0 0 0 0.025245059 -2.7755576e-17 0 0.039495366 -1.3877788e-17 0.03221773 0.043161541 0 0 0 0 60.807564 23.748256 1.3714167 3.7683787 29.645694 0 0 0 0 0 0 0 0 0 0 0 0 0 0 0 0 0 0 0 0 0 0 0 
0 0 -1.4155344e-15 0 0.043492721 0 0 0 0 0 0 0 0 0 -8.8817842e-16 0 0.042440804 0.015242831 1.7763568e-15 46.479455 0 0 0 0 0 0 0 0 0 0 0 0 0 0 0 0 0 0 0 0 0 0 
0 0 0 0 0 0 0 0 0 0 0 0 0 0 0 0 1.3877788e-17 0.039296055 0 113.15685 37.584569 5.8987783 2.9138945 0 0 0 0 0 0 0 0 0 0 0 0 0 0 0 0 0 0 0 
0 0 0 0 0 0 0 0 0 0 0 0 0 0 0 0 0 0 0.017460384 1.7763568e-15 55.219412 -1.3322676e-15 19.454135 0.62776973 0 0 0 0 0 0 0 0 0 0 0 0 0 0 0 0 0 0 
0 0 0 0 0 0 0 0 0 0 0 0 0 0 0 0 0.019564254 0 0 0 -4.8849813e-15 35.065733 0.058671655 0 0 0 0 0 0 0 0 0 0 0 0 0 0 0 0 0 0 0 
0 0 0 0 0 0 0 0 0 0 0 0 0 0 0 0 0 7.1054274e-15 0 102.96851 0 0 0 43.689457 0 0 0 0 0 0 0 0 0 0 0 0 0 0 0 0 0 0 
0 0 0 0 0 0 0 0 0 0 0 0 0 0 0 0 3.5527137e-15 0.012974853 -3.5527137e-15 3.5527137e-15 96.272536 0.001039516 61.553697 0.04651943 103.87418 0 0 0 0 0 0 0 0 0 0 0 0 0 0 0 0 0 
0 0 0 0 0 0 0 0 0 0 0 0 0 0 0 0 0 0 0 3.5527137e-15 3.5527137e-15 0.012682275 0.05897068 3.5527137e-15 89.638514 0 0 0 0 0 0 0 0 0 0 0 0 0 0 0 0 0 
0 0 0 0 0 0 0 0 0 0 0 0 0 0 0 0 0 0 -5.3290705e-15 0 0 0 7.1054274e-15 0.018100494 47.680084 0 0 0 0 0 0 0 0 0 0 0 0 0 0 0 0 0 
0 0 0 0 0 0 0 0 0 0 0 0 0 0 0 0 0 0 0 0 -3.5527137e-15 0 0.062058841 0.048868359 43.822393 0 0 0 0 0 0 0 0 0 0 0 0 0 0 0 0 0 
0 0 0 0 0 0 0 0 0 0 0 0 0 0 0 0 0 0 0 0 0 0.0089201064 0 0.028975619 9.3502722 0 0 0 0 0 0 0 0 0 0 0 0 0 0 0 0 0 
0 0 0 0 0 0 0 0 0 0 0 0 0 0 0 0 0 0 0 0 0.011306639 -6.9388939e-17 0.081698216 0.04992086 21.864733 0 0 0 0 0 0 0 0 0 0 0 0 0 0 0 0 0 
0 0 0 0 0 0 0 0 0 0 0 0 0 3.5527137e-15 0 0 0 0.1499719 0 0 0 0 0 0 0 0 0 0 0 0 0 0 0 0 0 0 0 0 0 0 0 0 
0 0 0 0.044463733 6.4174882 0.025986608 0 0 0 0 -7.1054274e-15 0 0 0 0 0 0 0 0 0 0 0.0024236276 0 0 0 0 0 0 0 0 0 0 0 0 0 0 0 0 0 0 0 0 
0 0 0.02302185 0.073414719 40.770267 23.647375 13.517498 0 38.880718 0.023241238 7.1054274e-15 0 0 0.020745202 0 3.5527137e-15 3.5527137e-15 0 0 0 0 0 0.0032998571 0 0 0 0 0 0 0 0 0 0 0 0 0 0 0 0 0 0 0 
0 0 0.021556682 0 0 0 -2.220446e-16 0.03683026 0 -1.4210855e-14 0.044120688 0.10400488 14.301795 0 -7.1054274e-15 0 0 0 0 0 2.6645353e-15 0 0 0.89072556 0 0 0 0 0 16.182228 0 0 0 0 0 0 0 0 0 0 0 0 
0 0.025228785 0 0 0 0 -3.5527137e-15 0 -1.7763568e-15 3.5527137e-15 0.03576209 28.593745 0.1643471 0.036973166 85.125826 277.67693 95.199189 59.194872 31.89515 3.8666432 42.63503 75.583111 0 17.450429 0 0 0 0 0 39.086142 0 0 0 0 0 0 0 0 0 0 0 0 
0 0 161.38199 -8.8817842e-16 0 0 0 0 7.1054274e-15 0.042593575 0 0.044657166 7.6050277e-15 0.032361152 317.88154 928.61768 0 162.08447 36.131608 41.109198 3.260864 0 49.941725 0 0 0 0 0 94.444227 12.870801 0 0 0 0 0 0 0 0 0 0 0 0 
0 3.5527137e-15 0 1.4210855e-14 5.3290705e-15 0 0 0 0.010361687 0.025327138 0.064362676 0 7.1054274e-15 0 0.036726024 0 5.3290705e-15 0 0 28.682735 0 0 0 0 0 0 0 0 12.360081 0 0 0 0 0 0 0 0 0 0 0 0 0 
0 0 0 0 -7.1054274e-15 0 0 0 7.0776718e-16 0.038278743 0.039767636 -7.1054274e-15 0 0 0 0.0017531646 0.056508562 3.5527137e-15 0.005338013 0.011814467 3.3663348 0 0 0 0 0 0 0 0 0 0 0 0 0 0 0 0 0 0 0 0 0 
0 0 0 0 0 0 0 0 0 0 0 -3.5527137e-15 0 -3.5527137e-15 0 0.01285878 0.00062740342 0.014923521 5.2061523 0 0 0 0 0 0 0 0 0 0 0 0 0 0 0 0 0 0 0 0 0 0 0 
0 0 0 0 0 0 0 0 0 0 0 0 0 0 0 0 0.65425495 0 0 0 0 0 0 0 0 0 0 0 0 0 0 0 0 0 0 0 0 0 0 0 0 0 
0 0 0 0 0 0 0 0 0 0 0 0 0 0 0 0 25.214539 0 0 0 0 0 0 0 0 0 0 0 0 0 0 0 0 0 0 0 0 0 0 0 0 0 
