NCOLS 42
NROWS 41
XLLCORNER 276826.32
YLLCORNER 3833378.9
CELLSIZE 10
NODATA_VALUE -9999
0 0 0 0 0 0 0 0 0 0 24.911695 0 0 0 0 0 0 0 0 0 0 0 0 0 0 0 0 0 0 81.667067 138.41416 0.043476365 0.038455307 0 0 3.5527137e-15 8.3687247 0 0 0 2.7405952 0 
0 0 0 0 0 0 0 0 0 0 0 45.990814 0 0 0 0 0 0 0 0 0 0 0 0 0 0 21.758275 0 0 37.442348 0.028708714 0.033622962 0.012063266 0.025882775 0 3.5527137e-15 0 0 0 2.2713667 0 24.870597 
0 0 0 0 0 0 0 0 0 2.4573418 0 35.850184 0 0 0 0 0 0 0 0 0 0 0 0 0 84.387995 0 0.017259734 151.28092 0 0.0050929595 3.5527137e-15 0 0 0 0 0 0 0 0 25.339825 0 
0 0 0 0 0 0 0 0 0 0 0 0 0 0 0 0 0 0 0 0 0 0 0 0 0 121.10716 0.020970719 0.0019132461 0.010401907 0.024491325 3.5527137e-15 0 0 0 0 0 0 0 0 0 0 0 
0 0 0 0 0 0 0 0 0 0 0 0 0 0 0 0 0 0 0 0 0 0 0 0 41.966807 0.02847942 0 0 5.1951327 0 0 0 0 0 0 0 0 0 0 0 0 0 
0 0 0 0 0 0 0 0 0 0 0 0 0 0 0 0 0 0 0 0 0 0 0 0 21.547808 0 0 0 0 0 0 0 0 0 0 0 0 0 0 0 0 0 
0 0 0 0 0 0 0 0 0 0 0 0 0 0 0 0 0 0 0 0 0 0 0 0 49.962606 0 0 0 0 0 0 0 0 0 0 0 0 0 0 0 0 0 
0 0 0 0 0 0 0 0 0 0 0 0 0 0 0 0 0 0 0 0 0 0 0 0 27.382099 0 0 0 0 0 0 0 0 0 0 0 0 0 0 0 0 0 
0 0 0 0 0 0 0 0 0 0 0 0 0 0 0 0 0 0 0 0 0 0 0 0 47.992148 0 0 0 0 0 0 0 0 0 0 0 0 0 0 0 0 0 
0 0 0 0 0 0 0 0 0 -1.7763568e-15 28.159151 0 0 0 0 0 0 0 0 0 0 0 0 0 25.89096 0 0.035899906 0 0 0 0 0 0 0 0 0 0 0 0 0 0 0 
0 0 0 0 0 0 0 0 0 0 27.406799 0 0 0 0 0 0 0 0 0 0 0 0 0 27.72203 6.3229695 0 0 0 0 0 0 0 0 0 0 0 0 0 0 0 0 
0 0 0 0 0 0 0 0 0 -1.7763568e-15 0 0 29.87416 0 14.497374 0 0 0 0 0 0 0 0 0 0 0 0 0 0 0 0 0 0 0 0 0 0 0 0 0 0 0 
45.672335 3.5527137e-15 0.023470057 0.029170154 89.147252 3.5527137e-15 0.19325625 0.024365161 72.722496 9.0806603 29.182751 0 0 0 0 8.9062002 0 0 0 0 0 0 0 0 0 0 0 0 0 0 0 0 0 0 0 0 0 0 0 0 0 0 
0 0.039910686 0.042987955 0.056311546 430.32153 339.26089 278.36844 128.39153 48.973805 103.50056 101.2374 2.4887258 108.6589 0.022592345 3.5527137e-15 0 28.538297 0 0 0 0 0 0 0 0 0 0 0 0 0 0 0 0 0 0 0 0 0 0 0 0 0 
0 0.012287422 0.01407657 3.5527137e-15 0.039243641 0.012494514 0.10169105 -3.5527137e-15 0.037256435 0.0485229 -7.1054274e-15 0.065105526 87.120565 96.579969 100.98936 0 0 0 0 0 0 0 0.72666102 16.460694 0 0 0 0 0 0 0 0 0 0 0 0 0 0 0 0 0 0 
0 3.5527137e-15 0.034248835 0.049768952 0 -3.5527137e-15 0.063865183 0.059198748 -3.5527137e-15 1.0658141e-14 0.084823493 0.0010569413 0.0015346944 8.7830176 76.528031 0 0 0 0 0 0 0 0 73.009469 0 0 0 0 0 0 0 0 0 0 0 0 0 0 0 0 0 0 
20.301404 0.029300382 -3.5527137e-15 0 3.5527137e-15 0 0 0 -3.5527137e-15 0.04426604 0 -3.5527137e-15 0.015488836 7.1054274e-15 48.805779 0 0 0 0 0 0 0 0 17.35267 0 0 0 0 0 0 0 0 0 0 0 0 0 0 0 0 0 0 
0 0.0016491734 0.02859868 0 0 0.025617032 3.5527137e-15 0 0.010165039 0.029366094 0.0026753968 0.013481579 -3.5527137e-15 3.5527137e-15 46.593622 0 0 0 0 0 0 0 0 0 0 0 0 0 0 0 0 0 0 0 0 0 0 0 0 0 0 0 
0 0 3.5527137e-15 0 0 0 0 0 32.973956 0 0 45.251861 0 -7.1054274e-15 203.38976 154.21605 44.356018 35.730923 51.387016 0 0 0 0 0 0 0 0 0 0 0 0 0 0 0 0 0 0 0 0 0 0 0 
0 0 0 15.257493 0.073214481 0 0 0 15.36658 0 0 0 0.012539983 0.11523324 -3.5527137e-15 -3.5527137e-15 0.26741341 0.17865761 0.0051711402 77.71734 0 0 0 0 0 0 0 0 0 0 0 0 0 24.654417 0 0 0 0 0 0 0 0 
0 0 0 0 0 0 0 0 47.184279 0.33930584 1.2716491 0.0027306944 0.0024685289 7.1054274e-15 7.1054274e-15 0.044083525 0.067883603 0.044826158 0.013003786 88.424681 0 10.308136 0 0 0 0 0 0 0 0 0 0 0 42.582051 0 0 0 0 0 0 0 0 
0 0 0 0 0 0 0 0 46.58495 4.8854955 0 -3.5527137e-15 0.012036186 21.530167 59.007794 0 -3.5527137e-15 3.5527137e-15 0.01365391 0 99.251076 0 17.164576 0 0 0 0 0 0 0 0 0 0 51.687578 3.5527137e-15 0 0 0 0 0 0 0 
0 0 0 0 0 4.5199433 4.733398 0 34.769978 0 -3.5527137e-15 3.5527137e-15 0.0097112487 0 0 22.891332 0 0 -7.1054274e-15 76.831856 0 12.751883 0 0 0 0 0 0 0 0 0 0 0 46.200226 0 0 0 0 0 0 0 0 
0 0 0 0 0 0 33.53983 1.4255499 3.3889308 0 68.986657 0 0 0 0 0 -3.5527137e-15 0 0 94.646024 0 0 0.22248812 2.8324112 0 0 0 0 0 0 0 0 0 44.02071 -3.5527137e-15 0 0 0 0 0 0 0 
0 0 0 0 0 22.168485 0 24.466087 0 -3.5527137e-15 0 7.8640376 0 0 0 3.5527137e-15 0 0 -3.5527137e-15 74.813388 153.16319 0 6.5645982 0 136.00985 0 0 0 0 0 0 0 0 8.64891 0 0 0 0 0 0 0 0 
0 0 0 0 0 0 23.859724 0 0 0 0 0 0 0 0 0 0 3.5527137e-15 0 0 110.47393 24.3763 0 0.023969764 136.24939 0 0 0 0 0 0 0 0 0 0 0 0 0 0 0 0 0 
0 0 0 0 0 0 0 0 0 0 0 0 0 0 17.569852 3.5527137e-15 3.5527137e-15 0 7.1054274e-15 7.1054274e-15 21.157922 72.480848 0.039878025 0.0039460117 97.80456 0 0 0 0 0 0 0 0 0 0 0 0 0 0 0 0 0 
0 0 0 0 0 0 0 0 0 0 0 0 0 0 0 0 0 3.5527137e-15 0 0 7.1054274e-15 0 0.025169154 0.15287831 57.529667 0 0 0 0 0 0 0 0 24.354012 0 0 0 0 0 0 0 0 
26.213646 0 0.0076136727 0 0 0 0 0 0 0 0 0 0 0 0 0 0 0 0 3.5527137e-15 7.1054274e-15 0.052859591 0.010236284 3.5527137e-15 40.522243 0 0 0 3.1421652 0 0 0 39.282126 0 0 0 0 0 0 0 0 0 
0 51.755356 28.606399 0 0 0 0 0 0 0 0 0 0 0 0 0 0 0 0 0 0.0035938015 0.0077455734 0.023084222 0.023728051 61.833799 0 0 4.4316957 0 36.232037 0 0 48.278334 0 0 0 0 0 0 0 0 0 
0 0 0 41.075942 0.0091414437 0.02116788 0 3.5527137e-15 0 0 0 0 0 3.5527137e-15 0 0 0 0.13668527 0 0 26.873008 0 0 0 73.47501 0 0 0 0 52.79247 0 0 44.046656 0 0 0 0 0 0 0 0 0 
0 2.7634214 21.362333 0 40.285754 0.037059715 0 0 0 0 0 0 0.0049338249 0 0 -3.5527137e-15 0.037635849 0 0 0.01359373 0.02210336 0 0.010845315 32.296374 0 0 0 0 0 45.766828 0 0 6.4179485 0 0 0 0 0 0 0 0 0 
0 0 0 34.972212 34.931647 107.767 105.69736 121.2662 106.66714 0 -3.5527137e-15 -3.5527137e-15 -3.5527137e-15 0.08731692 0 0 0 0.029552647 0 0 0.0030484381 0.0036801044 13.41362 0.66168613 0 0 0 0 3.5527137e-15 47.215139 0 0 0 0 0 0 0 0 0 0 0 0 
0 0 15.271984 0 0 45.165003 4.3021142e-16 1.4432899e-15 19.78815 3.5527137e-15 0.0957253 0.091676148 55.780652 0 0 0 0 0.013775461 0 0 -4.4408921e-15 85.915383 9.4557949 0 0 0 0 0 3.5527137e-15 38.558064 0 0 0 0 0 0 0 0 0 0 0 0 
0 11.383327 0 25.723072 11.415034 0.05136873 -3.5527137e-15 0.015454215 0.0065465707 0.015332693 1.0658141e-14 395.42382 0.40830278 66.791181 191.49669 111.12985 96.960011 79.864109 60.472627 47.727402 19.774474 23.44299 0 0 0 0 0 0 3.5527137e-15 39.574957 0 0 0 0 0 0 0 0 0 0 0 0 
0 0 296.86766 -6.1062266e-16 41.783937 -3.5527137e-15 -7.1054274e-15 0.0038185989 0.045591435 0.021821823 3.5527137e-15 0.11259984 3.5527137e-15 204.48553 914.16413 60.188533 64.498026 65.573605 0 76.90372 7.7671664 0 0 0 0 0 0 3.5527137e-15 106.39091 0 0 0 0 0 0 0 0 0 0 0 0 0 
0 0 0.018079042 3.5527137e-15 0 -3.5527137e-15 0.0027254269 0.0056317892 0.022325854 0.027547786 0.10234711 3.5527137e-15 0 3.5527137e-15 0.013724375 1.7763568e-15 -3.5527137e-15 7.1054274e-15 0.026054537 65.937168 0 0 0 0 0 0 -1.6653345e-16 0 54.002868 0 0 0 0 0 0 0 0 0 0 0 0 0 
0 0 3.5527137e-15 0 0 0 0 0.0045304653 3.5527137e-15 0.030704431 0 0 0 0 0 0 0.017385215 0.052379228 0.031056027 2.3793819 0 0 0 0 0 0 0.25993583 0 0 0 0 0 0 0 0 0 0 0 0 0 0 0 
0 48.615004 0 0 0 -3.5527137e-15 0 0.0081160945 0 0 0 0 0 0 0 3.5527137e-15 -3.3306691e-16 9.2549136 0 0 0 0 0 0 0 0 0 0 0 0 0 0 0 0 0 0 0 0 0 0 0 0 
5.222198 0 3.5527137e-15 0 0 0 0.0032032227 0 0 0 0 0 0 0 0 0 27.178113 0 0 0 0 0 0 0 0 0 0 0 0 0 0 0 0 0 0 0 0 0 0 0 0 0 
0 9.061798 0 0 0 0 0 0 0 0 0 0 0 0 0 0 23.816514 0 0 0 0 0 0 0 0 0 0 0 0 0 0 0 0 0 0 0 0 0 0 0 0 0 
