NCOLS 42
NROWS 24
XLLCORNER 276816.32
YLLCORNER 3833358.9
CELLSIZE 10
NODATA_VALUE -9999
0 0 0 32.869646 0 0 0 0 0 0 0 -1.7763568e-15 17.773689 0 0 7.1054274e-15 0.0047381335 -2.220446e-15 25.009079 98.605125 0 0 0 0 0 0 0 0 0 0 0 0 0 0 0 0 0 0 0 0 0 0 
0 0 0 0 0 0 0 0 0 0.6928308 2.220446e-15 0.0023092184 0.00031174437 0.033146761 0.071055064 0.17511845 -1.7763568e-15 0.02782271 0.038339045 0 122.96144 36.269227 39.786827 58.843246 0 0 0 0 0 0 0 0 0 0 50.692601 0 0 0 0 0 0 0 
0 0 0 0 0 0 0 0 -3.5527137e-15 53.913046 2.7755576e-17 0.0021394716 -7.1054274e-15 0 0.02323078 0 0 3.5527137e-15 3.5527137e-15 0.031619652 0 49.830898 0.051504597 22.011816 6.3628358 0 0 0 0 0 0 0 0 0 65.585843 0 0 0 0 0 0 0 
0 0 0 0 0 0 0 24.509615 5.876254 39.974877 0.011226734 0.040559471 7.1054274e-15 3.5527137e-15 0 0 0 0.030561232 0.0017135051 0 0 7.1054274e-15 39.709391 0.087560632 0 0 0 0 0 0 0 0 0 0 52.427362 0 0 0 0 0 0 0 
0 0 0 0 0 0 0 -1.7763568e-15 41.775206 4.5306983 0 1.7763568e-15 0.020166898 0.03453431 0 0 0.038138362 0.029557564 0 0 115.90954 0 0 30.864869 104.40752 0 0 0 0 0 0 0 0 0 45.484833 0 0 0 0 0 0 0 
0 0 0 0 0 0 -1.7763568e-15 -3.5527137e-15 0 0 -3.5527137e-15 0.037622678 0 0 0 0 0 3.5527137e-15 0.0085058608 -3.5527137e-15 0 146.55566 20.998486 85.286461 0.090421134 215.45838 0 0 0 0 0 0 0 0 14.356933 0 0 0 0 0 0 0 
0 0 0 0 0 0 0 -3.5527137e-15 0 0 0 0.0045358407 0 0 0 3.6516657 0 0.03972082 0 -3.5527137e-15 0 3.5527137e-15 0.010441558 0.11732523 0.090853383 190.16794 0 0 0 0 0 0 0 0 0 0 0 0 0 0 0 0 
0 0 0 0 0 0 0 0 0 0 0 0 0 0 0 0 0 7.1054274e-15 3.5527137e-15 0 0.055646958 -3.5527137e-15 0.057381686 0.035354219 0.041427765 112.37519 0 0 0 0 0 0 0 0 0 0 0 0 0 0 0 0 
0 0 0 0 0 0 0 0 0 0 0 0 0 0 0 0 0 0 0 0 0 0 3.5527137e-15 0.085139241 0.077700699 55.268996 0 0 0 0 0 0 0 29.1375 0 0 0 0 0 0 0 0 
0 0 0 0 0 0 0 0 0 0 0 0 0 0 0 0 0 7.1054274e-15 3.5527137e-15 3.5527137e-15 3.5527137e-15 0 0.033902747 0.036281893 0.015456758 24.416522 0 0 0 0 7.0138254 0 0 42.769683 0 0 0 0 0 0 0 0 
21.932674 0 77.615759 38.853108 0.024148836 3.5527137e-15 0 0 0 0 0 0 0 0 0 0 0 0 0 0 0 0.048072125 0.028950242 0.034672209 0.046173804 67.723349 0 0 0 0 54.339643 0 0 53.019584 0 0 0 0 0 0 0 0 
0 46.385626 0 0 0.026312443 0 0.03050011 -3.5527137e-15 0 0 0 0 0 0 0 0 0 0 0.13871502 0 0 -2.6229019e-15 0 0 0 109.38475 0 0 0 0 62.292705 0 0 44.330438 0 0 0 0 0 0 0 0 
0 0 0 0.026134631 0.21457429 8.3750933 0.12194262 -3.5527137e-15 0 0 0 0 0 0.0096743716 0 -3.5527137e-15 0 0.022919568 0 0 0.014385124 0 0.033021488 0 46.160228 0 0 0 0 0 47.426611 0 0 11.468941 0 0 0 0 0 0 0 0 
0 0 0 0.10980733 0.19713269 264.2774 254.62095 139.22998 89.881332 129.25398 0.037968359 7.1054274e-15 3.5527137e-15 0 0.097311762 0 0 3.5527137e-15 0.024309222 0 0 0 0 0.003111054 2.8595087 0 0 0 0 0 49.103654 0 0 0 0 0 0 0 0 0 0 0 
0 0.00027995462 1.0658141e-14 0.12587894 0 0.017686228 0.071107762 0.056364379 0.061053407 0.0344796 0.054760404 0.065395091 0.17363486 18.913956 0 0 0 -3.5527137e-15 0.013564048 -3.5527137e-15 3.5527137e-15 3.1086245e-15 0 0.030282168 54.955316 0 0 0 0 0 37.916949 0 0 0 0 0 0 0 0 0 0 0 
0 0 23.475096 6.5102224 0 0 0.018385692 0 7.1054274e-15 3.5527137e-15 0 0.19779769 46.217046 0.20689149 0.11271064 119.24536 390.02426 99.146581 53.568297 29.629375 3.3355714 35.343932 71.9117 0 27.657389 0 0 0 0 3.5527137e-15 39.697801 0 0 0 0 0 0 0 0 0 0 0 
0 0 0.017121271 481.31748 0.010678906 -8.8817842e-16 0.034591016 0.031981014 -3.5527137e-15 0.017331647 0.042534715 0.025048698 0.13894139 1.7763568e-14 0.12955779 421.51467 1422.1175 0 190.78136 30.901325 50.84498 3.0548208 0 93.633702 8.2368244 0 0 0 -3.5527137e-15 97.147373 11.574557 0 0 0 0 0 0 0 0 0 0 0 
0 0 0.055753116 0.15079298 0.062153325 4.4408921e-15 0 7.1054274e-15 0 0.066693749 0.059389858 0.18507946 0.034617526 7.1054274e-15 7.1054274e-15 0.028508255 3.5527137e-15 7.1054274e-15 0.013368498 0.070573842 63.595609 0 0 0 0 0 0 -6.9388939e-17 0 57.600205 0 0 0 0 0 0 0 0 0 0 0 0 
0 0.010747573 -7.1054274e-15 0.055171356 0 0 0 0.012713118 0.0069847711 0.017049284 0.079933177 0.048929274 -3.5527137e-15 0.046970086 0.053776791 0 0.040236418 0.050877211 0.022872689 0.042909283 0.035782453 4.5704448 0 0 0 0 0 0 0.051805736 0 0 0 0 0 0 0 0 0 0 0 0 0 
0 0.026543101 0 -3.5527137e-15 0 0 0 0 3.5527137e-15 3.5527137e-15 0.020727379 0 0 0.024829546 7.1054274e-15 0 0.011577341 0.033763014 0.014648724 7.9099719 0 5.2802148 0 0 0 0 0 0 0 0 0 0 0 0 0 0 0 0 0 0 0 0 
0 33.749333 -3.5527137e-15 3.5527137e-15 0 0 0 0 0 0.0031891825 0 0 0.0090272555 0.001010755 0 3.5527137e-15 0.061474758 20.577002 0 0 0 0 54.669253 0 0 0 0 0 0 0 0 0 0 0 0 0 0 0 0 0 0 0 
0 17.951487 20.897855 0 0 0 0 3.5527137e-15 0 0 0 0.00019007985 0 0 0 0.064840746 -1.0658141e-14 28.634546 41.161842 0 0 0 0 0 19.046362 0 0 0 0 0 0 0 0 0 8.6170935 0 0 0 0 0 0 0 
0.3226431 -1.6653345e-16 0 0 0 0 0 0 0 0 0 0.0015947021 0 0 0 0 0 2.220446e-16 37.339493 0 0 0 0 0 0 0 0 0 0 0 0 0 0 0 20.21294 0 0 0 0 0 0 0 
0 0 0.33779471 -1.110223e-16 0 0 0 0 0 0 0 0 0 0 0 0 0 24.918355 0 0 0 0 0 0 0 0 0 0 0 0 0 0 0 0 0 0 0 0 0 0 0 0 
