NCOLS 42
NROWS 41
XLLCORNER 276826.32
YLLCORNER 3833378.9
CELLSIZE 10
NODATA_VALUE -9999
0 0 0 0 0 0 0 0 0 0 23.587449 0 0 0 0 0 0 0 0 0 0 0 0 0 0 0 0 0 0 84.20765 119.76255 0 0.029757208 0 0 -3.5527137e-15 0 0 0 0 0 0 
0 0 0 0 0 0 0 0 0 0 -3.5527137e-15 46.394255 0 0 0 0 0 0 0 0 0 0 0 0 0 0 23.863344 0 0 18.452652 0.034015612 0.022000874 3.5527137e-15 0.055997028 0 0 0 0 0 0 0 0 
0 0 0 0 0 0 0 0 0 0 0 44.506766 0 0 0 0 0 0 0 0 0 0 0 0 0 124.00871 3.5527137e-15 0 130.17733 -3.5527137e-15 0.011148218 0 3.5527137e-15 0 0 0 0 0 3.864531 0 38.831663 24.117547 
0 0 0 0 0 0 0 0 0 0 0 0 0 0 0 0 0 0 0 0 0 0 0 0 40.244841 38.295497 0.053743959 0.035839298 0.016000457 0.032522622 0 0 0 0 0 0 0 0 0 0 0 0 
0 0 0 0 0 0 0 0 0 0 0 0 0 0 0 0 0 0 0 0 0 0 0 0 17.613938 0.042076281 0.011576033 0.0068404062 -8.8817842e-16 -3.5527137e-15 0 0 0 0 0 0 0 0 0 0 0 0 
0 0 0 0 0 0 0 0 0 0 0 0 0 0 0 0 0 0 0 0 0 0 0 0 18.558841 0 0 0 0 0 0 0 0 0 0 0 0 0 0 0 0 0 
0 0 0 0 0 0 0 0 0 0 0 0 0 0 0 0 0 0 0 0 0 0 0 0 43.142726 0 0 0 0 0 0 0 0 0 0 0 0 0 0 0 0 0 
0 0 0 0 0 0 0 0 0 0 0 0 0 0 0 0 0 0 0 0 0 0 0 0 23.024835 0 0 0 0 0 0 0 0 0 0 0 0 0 0 0 0 0 
0 0 0 0 0 0 0 0 0 0 0 0 0 0 0 0 0 0 0 0 0 0 0 11.882179 1.7763568e-15 0 0 0 0 0 0 0 0 0 0 0 0 0 0 0 0 0 
0 0 0 0 0 0 0 0 0 -8.8817842e-16 24.828492 0 0 0 0 0 0 0 0 0 0 0 0 0 29.488522 3.5527137e-15 0 0 0 0 0 0 0 0 0 0 0 0 0 0 0 0 
0 0 0 0 0 0 0 0 0 3.5527137e-15 26.370398 0 0 0 0 0 0 0 0 0 0 0 0 0 47.535393 4.3633781 0 0 0 0 0 0 0 0 0 0 0 0 0 0 0 0 
0 0 -3.5527137e-15 0 0 0 -3.5527137e-15 0 0 -4.4408921e-16 0 0 25.997394 0 0 0 0 0 0 0 0 0 0 0 0 0 0 0 0 0 0 0 0 0 0 0 0 0 0 0 0 0 
50.610969 0 0.028449022 0.059744782 35.78219 0.018335442 0.016307708 0.024936547 0 0 56.805979 0 0 0 3.5527137e-15 0 0.3937153 0 0 0 0 0 0 0 0 0 0 0 0 0 0 0 0 0 0 0 0 0 0 0 0 0 
0 0.021973867 0.038797755 0.10457902 73.211179 711.42023 265.99466 108.44651 38.19728 139.30737 0 84.797178 0 3.5527137e-15 0 4.1538285 18.400482 21.872248 0 0 0 0 0.15358167 0 0 0 0 0 0 0 0 0 0 0 0 0 0 0 0 0 0 0 
4.4408921e-16 0.013704724 0.015737364 0.061339929 7.1054274e-15 0 0.022941791 0.039869753 0.056162762 0.0314032 7.1054274e-15 0.035445946 0 0.036525065 344.37668 0 0 0 0 0 0 0 5.0434708 -3.5527137e-15 3.5527137e-15 0 0 0 0 0 0 0 0 0 0 0 0 0 0 0 0 0 
0 0 0.035342142 1.0658141e-14 0 -3.5527137e-15 0.061127248 0.034628661 0.017964402 0.085034256 0.020553693 0.014408796 0.044447554 1.4210855e-14 102.68248 0 0 0 0 0 0 0 26.070392 49.267263 0 0 0 0 0 0 0 0 0 0 0 0 0 0 0 0 0 0 
0 0.032499859 0 0 0 0.027681386 0.053491739 0.048220318 -7.1054274e-15 0 0 0.051537161 0.023157938 3.5527137e-15 46.295273 0 0 0 0 0 0 0 0 16.025765 0 0 0 0 0 0 0 0 0 0 0 0 0 0 0 0 0 0 
0 0.0018893305 0 3.5527137e-15 3.6082248e-16 0.02175927 0 0 0.02165687 0.010544831 0 0.024247004 -3.5527137e-15 3.5527137e-15 276.67315 0 0 0 0 0 0 0 0 0 0 0 0 0 0 0 0 0 0 0 0 0 0 0 0 0 0 0 
0 0 0 4.4408921e-16 -6.9388939e-18 0 0.047757672 0.074479424 0.062068811 0 0 0 3.5527137e-15 0 102.04205 325.84401 21.620513 25.7467 45.699659 0 0 0 0 0 0 0 0 0 0 0 0 0 0 0 0 0 0 0 0 0 0 0 
0 0 0.035812784 0 17.337934 0 0 0 0 0 -1.5543122e-15 0 0 0 0.0019110282 0.056896122 4.4408921e-16 0.0090356811 2.1316282e-14 100.86394 0 0 0 0 0 0 0 0 0 0 0 0 17.250926 0 -1.7763568e-15 0 0 0 0 0 0 0 
0 0 0 0 0 0 0 0 0.58624145 1.7763568e-15 0.001953954 0.00014063446 0 0.056977541 0.14360941 1.3322676e-15 0.023542293 0.03244073 0 104.0443 30.689346 33.665777 49.790439 0 0 0 0 0 0 0 0 0 0 49.984583 3.5527137e-15 0 0 0 0 0 0 0 
0 0 0 0 0 0 0 0 45.118348 2.7755576e-17 0.038589439 0.011709679 0.032773256 0.072150542 0 0 0 0 0.02675509 0 42.164606 0.082562195 18.586401 5.383938 0 0 0 0 0 0 0 0 0 56.344807 0 0 0 0 0 0 0 0 
0 0 0 0 0 0 20.738905 4.972215 33.824896 0.0094995444 0.034319552 7.1054274e-15 0.038045112 0 0 0 0.025859504 0.0014498889 7.1054274e-15 0 3.5527137e-15 33.600254 0.074089766 0 0 0 0 0 0 0 0 0 0 44.361614 0 0 0 0 0 0 0 0 
0 0 0 0 0 0 0 35.348251 3.8336678 1.7763568e-15 -1.7763568e-15 0.017064298 0.029221339 0 0 0.032270922 0.025010247 0 0 98.0773 0 0 26.116428 88.344824 0 0 0 0 0 0 0 0 0 38.487166 0 0 0 0 0 0 0 0 
0 0 0 0 0 0 3.5527137e-15 -1.7763568e-15 0 3.5527137e-15 0.031834574 0 0 0 0 0 0 0.0071972669 -3.5527137e-15 0 124.00863 17.767949 72.165467 0.037111228 182.28219 0 0 0 0 0 0 0 0 12.148174 0 0 0 0 0 0 0 0 
0 0 0 0 0 0 0 0 0 0 0.003838019 0 0 0 3.089871 0 0.033609924 -3.5527137e-15 1.0658141e-14 0 4.4408921e-15 0.043939089 0.10357023 0.076875939 161.00043 0 0 0 0 0 0 0 0 0 0 0 0 0 0 0 0 0 
0 0 0 0 0 0 0 0 0 0 0 0 0 0 0 0 0 3.5527137e-15 0 0.047085888 0 0.048553734 0.029915108 0.071774289 94.847381 0 0 0 0 0 0 0 0 0 0 0 0 0 0 0 0 0 
0 0 0 0 0 0 0 0 0 0 0 0 0 0 0 0 3.5527137e-15 -3.5527137e-15 3.5527137e-15 0 0 0.035471082 0.072040896 0.17253325 46.728466 0 0 0 0 0 0 0 24.654808 0 0 0 0 0 0 0 0 0 
23.71519 0 0 0 0 0 0 0 0 0 0 0 0 0 0 0 0 0 3.5527137e-15 3.5527137e-15 -3.5527137e-15 0.028686939 0.030700063 0.050686995 20.660134 0 0 0 0 5.9347753 0 0 36.189731 0 0 0 0 0 0 0 0 0 
0 53.137842 32.875707 0.02043363 0 0 0 0 0 0 0 0 0 0 0 0 0 0 0 0 0.040676414 0.024496358 0.068408165 3.5527137e-15 57.304372 0 0 0 0 45.979698 0 0 44.862725 0 0 0 0 0 0 0 0 0 
0 0 0 0.022264375 -3.5527137e-15 0.025807785 0 0 0 0 0 0 0 3.5527137e-15 0 0 0 0.11737425 0 0 5.2735594e-16 0 0 0 92.556323 0 0 0 -3.5527137e-15 52.709212 0 0 37.510371 0 0 0 0 0 0 0 0 0 
0 0 0 0.15663285 6.2938056 0.19556446 0 0 7.1054274e-15 0 3.5527137e-15 3.5527137e-15 0.0081860068 0 3.5527137e-15 0 0.01939348 0 0 0.012172028 0 0.027941259 0 39.058655 0 0 0 0 3.5527137e-15 40.130209 0 0 9.7044888 0 0 0 0 0 0 0 0 0 
0 0 0.092593073 0.200552 201.71473 187.60239 113.2175 76.053435 109.35508 0.033507692 3.5527137e-15 0 -3.5527137e-15 0.082340721 0 0 0 0.020569342 0 0 -3.5527137e-15 0 0.0026324303 2.4195843 0 0 0 0 0 41.549245 0 0 0 0 0 0 0 0 0 0 0 0 
0 0 0.047921341 0 0.01496527 0.024820124 0.047692936 0.086838313 0.029175046 0.081147691 0.08157254 0.22601109 14.868517 0 0 0 0 0.011477271 -3.5527137e-15 0 3.1086245e-15 0 0.025623373 46.500652 0 0 0 0 0 32.083572 0 0 0 0 0 0 0 0 0 0 0 0 
0 0.10038551 0 0 0 0.090129967 0 -3.5527137e-15 -3.5527137e-15 -3.5527137e-15 0.16851199 39.189222 0.13918953 0.093430621 85.663758 265.10839 83.893261 45.32702 25.07101 2.8224065 29.906404 60.848362 0 23.402406 0 0 0 0 0 33.590447 0 0 0 0 0 0 0 0 0 0 0 0 
0 0.010027415 316.26848 0.0090359977 2.220446e-15 0.029269321 0.027060858 3.5527137e-15 0.014665239 0.035990913 0 0.11527723 -1.4210855e-14 0.07256171 312.89381 1123.1321 0 139.31277 26.147275 43.022675 2.5848484 0 73.091496 6.9411459 0 0 0 0 82.201624 9.7938563 0 0 0 0 0 0 0 0 0 0 0 0 
0 0 0.071542266 -7.1054274e-15 -8.8817842e-16 3.5527137e-15 3.5527137e-15 0 0.030109616 0.050252956 0.11913726 0 7.1054274e-15 -3.5527137e-15 0.02412237 -1.7763568e-15 0 0 0.0478662 48.228514 0 0 0 0 0 0 6.9388939e-17 0 48.738635 0 0 0 0 0 0 0 0 0 0 0 0 0 
0 0 3.5527137e-15 0 0 3.5527137e-15 0 0.036936417 0.014426318 0.031225275 0.031417695 0 -7.1054274e-15 0 0.039121638 0.0340462 0.036466288 0.036307855 -2.4424907e-15 0.065520308 2.5875725 0 0 0 0 0 0 0.043835623 0 0 0 0 0 0 0 0 0 0 0 0 0 0 
0 0 1.0658141e-14 0 0 0 0 0 0 0 0 0 0 -3.5527137e-15 0 0.0097962114 0.00050705071 0.012395074 4.0675862 0 0 0 0 0 0 0 0 0 0 0 0 0 0 0 0 0 0 0 0 0 0 0 
4.9825337 0 0 0 0 0 0 0 0 0 0 0 0 0 0 0 0.37529379 0 0 0 0 0 0 0 0 0 0 0 0 0 0 0 0 0 0 0 0 0 0 0 0 0 
0 8.6459215 0 0 0 0 0 0 0 0 0 0 0 0 0 0 20.377718 0 0 0 0 0 0 0 0 0 0 0 0 0 0 0 0 0 0 0 0 0 0 0 0 0 
