NCOLS 42
NROWS 41
XLLCORNER 276826.32
YLLCORNER 3833378.9
CELLSIZE 10
NODATA_VALUE -9999
0 0 0 0 0 0 0 0 0 0 34.309016 0 0 0 0 0 0 0 0 0 0 0 0 0 0 0 0 0 0 122.48385 174.20007 0 0.03394881 0 0 0 0 0 0 0 0 0 
0 0 0 0 0 0 0 0 0 0 0 67.482552 0 0 0 0 0 0 0 0 0 0 0 0 0 0 34.710319 0 0 26.840221 0.049477254 0.032001271 0.048764322 0.032685901 0 0 0 0 0 0 -7.1054274e-15 0 
0 0 0 0 0 0 0 0 0 0 0 64.737114 0 0 0 0 0 0 0 0 0 0 0 0 0 180.45483 -7.1054274e-15 0 189.39509 0 0.01621559 0 0 0 0 0 0 0 5.621136 0 56.482419 35.080068 
0 0 0 0 0 0 0 0 0 0 0 0 0 0 0 0 0 0 0 0 0 0 0 0 58.05166 56.240612 -1.4210855e-14 1.4210855e-14 0.02434269 7.1054274e-15 -1.4210855e-14 0 0 0 0 0 0 0 0 0 0 0 
0 0 0 0 0 0 0 0 0 0 0 0 0 0 0 0 0 0 0 0 0 0 0 0 25.668288 0.013186949 0.016837866 0.0099496817 1.110223e-15 0 0 0 0 0 0 0 0 0 0 0 0 0 
0 0 0 0 0 0 0 0 0 0 0 0 0 0 0 0 0 0 0 0 0 0 0 0 26.994678 0 0 0 0 0 0 0 0 0 0 0 0 0 0 0 0 0 
0 0 0 0 0 0 0 0 0 0 0 0 0 0 0 0 0 0 0 0 0 0 0 0 62.753056 0 0 0 0 0 0 0 0 0 0 0 0 0 0 0 0 0 
0 0 0 0 0 0 0 0 0 0 0 0 0 0 0 0 0 0 0 0 0 0 0 0 33.490669 0 0 0 0 0 0 0 0 0 0 0 0 0 0 0 0 0 
0 0 0 0 0 0 0 0 0 0 0 0 0 0 0 0 0 0 0 0 0 0 0 17.283169 0 0 0 0 0 0 0 0 0 0 0 0 0 0 0 0 0 0 
0 0 0 0 0 0 0 0 0 0 36.11417 0 0 0 0 0 0 0 0 0 0 0 0 0 42.892395 0 0 0 0 0 0 0 0 0 0 0 0 0 0 0 0 0 
0 0 0 0 0 0 0 0 0 0 38.356943 0 0 0 0 0 0 0 0 0 0 0 0 0 69.142389 6.3467318 0 0 0 0 0 0 0 0 0 0 0 0 0 0 0 0 
0 0 0 0 0 0 0 0 0 0 0 0 37.814391 0 0 0 0 0 0 0 0 0 0 0 0 0 0 0 0 0 0 0 0 0 0 0 0 0 0 0 0 0 
73.615955 -7.1054274e-15 -7.1054274e-15 -1.4210855e-14 52.046822 0.026669734 0.023720303 0.036271342 3.5527137e-15 -1.7763568e-15 82.725167 0 0 0 0 0 0.5726768 0 0 0 0 0 0 0 0 0 0 0 0 0 0 0 0 0 0 0 0 0 0 0 0 0 
-7.1054274e-15 0.031961989 0.056496315 0.14876162 106.49097 1035.1678 386.93896 157.78352 55.519412 202.7207 0 123.34135 3.5527137e-15 0.044887416 0 6.0419323 26.764337 31.814179 0 0 0 0 0.22339152 0 0 0 0 0 0 0 0 0 0 0 0 0 0 0 0 0 0 0 
0 0.019934144 0.022890712 0.035561674 0 -7.1054274e-15 0.033369878 0.019943988 0.085931615 -7.1054274e-15 0.043769167 0.006670324 -7.1054274e-15 0.053127367 500.94563 0 0 0 0 0 0 0 7.3359576 0 0 0 0 0 0 0 0 0 0 0 0 0 0 0 0 0 0 0 
0 0.047272522 0.051916976 0 0 -7.1054274e-15 0.03295414 0 0.066731419 0.015093712 0.029896281 0.020958249 0.018291133 0 149.3686 0 0 0 0 0 0 0 37.92057 71.661474 0 0 0 0 0 0 0 0 0 0 0 0 0 0 0 0 0 0 
0 7.1054274e-15 0 0 0 7.1054274e-15 0.034576692 0.0067023019 0 0 7.1054274e-15 0.074963143 0.033684273 0 67.338579 0 0 0 0 0 0 0 0 23.310204 0 0 0 0 0 0 0 0 0 0 0 0 0 0 0 0 0 0 
0 0.0027481171 0 -7.1054274e-15 5.2735594e-16 0.031649847 0 0 0.025880117 0.015337936 0 0.03526837 0 0 402.14043 0 0 0 0 0 0 0 0 0 0 0 0 0 0 0 0 0 0 0 0 0 0 0 0 0 0 0 
0 0 0 0.030236059 5.5511151e-17 0 0.022162024 0.065596117 0.038637212 0.051483329 7.1054274e-15 3.5527137e-15 0 0 148.39244 474.57218 31.453312 37.449745 66.517211 0 0 0 0 0 0 0 0 0 0 0 0 0 0 0 0 0 0 0 0 0 0 0 
0 0 0 0 25.270904 0 0 0 0 -6.6613381e-16 -1.7763568e-15 0 0 7.1054274e-15 0.010042886 0.082757996 -4.4408921e-16 0.013945346 0.0014038019 146.58824 0 0 0 0 0 0 0 0 0 0 0 0 25.092255 0 -1.7763568e-15 0 0 0 0 0 0 0 
0 0 0 0 0 0 0 0 0.85271483 8.8817842e-16 0.0028421149 0.00038368538 1.4210855e-14 0.13512258 0.15557295 2.220446e-15 0.034243336 0 7.1054274e-15 151.46098 44.639049 49.017431 72.422457 0 0 0 0 0 0 0 0 0 0 72.704847 0 0 0 0 0 0 0 0 
0 0 0 0 0 0 0 -7.1054274e-15 65.626688 -5.5511151e-17 0 0.01703226 -7.1054274e-15 0.095401485 0 0 0 0 0.039196268 -1.7763568e-15 61.330337 0.016628206 27.139485 7.8311825 0 0 0 0 0 0 0 0 0 81.956082 7.1054274e-15 0 0 0 0 0 0 0 
0 0 0 0 0 0 30.16568 7.2323127 49.199849 0.013817519 0.0026196374 7.1054274e-15 0 0.0014785602 0 0 0.082747086 0.0027617848 -7.1054274e-15 -3.5527137e-15 -7.1054274e-15 48.887093 0.067475207 0 0 0 0 0 0 0 0 0 0 64.525983 0 0 0 0 0 0 0 0 
0 0 0 0 0 0 3.5527137e-15 51.415638 5.576244 3.5527137e-15 7.1054274e-15 0.024820797 0 0 0 -7.1054274e-15 0.036378541 -7.1054274e-15 0 142.66409 0 0 37.987531 128.56051 0 0 0 0 0 0 0 0 0 55.981333 0 0 0 0 0 0 0 0 
0 0 0 0 0 -3.5527137e-15 -7.1054274e-15 -4.4408921e-15 -3.5527137e-15 0 -7.1054274e-15 0 0 0 0 0 0 0.010468752 7.1054274e-15 0 180.3931 25.84429 105.00968 0.11360631 265.29062 0 0 0 0 0 0 0 0 17.670071 0 0 0 0 0 0 0 0 
0 0 0 0 0 0 0 0 0 0 0.0055825732 0 0 0 4.4943578 0 0 -7.1054274e-15 0 -7.1054274e-15 -5.3290705e-15 0.012851149 0.055303953 0.029463917 234.09769 0 0 0 0 0 0 0 0 0 0 0 0 0 0 0 0 0 
0 0 0 0 0 0 0 0 0 0 0 0 0 0 0 0 -7.1054274e-15 7.1054274e-15 -1.4210855e-14 0.02489879 -3.5527137e-15 0.03056375 0.043512885 0.050988018 138.30985 0 0 0 0 0 0 0 0 0 0 0 0 0 0 0 0 0 
0 0 0 0 0 0 0 0 0 0 0 0 0 0 0 0 0 0 7.1054274e-15 0 0 3.5527137e-15 0.062870491 0.13721709 68.045973 0 0 0 0 0 0 0 35.861538 0 0 0 0 0 0 0 0 0 
34.494822 0 0 0 0 0 0 0 0 0 0 0 0 0 0 0 0 0 7.1054274e-15 0 -7.1054274e-15 0.037803616 1.4210855e-14 0.08407948 30.051104 0 0 0 0 8.6324005 0 0 52.639609 7.1054274e-15 0 0 0 0 0 0 0 0 
0 77.291407 47.81921 0.029721644 0 0 0 0 0 0 0 0 0 0 0 0 0 0 0 0 0.01082232 0.083974439 -7.1054274e-15 0.016068337 83.392575 0 0 0 -7.1054274e-15 66.879561 0 0 65.254873 0 0 0 0 0 0 0 0 0 
0 0 0 0.032384546 0 0.037538597 0 0 0 0 0 -7.1054274e-15 0 0 0 0 0 0.17072618 0 0 -3.7608805e-15 0 0 0 134.62738 0 0 -7.1054274e-15 0 76.667945 0 0 54.560539 -7.1054274e-15 0 0 0 0 0 0 0 0 
0 0 0 0.1325766 9.0892233 0.065843935 0 0 0 0 0 0 0.011906919 0 0 -7.1054274e-15 0.028208699 0 0 0.017704768 0 0.040641831 0 56.812589 0 0 0 0 0 58.371214 0 0 14.11562 0 0 0 0 0 0 0 0 0 
0 0 0.034333208 0.12093372 293.75795 273.17558 164.8151 110.62318 159.17719 0.089246214 7.1054274e-15 0 0 0.075192143 0 0 0 0.029919043 0 0 7.1054274e-15 0 0.0038289895 3.5193953 0 0 0 0 -7.1054274e-15 60.435266 0 0 0 0 0 0 0 0 0 0 0 0 
0 0 0.023778556 0 0.021767666 0.087681168 2.7755576e-17 0.029696263 8.8817842e-16 0.025670763 0.035833809 0.21504725 21.63828 0 0 0 7.1054274e-15 0.016694213 0 0 1.7763568e-15 3.5527137e-15 0.03727036 67.637312 0 0 0 0 0 46.667014 0 0 0 0 0 0 0 0 0 0 0 0 
0 0.14601529 0 0 0 0.022464623 0 7.1054274e-15 0 0 0.15314352 56.834423 0.24901429 0.18211249 124.64627 385.91655 122.02656 65.930212 36.466923 4.1053186 43.500224 88.506708 0 34.039863 0 0 0 0 0 48.858832 0 0 0 0 0 0 0 0 0 0 0 0 
0 0.014585331 460.02688 0.013143269 1.7763568e-15 0 0.039361248 0 0.021331257 0.052350419 1.4210855e-14 0.1212768 7.1054274e-15 0.067633731 492.72461 1596.5669 0 202.60435 38.0324 62.578437 3.7597794 0 106.44276 10.009747 0 0 0 0 119.566 14.245609 0 0 0 0 0 0 0 0 0 0 0 0 
0 0 0.10406148 0 7.1054274e-15 0 0 7.1054274e-15 0.043795805 0.029169708 0.17677658 0 7.1054274e-15 0 0.035087083 -3.5527137e-15 0 0 0.037709264 70.259725 0 0 0 0 0 0 5.9674488e-16 0 70.89256 0 0 0 0 0 0 0 0 0 0 0 0 0 
0 -1.4210855e-14 -7.1054274e-15 0 0 0 7.1054274e-15 -1.4210855e-14 0.020983735 0 -7.1054274e-15 0 7.1054274e-15 0 -7.1054274e-15 0.0014627642 0.062618105 0 0.005099798 0.044039942 3.8149678 0 0 0 0 0 0 0.063760906 0 0 0 0 0 0 0 0 0 0 0 0 0 0 
0 0 0 0 0 0 0 0 0 0 0 0 0 0 0 0.014249035 0.00073752831 0.018029199 5.916489 0 0 0 0 0 0 0 0 0 0 0 0 0 0 0 0 0 0 0 0 0 0 0 
7.2473217 0 0 0 0 0 0 0 0 0 0 0 0 0 0 0 0.54588187 0 0 0 0 0 0 0 0 0 0 0 0 0 0 0 0 0 0 0 0 0 0 0 0 0 
0 12.575886 0 0 0 0 0 0 0 0 0 0 0 0 0 0 29.640317 0 0 0 0 0 0 0 0 0 0 0 0 0 0 0 0 0 0 0 0 0 0 0 0 0 
