NCOLS 42
NROWS 43
XLLCORNER 276826.32
YLLCORNER 3833378.9
CELLSIZE 10
NODATA_VALUE -9999
0 0 0 0 0 0 0 0 0 0 0 0 0 0 0 0 0 0 0 0 0 0 0 0 0 0 0 0 0 0 0 27.783585 0 0 52.838583 184.97403 0.024386459 0 0 0 0 0 
0 0 0 0 0 0 0 0 0 0 0 0 0 0 0 0 0 0 0 0 0 0 0 0 0 0 0 0 0 0 155.19765 0 7.1054274e-15 0 0.0050666654 0.032654806 0.027182327 0 3.5527137e-15 0 0 0 
0 0 0 0 0 0 0 0 0 0 0 29.823728 0 0 0 0 0 0 0 0 0 0 0 0 0 0 0 0 0 99.518131 318.73947 0.033617732 7.1054274e-15 0 0 3.5527137e-15 0 0 0 0 0 0 
0 0 0 0 0 0 0 0 0 0 0 53.560776 0 0 0 0 0 0 0 0 0 0 0 0 0 0 28.202134 0 0 21.807679 0.040200269 0.026001033 0 0.066178306 0 0 0 0 0 0 0 0 
0 0 0 0 0 0 0 0 0 0 0 51.920051 0 0 0 0 0 0 0 0 0 0 0 0 0 146.61955 0 0 153.84594 0 0.013175167 -3.5527137e-15 -3.5527137e-15 0 0 0 0 0 3.2477947 0 36.233052 0 
0 0 0 0 0 0 0 0 0 0 0 0 0 0 0 0 0 0 0 0 0 0 0 0 47.562085 45.300386 7.1054274e-15 -3.5527137e-15 0.018909631 0.038435826 0 0 0 0 0 0 0 0 0 0 0 0 
0 0 0 0 0 0 0 0 0 0 0 0 0 0 0 0 0 0 0 0 0 0 0 0 20.816472 0.049726514 0.013680766 0.0080841164 -8.8817842e-16 0 0 0 0 0 0 0 0 0 0 0 0 0 
0 0 0 0 0 0 0 0 0 0 0 0 0 0 0 0 0 0 0 0 0 0 0 0 21.933176 0 0 0 0 0 0 0 0 0 0 0 0 0 0 0 0 0 
0 0 0 0 0 0 0 0 0 0 0 0 0 0 0 0 0 0 0 0 0 0 0 0 50.986858 0 0 0 0 0 0 0 0 0 0 0 0 0 0 0 0 0 
0 0 0 0 0 0 0 0 0 0 0 0 0 0 0 0 0 0 0 0 0 0 0 0 27.211169 0 0 0 0 0 0 0 0 0 0 0 0 0 0 0 0 0 
0 0 0 0 0 0 0 0 0 0 0 0 0 0 0 0 0 0 0 0 0 0 0 14.042575 3.5527137e-15 0 0 0 0 0 0 0 0 0 0 0 0 0 0 0 0 0 
0 0 0 0 0 0 0 0 0 0 29.342763 0 0 0 0 0 0 0 0 0 0 0 0 0 34.850071 -3.5527137e-15 0 0 0 0 0 0 0 0 0 0 0 0 0 0 0 0 
0 0 0 0 0 0 0 0 0 0 31.165016 0 0 0 0 0 0 0 0 0 0 0 0 0 56.178191 5.1567196 0 0 0 0 0 0 0 0 0 0 0 0 0 0 0 0 
0 0 -3.5527137e-15 0 3.5527137e-15 0 -3.5527137e-15 0 0 8.8817842e-16 0 0 30.724193 0 0 0 0 0 0 0 0 0 0 0 0 0 0 0 0 0 0 0 0 0 0 0 0 0 0 0 0 0 
59.812963 0 0.033621571 0.070607469 42.288043 0.021669159 0.019272746 0.029470465 0 0 67.18148 0 0 0 -3.5527137e-15 0 0.4652999 0 0 0 0 0 0 0 0 0 0 0 0 0 0 0 0 0 0 0 0 0 0 0 0 0 
3.5527137e-15 0.025969116 0.045851893 0.12619348 86.523187 840.97714 314.32092 128.15687 45.14224 164.63598 0 100.21485 0 3.5527137e-15 -3.5527137e-15 4.90907 21.746024 25.84902 0 0 0 0 0.18150561 0 0 0 0 0 0 0 0 0 0 0 0 0 0 0 0 0 0 0 
4.4408921e-16 0.016196492 0.018598703 0.02889386 0 -3.5527137e-15 0.027113026 0.044180386 0.10729895 0.037112873 -1.0658141e-14 0.041890664 0 0.043165985 406.99062 0 0 0 0 0 0 0 5.9604655 0 0 0 0 0 0 0 0 0 0 0 0 0 0 0 0 0 0 0 
0 3.5527137e-15 0.042182543 7.1054274e-15 0 3.5527137e-15 0.028060907 3.5527137e-15 0.021230657 0.047690824 0.024290728 0.017028577 0.052528928 -7.1054274e-15 121.35202 0 0 0 0 0 0 0 30.810463 58.224947 0 0 0 0 0 0 0 0 0 0 0 0 0 0 0 0 0 0 
0 0.038408924 0 0 7.1054274e-15 0.032714366 0.063217509 0 0 0 0 0.060907554 0.027368472 7.1054274e-15 54.712595 0 0 0 0 0 0 0 0 18.939541 0 0 0 0 0 0 0 0 0 0 0 0 0 0 0 0 0 0 
0 0.0022328451 0 -3.5527137e-15 4.1633363e-16 0.025715501 0 0 0.021031751 0.012462073 -3.5527137e-15 0.028655551 0 3.5527137e-15 326.74642 0 0 0 0 0 0 0 0 0 0 0 0 0 0 0 0 0 0 0 0 0 0 0 0 0 0 0 
0 0 0 0.024566798 -4.1633363e-17 0 0.056440885 0.053296845 0.031352133 0.042001916 3.5527137e-15 3.5527137e-15 0 -7.1054274e-15 120.60042 385.43988 25.555816 30.427918 54.008688 0 0 0 0 0 0 0 0 0 0 0 0 0 0 0 0 0 0 0 0 0 0 0 
0 0 0 0 20.532609 0 0 0 0 -7.7715612e-16 -8.8817842e-16 0 0 -7.1054274e-15 0.0022584878 0.067240872 4.4408921e-16 0.010678532 0 119.20283 0 0 0 0 0 0 0 0 0 0 0 0 20.387458 0 -2.6645353e-15 0 0 0 0 0 0 0 
0 0 0 0 0 0 0 0 0.6928308 2.220446e-15 0.0023092184 0.00031174437 1.0658141e-14 0.071055064 0.12629717 -1.7763568e-15 0.02782271 0.038339045 0 122.96144 36.269227 39.786827 58.843246 0 0 0 0 0 0 0 0 0 0 59.072689 0 0 0 0 0 0 0 0 
0 0 0 0 0 0 0 -3.5527137e-15 53.321684 2.7755576e-17 -8.8817842e-16 0.013838711 0.03873203 0.085268822 0 0 3.5527137e-15 3.5527137e-15 0.031619652 0 49.830898 0.051504597 22.011816 6.3628358 0 0 0 0 0 0 0 0 0 66.589317 0 0 0 0 0 0 0 0 
0 0 0 0 0 0 24.509615 5.876254 39.974877 0.011226734 0.040559471 7.1054274e-15 3.5527137e-15 0 0 0 0.030561232 0.0017135051 0 0 7.1054274e-15 39.709391 0.087560632 0 0 0 0 0 0 0 0 0 0 52.427362 0 0 0 0 0 0 0 0 
0 0 0 0 0 0 -1.7763568e-15 41.775206 4.5306983 0 1.7763568e-15 0.020166898 0.03453431 0 0 0.038138362 0.029557564 0 0 115.90954 0 0 30.864869 104.40752 0 0 0 0 0 0 0 0 0 45.484833 0 0 0 0 0 0 0 0 
0 0 0 0 0 -1.7763568e-15 -3.5527137e-15 0 0 -3.5527137e-15 0.037622678 0 0 0 0 0 3.5527137e-15 0.0085058608 -3.5527137e-15 0 146.55566 20.998486 85.286461 0.090421134 215.45838 0 0 0 0 0 0 0 0 14.356933 0 0 0 0 0 0 0 0 
0 0 0 0 0 0 -3.5527137e-15 0 0 0 0.0045358407 0 0 0 3.6516657 0 0.03972082 0 -3.5527137e-15 0 3.5527137e-15 0.010441558 0.11732523 0.090853383 190.16794 0 0 0 0 0 0 0 0 0 0 0 0 0 0 0 0 0 
0 0 0 0 0 0 0 0 0 0 0 0 0 0 0 0 7.1054274e-15 3.5527137e-15 0 0.055646958 -3.5527137e-15 0.057381686 0.035354219 0.041427765 112.37519 0 0 0 0 0 0 0 0 0 0 0 0 0 0 0 0 0 
0 0 0 0 0 0 0 0 0 0 0 0 0 0 0 0 0 0 0 0 0 3.5527137e-15 0.085139241 0.077700699 55.268996 0 0 0 0 0 0 0 29.1375 0 0 0 0 0 0 0 0 0 
28.027043 0 0 0 0 0 0 0 0 0 0 0 0 0 0 0 7.1054274e-15 3.5527137e-15 3.5527137e-15 3.5527137e-15 0 0.033902747 0.036281893 0.015456758 24.416522 0 0 0 0 7.0138254 0 0 42.769683 0 0 0 0 0 0 0 0 0 
0 62.799268 38.853108 0.024148836 3.5527137e-15 0 0 0 0 0 0 0 0 0 0 0 0 0 0 0 0.048072125 0.028950242 0.034672209 0.046173804 67.723349 0 0 0 0 54.339643 0 0 53.019584 0 0 0 0 0 0 0 0 0 
0 0 0 0.026312443 0 0.03050011 -3.5527137e-15 0 0 0 0 0 0 0 0 0 0 0.13871502 0 0 -2.6229019e-15 0 0 0 109.38475 0 0 0 0 62.292705 0 0 44.330438 0 0 0 0 0 0 0 0 0 
0 0 0 0.1800606 7.4092594 0.053498197 0 0 0 0 0 0 0.0096743716 0 -3.5527137e-15 0 0.022919568 0 0 0.014385124 0 0.033021488 0 46.160228 0 0 0 0 0 47.426611 0 0 11.468941 0 0 0 0 0 0 0 0 0 
0 0 0.067746147 0.19607687 238.48104 221.80695 133.94092 89.881332 129.25398 0.037968359 7.1054274e-15 3.5527137e-15 0 0.097311762 0 0 3.5527137e-15 0.024309222 0 0 0 0 0.003111054 2.8595087 0 0 0 0 0 49.103654 0 0 0 0 0 0 0 0 0 0 0 0 
0 0 0.056634312 0 0.017686228 0.071107762 0.056364379 0.061053407 0.0344796 0.054760404 0.065395091 0.17363486 17.603331 0 0 0 -3.5527137e-15 0.013564048 -3.5527137e-15 3.5527137e-15 3.1086245e-15 0 0.030282168 54.955316 0 0 0 0 0 37.916949 0 0 0 0 0 0 0 0 0 0 0 0 
0 0.11863742 0 0 0 0.018385692 0 7.1054274e-15 3.5527137e-15 0 0.19779769 46.18065 0.1686803 0.11271064 101.23899 313.57902 99.146581 53.568297 29.629375 3.3355714 35.343932 71.9117 0 27.657389 0 0 0 0 3.5527137e-15 39.697801 0 0 0 0 0 0 0 0 0 0 0 0 
0 0.011850582 373.77184 0.010678906 -8.8817842e-16 0.034591016 0.031981014 -3.5527137e-15 0.017331647 0.042534715 0 0.13623673 1.0658141e-14 0.12955779 400.31449 1296.8902 0 164.58693 30.901325 50.84498 3.0548208 0 86.373799 8.2368244 0 0 0 -3.5527137e-15 97.147373 11.574557 0 0 0 0 0 0 0 0 0 0 0 0 
0 0 0.084549951 -3.5527137e-15 4.4408921e-15 0 7.1054274e-15 0 0.035584092 0.059389858 0.14079858 -7.1054274e-15 1.0658141e-14 3.5527137e-15 0.028508255 3.5527137e-15 7.1054274e-15 3.5527137e-15 0.070573842 57.004395 0 0 0 0 0 0 -6.9388939e-17 0 57.600205 0 0 0 0 0 0 0 0 0 0 0 0 0 
0 7.1054274e-15 7.1054274e-15 3.5527137e-15 0 0 0 0 0.017049284 0.036902598 0.037130004 3.5527137e-15 3.5527137e-15 0 0 0.040236418 0.050877211 -3.5527137e-15 0.042909283 0.035782453 3.0996909 0 0 0 0 0 0 0.051805736 0 0 0 0 0 0 0 0 0 0 0 0 0 0 
0 0 -7.1054274e-15 0 0 0 0 3.5527137e-15 3.5527137e-15 3.5527137e-15 0 0 3.5527137e-15 3.5527137e-15 0 0.011577341 0.00059924175 0.014648724 4.8071473 0 0 0 0 0 0 0 0 0 0 0 0 0 0 0 0 0 0 0 0 0 0 0 
5.8884489 0 0 3.5527137e-15 0 0 0 0 0 0 0 0 0 0 3.5527137e-15 -3.5527137e-15 0.44352902 0 0 0 0 0 0 0 0 0 0 0 0 0 0 0 0 0 0 0 0 0 0 0 0 0 
0 10.217907 0 0 0 0 0 0 0 0 0 0 0 0 0 0 24.082758 0 0 0 0 0 0 0 0 0 0 0 0 0 0 0 0 0 0 0 0 0 0 0 0 0 
