NCOLS 41
NROWS 57
XLLCORNER 277397.98
YLLCORNER 3856881.5
CELLSIZE 10
NODATA_VALUE -9999
0 0.031444877 0 0.013861349 0 1.0658141e-14 0.0481007 0.11053299 172.9883 56.587181 39.547648 13.992149 0 0 0 0 0 0 0 51.909111 0 0 0 0 0 0 0 0 0 1.7763568e-15 -1.7763568e-15 0.012934147 3.5527137e-15 120.33857 21.818097 0 0 0 0 0 0 
0 0.022736896 0.014638566 0.021390292 -3.5527137e-15 0.023423725 0.076397043 0.051457576 0.015139633 0 0.013168123 0.12974995 7.0971298 0 0 0 0 0 83.065365 0 0 0.011806211 -3.5527137e-15 0 0 0 0 0 0 0 7.1054274e-15 0 3.5527137e-15 0 0 92.527518 0 0 0 0 0 
0 0 0 0 0.020135812 0.035394059 0.013817452 0.068635785 0.12883035 0.17485755 0.04946447 0.0063290579 25.24618 0 0 0 0 0 40.678437 14.934816 0.042828662 0.031723016 0 0 0 0 0 0 0 0 0 0 0 3.5527137e-15 0 48.562428 0 0 0 0 0 
0 0.016680646 0 0 0 0 -1.4432899e-15 0 0 3.5527137e-15 0 0.058599297 0 83.200131 0 0 0 0 0 65.621834 -3.5527137e-15 -3.5527137e-15 0 0 -7.1054274e-15 0 0.0090914855 0 0 0 0 0 0.022556308 0 98.161522 0 0 0 0 0 0 
0.033947911 -3.5527137e-15 0.032402496 0 0 0 0 0.051639158 0.022768723 0 0.031403974 0.098203131 0.43248165 0.022688419 3.1435363 0 0 27.595568 20.864839 3.3306691e-15 0 -7.1054274e-15 7.1054274e-15 0.017339398 -7.1054274e-15 0.015309301 0 0 -6.1062266e-16 0 0 0 0 0 0 0 0.047758771 0.10962077 6.1665803 0 0 
0 0 3.5527137e-15 0 0 0 3.5527137e-15 0 0.030019227 0.016804378 0.027555139 0.038776956 0.071994018 548.45522 0 0 0 35.894336 0 0.016729225 0 0.033576128 0.0083475527 3.5527137e-15 0.060253542 0.080189353 0.052501398 0 0.17239461 0 -3.5527137e-15 3.5527137e-15 0.040937421 0 0 0.031014169 0.057411745 0.14333222 21.718755 0 0 
0 0.087537025 -7.1054274e-15 -3.5527137e-15 0 0 -3.5527137e-15 0 0.02479899 0.025026 0.11209387 0.11078971 0.12312184 354.74981 0 0 0 45.644688 124.07351 3.5527137e-15 -1.4210855e-14 0.0068605599 0.025939871 0.10485224 0.1388354 0.00077459057 0 0 0 0 0 0.0050083048 0.022354497 0.012480142 0.0083500088 0.34468089 0.12983161 450.70329 318.65063 0 0 
0 0 0.085484452 -7.1054274e-15 0 0 0 0 0 0.014373399 3.5527137e-15 0.054156163 4.4408921e-15 38.811064 0 0 0 0 114.22488 0 0.0092786919 0.019665834 0.014469413 0.089783056 0.068559913 -3.5527137e-15 0.011085956 0 0 0 0 0 -3.5527137e-15 0.039218182 0.014300297 0.07191661 0.11790695 0.056417577 558.30973 0 0 
-3.5527137e-15 0.0021372691 0.046497433 0.0670568 0 0 0 0 0 -3.5527137e-15 0 0.026866691 0.013433232 0 322.80626 0 0 0 0 291.47323 0 0.08155373 0.066590366 0.029753499 0.16181686 0.062282743 0 0.023307568 0 0 0 0 0 3.5527137e-15 0.014235758 0.053503566 0.16585138 0.067022542 -3.5527137e-15 101.79856 0 
0 3.5527137e-15 0.0018735156 0.050671557 0.015356656 0.0017297932 0 0 0.87701285 0 0 0 0 0 -1.5543122e-15 96.803668 0 0 0 139.86081 0.11013811 240.80997 7.1054274e-15 0.11791925 0.015399724 0.016358462 3.5527137e-15 0.015046618 0 0 0 0 0 -3.5527137e-15 0.0064926294 0.071263296 0 0.018178724 0 86.935381 49.126056 
0 3.5527137e-15 0.3042755 0.071474608 0.030120823 0.035872497 0 0 0 0 0 -3.5527137e-15 0 7.1054274e-15 -5.3290705e-15 0 87.80914 0 0 38.589954 168.85054 60.122894 214.4804 68.103154 0.078620012 0.069908596 7.1054274e-15 0.0081585157 3.5527137e-15 0 0 0 0 0 0 -3.5527137e-15 0 0.012537537 7.1054274e-15 0.088693473 38.61499 
0.0090382159 0.045640287 0.13095821 0.10512382 0.10762327 0 0 0 0 0 -3.5527137e-15 3.5527137e-15 3.5527137e-15 0 0 -3.5527137e-15 118.90603 0 0 0 0 0 0 109.32556 0.10930751 0.0024316185 0.0079095105 0.042840311 0.089583463 0 0 0 0 0 0 0 0 3.5527137e-15 0.029894659 0.033369277 17.327649 
0 0.006001811 0.13640369 0.21185471 0.15190737 0 0 0 0 0 0 0 0 0 0 3.5527137e-15 0.0013172703 67.391116 0 0 0 0 0 18.248224 165.51149 1.0658141e-14 0.022506342 0.084095642 0 0 3.5527137e-15 0 0 0 0 0 0 0 0 69.418915 0 
0 0 0.087160459 0.54592478 -7.1054274e-15 0.034038851 0 -3.5527137e-15 0 0.041199676 0 0 0 0 0.013945108 0.0045146556 74.159316 0 0 0 0 0 0 0 151.93744 0.21352409 0.051365139 1.0658141e-14 7.1054274e-15 0 0 0 0 0 0 0 0.036772077 0 0.051200428 0.013859333 0 
0 0 0.071150975 0.29035629 0.04380756 0 3.5527137e-15 0 0 0 0.0099854581 0 3.5527137e-15 0 0.041606061 0 11.000765 0 0 0 0 0 0 0 0 285.07196 116.01175 -3.5527137e-15 0 0 0 0 0 0 -8.8817842e-16 0 0.0007719793 0.033671016 0 0.0090675954 0.0048280143 
0 0.04610358 0.62207312 11.756723 0 0.0042819951 0 0.0055760107 0 0 0.041621586 0.07676057 0.037926731 0.024158143 0.033737311 0.052483612 0.050191396 0 0 0 0 0 0 0 0 7.4242616 228.17291 -7.4940054e-15 0 3.5527137e-15 0 0 0 0 -2.7755576e-17 0 0.052983995 0.048499532 3.5527137e-15 0.036302993 -3.5527137e-15 
0 3.5527137e-15 1282.0017 613.38784 0.052504166 0.010038153 0.0059023038 0 0.022769338 0.020996021 54.579319 17.977809 0.054312807 0.0074984225 0.032071099 87.115373 63.305234 23.61301 13.883786 0 0 0 0 0 0 0 100.30878 6.6613381e-15 3.6082248e-15 0 0 0.0027558821 0 0 0.0051134422 0.028878426 0 0.045818127 0.049429986 -3.5527137e-15 0.0084016943 
0 -3.5527137e-15 462.84549 48.219566 0.028094457 0.033843629 0 0 0 0 0 0.013593126 0.06829816 1.0658141e-14 0.092503805 618.63519 170.93323 31.106496 0 0 0 0 0 0 54.533906 0 0.029012787 0 -7.1054274e-15 0 0 0.0057575254 0.032036953 0 0.058506757 0 0.15445401 0 0.1324217 -1.0658141e-14 0.03792498 
0 0 0 46.737505 73.949782 0.032712461 0 0.0085485804 0 0 0 0 3.5527137e-15 -3.5527137e-15 0.039352384 0.022556704 0.067553857 27.379857 0 55.674631 0 0 0 13.366279 0.028463439 0.04180876 0.02421964 -7.1054274e-15 0 0 0 0 0.020413767 0.046373079 0 0 0 0.078533113 0.051476513 535.76749 58.009785 
0 -3.5527137e-15 0 0.0092495057 0 3.5527137e-15 0.049502939 3.5527137e-15 0 0 0 0 0 0 3.5527137e-15 0 0.069178087 0.041579739 0 76.246031 0 0 0 64.10763 14.500757 0.0015555449 0.02324101 0 0 0 0 0 0 0.00050446545 0.0080854389 0.075942394 3.5527137e-15 0 0.063835041 23.340693 0 
0 0 0.022288362 0.05937081 0.093118381 -3.5527137e-15 3.5527137e-15 0 -3.5527137e-15 3.5527137e-15 0 0 0 0 0 -3.5527137e-15 -3.5527137e-15 0 0 84.210533 0 0 0 0 82.999001 253.83249 -1.0658141e-14 3.5527137e-15 0 0 0 0 0 0.014838401 0 0.084242015 0 -5.3290705e-15 1.7763568e-15 0.059886891 40.89752 
0 0 0 0 0.11242061 0.22790657 -7.1054274e-15 -7.1054274e-15 0.04086727 0 0 0 0 0 3.5527137e-15 0 0 -3.5527137e-15 0.039793938 71.379399 0 0 0 0 0 0 193.62669 0.030488254 3.5527137e-15 -7.1054274e-15 0 0 0 0 0.032421913 -1.0658141e-14 0.040421063 0 0.0055575858 4.4408921e-16 0 
0 0 0 0 0.30898906 1163.1964 0 0.049517214 0.050069886 0 7.1054274e-15 3.5527137e-15 0 0 0.0027491434 0.036720575 0.071249185 0 0 91.659164 0 0 0 0 0 0 85.81694 0 0 0 2.220446e-16 0.01289663 0.0015210946 0 -7.1054274e-15 7.1054274e-15 0.062311705 0.21202447 0 0 0 
0 0 0 0.027852241 0.081430861 371.35721 345.04068 0.051074241 0 0 0 -3.5527137e-15 0 0.13493645 0 0.037964004 0.07546644 0.055277708 150.95145 74.65227 0 0 0 0 0 0 58.199543 0 7.1054274e-15 7.1054274e-15 0 0 0.054237588 0.011726529 3.5527137e-15 0.017575025 0.38835566 153.6823 119.81818 32.587756 3.7474596 
0 -7.1054274e-15 0.011150699 0.050262641 0.24203901 0.14134887 0.21623087 -1.0658141e-14 190.91773 166.45431 0 0 -3.5527137e-15 0 0.078590704 3.5527137e-15 0.065029126 0.051325546 0.11061001 128.62006 1.1318532 0 0 0 0 0 82.753252 -3.5527137e-15 0.05063895 -3.5527137e-15 0.015956313 0 -7.1054274e-15 0.0085927036 0.056266403 0.0021313513 0.14366351 664.37952 0 0 0 
0 -3.5527137e-15 0.031192941 0.041305748 0.034104753 3.5527137e-15 0.027986192 0.017599314 242.01525 85.413576 2.678805 0 0 0.065313111 0 0 0.015242968 0 0.041129066 170.80025 0 0 0 0 0 0 0 106.66071 0 0 0 0 -3.5527137e-15 0.089794095 0.077007076 0.028073591 233.21501 0 0 0 0 
0 -3.5527137e-15 3.5527137e-15 0.039960974 0.00099110241 0.0082167355 0.069887343 1.0658141e-14 287.85353 258.78802 436.11492 204.38916 0.041320296 0.069046171 0 0.045288158 0 0.045324563 0.024673715 57.188044 0 0 0 0 0 0 0 47.443784 0 0.03529436 0.048748598 0.0087509431 -7.1054274e-15 0.012278299 0.14203014 221.84634 0 0 0 0 0 
0 0 0 0.033241649 0.048179492 0.078353542 -3.5527137e-15 0.091140859 0.057333325 0.029318099 40.70921 117.63938 2.1163679 0.045733574 0.0029710918 0 0 0.026292545 0.035948036 65.489522 0 0 0 0 0 0 0 21.426577 0 23.385105 -3.5527137e-15 0.027766217 0.00067664763 0.012475751 88.706933 38.263091 0 0 0 0 0 
0 3.5527137e-15 -3.5527137e-15 0.025050679 0 0.094935626 0.0095334676 0.045168181 0.084851868 0.29239721 7.2907232 27.870506 102.69543 68.978773 61.661798 33.40994 3.784282 0 -7.1054274e-15 83.039345 0 0 0 0 0 0 0 5.6544355 0 0 0.023350865 0.011011444 0.02086023 0.042194894 81.947924 0 0 0 0 0 0 
0 3.5527137e-15 -3.5527137e-15 0.019043227 0.1542166 0.046910516 0.091193702 0.068964064 0.081185855 7.435761 22.143721 25.2224 0.23044738 170.75708 0 0 0 0 0 25.133826 0 0 0 0 0 0 0 0.017678436 0 0 0.010767008 0 0.088733389 183.28935 0 0 0 0 0 0 0 
0 7.1054274e-15 0.0097938446 0.037254907 0.003212298 3.5527137e-15 0.014234075 0.081067315 0.05221173 171.30948 638.12158 0.021277904 0.018084248 319.8919 130.78999 0 0 0 0 0 0 0 0 0 0 0 45.860806 0.098375201 0.025756366 55.681739 1.6280871 41.465445 86.061159 0 0 0 0 0 0 0 0 
0 0 0.033996144 0 -7.1054274e-15 0.033555331 0.061802293 0 0.17393244 0.07533652 0.07825047 0.045509123 0.32499507 0.30056809 145.20871 145.76915 0 0 91.78566 0 0 0 0 0 0 0 0 38.806208 12.585332 0 0 0.60405324 0 0 0 0 0 0 0 0 0 
0 0 0 0.0031608032 3.5527137e-15 0.091133135 0.042244361 0.15442423 0.1096234 0.12399511 0.10897827 0.039684833 0.036078202 0.070265511 0.033454078 0.060329471 -7.1054274e-15 3.5527137e-15 143.9749 0 0 0 0 0 0 0 0 0 0 0 0 0 0 0 0 0 0 0 0 0 0 
0 0 0 3.5527137e-15 0 0 -3.5527137e-15 0.11931754 0.068171287 0.063279069 0 0.037674007 0.003533656 0.0053717217 7.1054274e-15 0.061275789 0.01623691 0 146.0667 0 0 0 0 0 0 0 0 0 0 0 0 0 0 0 0 0 0 0 0 0 0 
0 0 -3.5527137e-15 0 3.5527137e-15 3.5527137e-15 0.21989585 0.032491536 -7.1054274e-15 1.4210855e-14 0.0030149451 0.030990049 0.072823108 0.015632849 0.025518612 0.011588995 1.0658141e-14 0.054085347 225.76241 0 0 0 0 0 0 0 0 0 0 0 0 0 0 0 0 0 0 0 0 0 0 
0 0 0 3.5527137e-15 0.024146638 0.039790588 0.034751476 0 7.1054274e-15 0.041560554 3.5527137e-15 0 0.076008242 0.038484164 0 0 0.057933253 0.030001782 0.020686319 310.58739 0 0 0 0 0 0 0 0 0 0 0 0 0 0 0 0 0 0 0 0 0 
0 0 0 0 0 0 0.022055998 -3.5527137e-15 0.048028992 3.5527137e-15 0 0.016914347 0 -3.5527137e-15 3.5527137e-15 0.024648124 0.12549302 0.012813813 0.053239947 337.65356 0 0 0 0 0 0 0 0 0 0 0 0 0 0 0 0 0 0 0 0 0 
0 0 0 0 0 0 0 0 0 0 0 -7.1054274e-15 0 0.0419607 7.1054274e-15 0.10516872 0.050182884 0.096149011 0.08175971 52.123247 119.03406 2.2219427 0 111.79603 0 0 0 0 0 0 0 0 0 0 0 0 0 0 0 0 0 
-3.5527137e-15 0 0 0 0 0 0 0 0 0 0 3.5527137e-15 0.025890953 -7.1054274e-15 0.025382863 0 0.038195885 -3.5527137e-15 0.062338891 0.10696386 371.30411 0.013166424 0.044763999 45.55411 0 0 0 0 0 0 0 0 0 0 0 0 0 0 0 0 0 
0 3.5527137e-15 0 0 0 0 0 0 0 0 3.5527137e-15 0 0 -3.5527137e-15 0 0.016085483 0.055244589 0.031658435 0.15915136 0.16154044 0 0 0.046115443 16.171117 0 0 0 0 0 0 0 0 0 0 0 0 0 0 0 0 0 
0 -3.5527137e-15 -3.5527137e-15 0 0 0 0 0 0 0 0 0 0 0.028456168 0 0.021448553 0.02947124 0.047788108 0.1454172 3.5527137e-15 0 0.068264131 0.059128819 0.032257195 38.351934 0 0 0 0 0 0 0 0 0 0 0 0 0 0 0 0 
7.1054274e-15 0.016824449 0.0075407599 0.024376444 0 -3.5527137e-15 0 0 0 0 -7.1054274e-15 -3.5527137e-15 0 0.084420287 0.040729653 0.03313267 0 0.029812582 0.074031338 3.5527137e-15 0.040084931 0 0.071957249 25.887145 0 0 0 0 0 0 0 0 0 0 0 0 0 0 0 0 0 
0.044297926 0.068060755 -3.5527137e-15 0 3.5527137e-15 0 0.023898246 0.010606162 3.5527137e-15 0 0 0.023251593 0.049857794 0.094095252 0.065908769 0 0 0.0052875887 0 0 0 0 0.0549783 100.06114 20.066268 0 0 0 0 0 0 0 0 0 0 0 0 0 0 0 0 
0.045116687 0.028132285 0.054531653 0 0 0 0.038403662 0.005951202 0 0 0.012914426 0.025461207 -3.5527137e-15 7.1054274e-15 -7.1054274e-15 0.12559929 0.094566562 0 0 0 0 0 0.018880272 0 42.542643 0 0 0 0 0 0 0 0 0 0 0 0 0 0 0 0 
0.055224861 0 0.0043649303 0.048834931 0 0 0.11436201 0.077871918 0.052827546 0 0 0.038522823 7.1054274e-15 0.026308036 0 0.029475512 396.96787 0.036097209 0 0 0 0 0 0.0046626392 22.742642 0 0 0 0 0 0 0 0 0 0 0 0 0 0 0 0 
7.1054274e-15 0 0 0.088630551 0 0 0.031370663 0 0.045312246 0 0 0 0 0.0062215616 0 0.071556428 0.040079207 0 0 0 0 3.5527137e-15 0.025818587 0.032038656 15.570804 0 0 0 0 0 0 0 0 0 0 0 0 0 0 0 0 
0.01222032 0.020012602 0 0 0.079079754 0.03582879 0.14197749 0.33521319 0.043638871 3.5527137e-15 -3.5527137e-15 0 0 41.35613 0.0088891206 0.048365743 -3.5527137e-15 0.19790438 159.33539 0 0 0 -3.5527137e-15 0.11311795 60.73116 0 0 0 0 0 0 0 0 0 0 0 0 0 0 0 0 
0.016696886 0.024550452 0.016264464 0.083457436 0.0083062944 0.13488149 0.18067536 0 0.73652966 0.087577686 3.5527137e-15 3.5527137e-15 3.5527137e-15 0 0 0 0 0.35632081 358.21289 0 0.17359413 0.39127368 72.039793 75.47158 0 0 0 0 0 0 0 0 0 0 0 0 0 0 0 0 0 
0.067894134 0.01308837 0 0.077066058 0.26336123 0 0.1477373 0 0.33316453 0.22644946 -7.1054274e-15 0.031854166 0.029087919 0 0 0 3.5527137e-15 0.038473221 0.043274329 0.04518818 0.027411654 0.18772192 633.70953 0 0 0 0 0 0 0 0 0 0 0 0 0 1.3322676e-15 0 46.374608 25.113286 0 
0.087079842 0.050721908 0.044448871 0.22004252 0.18570152 0 0.21945594 0 0.73336606 0.31264254 0.21040517 3.5527137e-15 0.0073264684 0 0 0 -7.1054274e-15 -3.5527137e-15 0.04236473 0 0.11428611 0.017898906 390.56117 0 0 0 0 0 0 0 0 0 0 0 0 0 4.5077924 0 36.631763 0 0 
0 0 0.29085817 0.53877993 0 0 0.14455202 0 0.29573979 0.39041319 0.044496575 0 0 0.036365409 0 0 0 0 0 0 0 0 0.024329244 79.182386 0 0 0 0 0 0 0 0 0 0 0 0 0 3.6269208 0 0 0 
0.065297639 6.1818487 0.33065563 0.043140274 0.0051856223 0 0.085281261 0 0.75563848 0.1437418 0.035891593 0.054428033 0 0 0 0 0 0 0 0 0 0 0 0 22.996327 0 0 0 0 0 0 0 0 0 0 0 0 0 0 0 0 
0.42302905 0.46055838 9.6588516 3.5527137e-15 0 0 102.54325 0 3.5527137e-15 1.0815904 0.16521854 0.059291786 0.030095584 0.011114826 0 0 0 7.1054274e-15 -3.5527137e-15 0 0 0.039835253 0 0 0 0 27.669093 0 0 0 0 0 0 0 0 0 0 0 0 0 0 
0.34873372 0.018550437 0 -3.5527137e-15 3.5527137e-15 0 0 0 -3.5527137e-15 0.61555522 1.2843573 0.026744957 0.011292166 0.0026041698 0 0 0 0.024792858 0.069651707 0.066912968 3.5527137e-15 0 -3.5527137e-15 0 0 0 25.595341 0 0 0 0 0 0 0 0 0 0 0 0 0 0 
0.02754024 3.5527137e-15 0.031477486 0 0 0 0 0 0.030804849 0.68481628 4.903517 3.5527137e-15 3.5527137e-15 0 0 0 0 -1.7763568e-15 -3.5527137e-15 1.4210855e-14 0.037015219 11.294621 40.168941 -1.9984014e-15 0.034309794 0.028536126 49.918837 0 0 0 0 0 0 0 0 0 0 0 0 0 0 
0.058184816 0 7.1054274e-15 0 0 0 0 -3.5527137e-15 -7.1054274e-15 754.35848 1221.0792 0 0.0092789962 0.01664738 0 0 0 0.0051513774 0 0 94.713632 28.558788 0.033087162 27.511923 0.036988844 0 84.953755 0 0 0 0 0 0 0 0 0 0 0 0 0 0 
0.066614433 0 0 0 0 0 0 0 0 0 759.406 90.750306 0.019806006 4.4408921e-15 0 0 0.0046902844 0 0 0.085137313 225.50609 0 1.110223e-16 0.02256506 0.12453456 42.960128 73.761585 0 0 0 0 0 0 0 0 0 0 0 0 0 0 
