NCOLS 88
NROWS 54
XLLCORNER 677881.89
YLLCORNER 4378214.9
CELLSIZE 10
NODATA_VALUE -9999
0 0 0 0 1.7763568e-15 0 0 0 0 0 -3.5527137e-15 0 0 3.5527137e-15 0 0.046842213 0 0 0 0 0 0 0 0 0 0 0 0.033283744 0 0.0095611426 0.020478907 0.018067618 0 -3.5527137e-15 0 0 0 0 0 0 0 0 0 0 0 0 0.019315107 0.021180242 0 0 0 0 0.02691799 0.048690856 0 0 0 0 0 0 0.0334717 0.0073465787 0 0 0 0 0 0 0 0 0 0 0 0 0 0 0 0 0 0 0 0 0 0 0 0 0 0 
0 0 0 0 -7.1054274e-15 -3.5527137e-15 0 0.05388929 0.026421806 0.039875632 0.030300273 0 3.5527137e-15 0.095127077 0.065901905 -1.0658141e-14 0.165581 0 3.5527137e-15 0 0 -3.5527137e-15 0 3.5527137e-15 0 -3.5527137e-15 0 0.0018329817 0.052167501 0.032804116 0.018760304 0.04739769 0.0077593002 0 3.5527137e-15 0 0 3.5527137e-15 0 0.031262373 0 0 0 0 3.5527137e-15 0 3.5527137e-15 0.023451292 0.00099003567 0.0091504941 -3.5527137e-15 0.054177011 0 3.5527137e-15 0.042191889 -3.5527137e-15 0 0 0 3.5527137e-15 0 -3.5527137e-15 0 0 3.5527137e-15 0 -3.5527137e-15 0 0 0 0 0 0 0 3.5527137e-15 0 0 0 0 0 0 0 0.0062383129 0 0 0 0 0 
0 -3.5527137e-15 0 0 0 0.039675517 0.035955505 0.058158917 0.060097644 0.029421834 0.07278286 0 0 0.045466216 0.076406387 0.053508779 0.038167049 0.25050808 0 0 0 0 3.5527137e-15 -3.5527137e-15 7.1054274e-15 0 3.5527137e-15 0.047724077 0.0086896169 0.035846618 0.082389469 0.04279022 0.009875733 -3.5527137e-15 7.1054274e-15 0 3.5527137e-15 0 0 0 -3.5527137e-15 0 0 0 0 3.5527137e-15 0.027609775 -7.1054274e-15 0.013349712 0.0033509736 0 0.076603999 3.5527137e-15 0.031936735 0.031788533 0.074155808 0 0 1.0658141e-14 7.1054274e-15 0 0.014485545 0 0 -3.5527137e-15 0 0 0 3.5527137e-15 0 0 0.029890499 -7.1054274e-15 3.5527137e-15 -3.5527137e-15 3.5527137e-15 -3.5527137e-15 0 -3.5527137e-15 3.5527137e-15 0 0.015271833 0.066528568 0 0 0 0 0 
0 0 7.1054274e-15 0 0.035475655 0.044608679 0 0.053570441 0.033527848 0.020007878 0.014294424 0.11916435 0.11069696 0.13664322 0.17440797 0 3.5527137e-15 0.038424362 0.20178067 0.17657025 7.1054274e-15 0 0 0.034158344 0 3.5527137e-15 0.0028156266 -3.5527137e-15 3.5527137e-15 -3.5527137e-15 0.0068975647 0.060067155 0.1782854 0.039025076 0 7.1054274e-15 0.061730438 0 0.041827462 -3.5527137e-15 0 3.5527137e-15 -3.5527137e-15 -7.1054274e-15 0.028294207 0.022378216 0.0092241189 7.1054274e-15 0.10296915 0.0075432507 0.015248292 7.1054274e-15 0.023040058 0.069570475 0.23377871 0.17673348 0 0.042803223 0.030477042 3.5527137e-15 0 0.017891419 0.054037597 0 0 7.1054274e-15 3.5527137e-15 0.033161527 0 0.022698826 0.023736005 0.022066672 0.018972376 0.01261469 0.03191192 0 -3.5527137e-15 0 7.1054274e-15 0 7.1054274e-15 0.073178867 0.050018071 0 0 0 0 0 
0 -3.5527137e-15 -3.5527137e-15 -3.5527137e-15 -7.1054274e-15 3.5527137e-15 0 0.3114558 0.28040203 0.2829556 0.28592838 0.61673198 0.059350776 0.004788155 1.0231774 1.005 1.3613444 1.1890815 1.0115782 0.93551695 2.1158061 0.97342857 0.053286651 0 0 0.069727212 0.038635246 0.014012513 0.01661772 0.13023921 0.0050809202 0 0.22747593 0.11776306 0.062754243 0.03910476 -3.5527137e-15 0.048693096 0.07353078 0 -7.1054274e-15 0 0.014544904 -3.5527137e-15 0.042517614 0 0.020600242 0.024053557 0.028815841 0.012765261 0.13792812 0.047677994 0.060264142 0.14837431 0.055696073 0.26180275 0.29339599 0.02434129 0.045690267 0.026713347 0 3.5527137e-15 0 0 3.5527137e-15 0 0 0 3.5527137e-15 0 -7.1054274e-15 0.048130322 0.021314184 0.027268773 0.020584707 0.037166229 0.015169181 0 0.037408868 0.038202468 0.014467621 0.10808935 0.074734954 0.026300574 7.1054274e-15 0 0 0 
0 0 0 0.0029977386 0.035164951 0.13280363 0.098300524 0.051056013 0.22794461 0.62374403 0.60475929 0.46585838 0.35799706 0.49432781 0.4178554 0.6061344 0.77121085 0.97657805 0.8500774 1.1699326 0.26761212 0.89340189 2.3605404 0.94574361 1.5951515 1.470052 0.015425521 7.1054274e-15 0 0.034638562 0 0.045201918 0.19310858 0.14401149 0.11780859 -7.1054274e-15 0 0 -3.5527137e-15 -3.5527137e-15 -7.1054274e-15 3.5527137e-15 0.0081396743 3.5527137e-15 0.035285959 0.050434852 0.014117114 0.022067099 0 0.10366462 -3.5527137e-15 0.025337411 0.029020519 0.076615813 0.12772357 0.092164333 0.31469655 0 0.019585436 0.060377766 0.053888146 0.043403431 0.0127064 0.027406808 3.5527137e-15 0.06361199 0.032787092 0 0.058718206 0.0048889368 0 0 0.047070784 0.050992529 0.047370247 0.04028002 0 0.03108586 0.056715681 7.1054274e-15 0.02600807 0.091357506 0.062327659 0 3.5527137e-15 0 0 0 
0 0.018311957 0.00013275913 0.03124837 0.026732646 0.072163007 0.021375802 0.080420498 0.057164928 0.077037215 0.085904409 0.11008659 0.060239492 0.094642808 0.24514692 0.19067125 0.31296906 0.23842206 0.25067269 0.19574443 0.43573592 0.42619717 1256.4645 1.0768159 0.98362091 5.6652853 2.5488838 4.0707457 0.098208067 -7.1054274e-15 0.020095334 0.055279408 -3.5527137e-15 0.59270231 0.33070365 0.089320866 0.049288655 0 0 -3.5527137e-15 0 0 0.0056919112 -3.5527137e-15 0.091341617 0.079509989 0 0.074800503 0.02890194 0.026726263 -3.5527137e-15 0.080009284 0.044239978 0.27929634 0.11437546 0.30576599 0.2494281 0.091874614 0.041541396 0.062239666 0.12482694 0.027157201 0.013531178 0.10160258 0.027914788 0.12314305 3.5527137e-15 0 0.12686571 0.011473956 0.033587441 0.02787592 0 0.038763319 0.049265022 0.097741354 0.025950605 0.07825927 -7.1054274e-15 0.059350333 0.052283606 0.17528835 0.23045473 0.031831281 -3.5527137e-15 -3.5527137e-15 3.5527137e-15 0 
0 0 8.8817842e-16 3.5527137e-15 3.5527137e-15 0 3.5527137e-15 -7.1054274e-15 -1.4210855e-14 1.0658141e-14 0 0.14075248 0.12806853 0.053602793 0.032065147 0.075296464 0.075534269 0.11716409 0.10615779 0.1673715 0.41301958 0.30017213 128.69858 0.41805869 3.8160021 2.2356405 1.706125 2.2945028 2.3654647 4.262204 7.1054274e-15 0 0.10173556 0.49359031 0.47092488 0.18546497 0 7.1054274e-15 0 0 0 -7.1054274e-15 0 3.5527137e-15 0.073329987 0.038069373 0.11066281 0.05300094 0.093542327 0.013785291 0.091710876 0.037298404 0.1802563 0.346175 0.14835415 0.14007814 0.29764694 0.16184805 0.087668647 0.13425449 0.036196674 0.055629913 0.080497503 0.1108811 0.043999346 0.052582255 0 0.047567804 0.059925077 0.01718202 0.014149537 0.088046576 0.04569814 0 0.077022722 0.063928255 0.0098706284 0.051791541 3.5527137e-15 0.071705988 0.049160053 0.18978587 0.12888619 0.11387399 0 0 0 -3.5527137e-15 
0 -3.5527137e-15 0 0.06073379 0.062485985 0 1.0658141e-14 0.096949307 0.089218495 0.067951881 3.5527137e-15 0.050083472 0.024587192 0.079865691 0.12955221 0.14971344 0.11730135 0.1424877 0.11391654 0.042924401 0.38273424 0.31296959 0.77951311 0.4294589 0.35902114 1.9642854 5.6306054 4.4502655 1.8805478 2.6960188 12.137439 4.0840998 8.9253005 3.0232608 0.43381008 0.61234842 0 0.036010372 0.098149738 0 0 0.018625174 0.0051552934 0 0.10687808 0.04865701 0 0.072557152 0.12580623 0.047205435 0.1396135 0.12297382 0.069884963 0.29555367 0.082340393 0.27147365 0.20012285 -7.1054274e-15 0.090788775 0.1232764 0.10527499 0.057041359 0.042608579 0.077860196 0.074228607 0.10279892 0.062425766 0.034654258 0.056028222 0.073321729 0.03333422 0.23010286 0.074434095 0.11322289 0.066349948 0.058510023 0.049134867 0.1264749 0.025987194 0.085754988 0.037973615 0.21443815 0.10144247 0.1587733 3.5527137e-15 3.5527137e-15 0 0 
0 7.1054274e-15 0 0 3.5527137e-15 3.5527137e-15 1.6098234e-15 0.02822213 7.1054274e-15 0.072017656 0.075685239 0.078888988 0.047699761 0.030612908 0.11737397 0.13024519 0.13063854 0.1321813 0.097010643 0.292657 0.52325736 0.14671404 0.44175728 0.24839321 0.69965634 0.55859154 0.38079913 0.40918825 0.45232249 0.40260901 4.5938255 1.9789997 1.434415 4.3673776 7.6011754 0.36179497 0.077369923 0.2711889 0.20204192 3.5527137e-15 -7.1054274e-15 0.080062187 0.026829603 0.12991131 0.081652991 0.053877973 0.097122348 0.12218485 0.11314007 0.2324423 0.15997531 0.25030891 0.5023498 0.22745189 0.046493602 0.53762614 0.38441516 0.18126769 0.13066479 0.14249819 0.074703538 0.098399958 0.084772536 0.098958702 0.10491444 0.031921539 0.10559616 0.087102263 0 0 0 0 0.10635653 0 0.064457903 0.094430931 0.040082293 0.013792109 0.15519191 0.095250345 0.039375088 0.15781799 0.23811316 0.27547459 0.014819085 0 0 0 
0 -3.5527137e-15 19.377854 0 3.5527137e-15 -7.1054274e-15 3.5527137e-15 -3.5527137e-15 -7.1054274e-15 0 -7.1054274e-15 -7.1054274e-15 0.06950861 0 0.05117005 0.06419641 0.13420387 0.28283169 0.68480026 0.32391161 0.28155208 0.12110921 0.25193779 0.5715293 0.23822535 0.30649649 0.44684071 0.36026099 0.21449291 0.3380472 0.39085677 2.8621117 5.5939769 2.3801759 3.1518435 17.711381 0.35830027 0 0.12195806 0 0.064855491 1.0658141e-14 0.10643766 0.062578053 0.16848768 0.026944983 0.041308683 0.049447713 0.12191254 0.15402022 0.15770671 3.5527137e-15 0.19244948 0.44637174 0.020699199 1.4284564 0.63768328 0.89004939 0.1918863 0.13514747 0.20876109 0.11019613 0.13460461 0.21049601 0 0.090808524 0.13463033 0.12418459 0.096348004 0.13998843 0.069377917 0.11249839 0.012719759 0.081969549 0.10025118 0.044766389 0.076081605 0.16640276 0.10706382 0.02879866 0.080435568 0.14012565 0.20566481 0.2621227 0.72825531 3.5527137e-15 0 -3.5527137e-15 
0 0.033012341 76.263106 0 0 0 0 0 0 0 95.67132 0 0 0 0 0 0.062262244 0.26760088 0.068460274 0.077728921 0.29152406 0.39885134 0.43692594 0.1162968 0.22014064 0.51848246 0.80344952 0.27697982 0.31173629 0.41665347 0.38050324 0.79607855 0.47346557 0.93037902 6.7822244 2.3321538 10.636013 0.02420675 0.049555107 0.16930041 1.0658141e-14 0.16283206 0.14488072 0 0 0.080253074 0.073693137 0.10639434 0.14727681 0.12513491 0.14960444 0.020205997 0.37562734 0.35390608 0 0.15363804 1.2911523 1.8252164 0.14950708 0.12515942 0.15950262 0.20370417 0.16178685 0.17360578 0.13188559 0 0.075720058 0.079874177 0.13506754 0.42043705 0.10596835 0.079807041 0.34876094 0.061041386 0 0 0 0.20325203 0.091358181 0.085450427 0.10140414 0.17185665 0.33171775 0.13118006 0.47945011 0.0155693 0 0.031244114 
0 0 25.511503 0 0 0 0 0 0.015976525 0 131.38533 0 0.0091909445 0 0 0 0.21276944 0.20963061 0.26001306 0.36010584 0.63614307 0.27947979 0.55435294 0.70827048 0.37046294 0.43591802 0.69988234 0.53946266 0.59831318 0.40971898 0.46407759 0.47517885 0.73493638 0.63050775 0.59116616 2.3567164 5.662747 10.714702 0.14784553 0.46854199 0.11812886 0.059015255 0.064525428 0 0.13078477 0 0.15451458 0.11631792 0.17863404 0.16836801 0.083205979 0.16627867 -3.5527137e-15 0.69517862 0.41685131 0.010170719 0.57278908 1.3628373 0.15937381 0.16563078 0.17021382 0.28945361 0.10300847 0.15930937 0 0.31820066 0.031780854 0.061884386 0.11679267 0.36804174 0.18819117 0.20141396 0.30511128 0.18325559 0.1240504 0.054264196 3.5527137e-15 0 0.29602468 0.096299407 0.070330871 0.13700397 0.21545956 0.1938311 0.3346505 1.4006175 0.038330268 0.032426083 
0 0 0 0 0 -3.5527137e-15 3.5527137e-15 0 0 3.5527137e-15 140.93426 0 0 -3.5527137e-15 0 0.21274247 0.13170785 0.036243332 0 0.19913118 0.21543134 0.42875924 0.46128351 0.30766274 0.72982616 0.53931835 0.76675273 0.36691834 0.29158686 0.70480897 0.60831579 1.1353772 0.33842849 0.26630816 0.088322925 0.22229151 0.346838 10989.294 8.9649429 0 0.1538519 0.14537295 0.14833701 0.05864983 0.10260432 0.10017312 0 0.075566831 0.099671048 0.19941181 0.2598387 0.2210289 0.40339911 0.2944343 0.38791411 0.29303537 1.5257599 1.2452632 0.10927856 0.30646163 0.37980965 0.29587738 0.17782127 0.2260002 0.12648968 0 0.82019446 0.0044477265 0.08362991 0.20608152 0.58886014 0.031543385 0.48223231 0.68991043 0.54622942 0.28463542 0.12829347 0.17343079 0.26254817 0.029430868 0.10367762 0.20069399 0.49120494 0.23317222 0.25025827 0.65979488 0.25725869 0.047969351 
0 0 0 0 0 0 -3.5527137e-15 0 3.5527137e-15 0.032021608 0.0085649058 0.0095888985 0.010435932 0 0.04776601 0.02006983 0.031909531 0.24163401 0.23223141 0.2443692 0.28824123 0.50259685 0.58038979 0.79394256 0.78094157 0.68419892 0.58908819 0.766053 0.49936602 0.93732154 0.55552383 0.38648074 0.27351055 0.36624734 0.34009714 0.58315159 0.59102167 2.1316282e-14 0 14.381621 0.038865887 0.099370523 0.24975176 0.11994359 0.57012614 0.11552596 0.42120051 0.16933032 0.16306565 0.048591406 0.12632564 0.25225269 0.26551179 0.15232287 0.13741977 0.24527622 1.8740517 1.3347305 0.12063847 0.36171953 0.30353717 0.17623748 0.17643113 0.17358217 0.047653382 0.35742454 0 0 0.036082859 0.115886 0.35256626 0.26400179 0.2621039 0.4584596 0.38458792 0.28547445 0.53009807 0.28313384 0.3115729 0.066073737 0.13036022 0.17568219 0.29251018 0.38474191 0.36155156 0.50232554 0.040611489 0 
0 0 0 0 0 0.029348631 0.036385706 0 0.18435576 0.026003214 0.059579127 0.035668745 0 0.047150414 0.062245884 0 0.090075792 0.23128685 0.042832858 0.021723759 0.39638063 0.27197345 0.30248246 0.29629594 0.30342821 0.77119372 0.67914757 0.526997 0.57247848 0.39667131 0.46243035 0.52841694 0.4977026 0.16889338 0.69176511 0.8537911 0.48705442 0.21451967 2747.7778 1.8037625 37.201598 0.0063485928 0.059533841 0.38383357 0.24968303 0.1004764 0.42697334 0.24944439 0.06624226 0.27191989 0.14669445 0.2501582 0.25310776 0.15694691 0.2630886 0.20649952 2.1197337 1.5550699 0.18885826 0.17858823 0.24950546 0.14355149 0.26124385 0.20122802 0.51603404 0.23174282 0.98499948 0.90496181 0.031988406 0.29446311 0.22869915 0.3186246 0.21942002 0.79602707 0.8461662 0.27473703 0.45800072 0.25137995 0.36712023 0.16278469 0.093996843 0.22097867 0.37734136 0.5131308 0.074689786 0.30133553 0.047895114 0 
0 0 -3.5527137e-15 0.030627012 0.017408827 -3.5527137e-15 0.016902078 0.20375752 0.077700215 0.11776483 0.10498775 0.10606244 0.021703448 0.14688339 0.033286437 0.042951179 0.30596905 0 0 0.22546134 0.20727746 0.24207871 0.20146205 0.22640662 0.21541715 0.23727819 0.41238638 0.39533489 0.47672715 0.33506304 0.1790561 0.32834686 0.21474354 0.45512431 0.46517452 0.60618691 0.29104304 0.3665405 0.086585003 0.26886711 0.51409701 33.873648 0.28428819 0.49997373 0.30351267 0.2277348 0.18173105 0.50835738 0.22325118 0.041207707 0.16121023 0.24388055 0.3370275 0.23817852 0.19118082 0.1584269 3.7672103 0.27421017 0.10435786 0.32996066 0.24582917 0.22426216 0.19218377 0.85915534 0.58014105 0.68885975 1.144415 0.9801607 0 0.10957905 0.44191338 0.60399304 0.55963243 0.69070526 0.14705543 0.56913203 0.56881411 0.25132304 0.49574718 0.15317631 0.082200715 0.19815572 0.57535669 0.63029924 1.1549508 0.3448518 0.19970196 0.036785571 
0 0 0 0.027945242 0.014539809 0.059377803 7.1054274e-15 0.11194916 0.080339156 0.1017478 0.11253321 0.33866396 0.19249374 0.091962379 0.17111543 0.18404896 0.18402567 0.25850827 48.101348 0.13369352 0.039000679 0 0 0.056039511 0.028031675 0.032347765 0.067455812 0.063011252 0.017842325 0.054044654 0.13413956 0 0.1034943 0.035411938 0.047350976 3.5527137e-15 -3.5527137e-15 0.07535505 0.16533544 0.047009688 0.24183738 0.63884545 19.41137 0 0.32319129 0.40586215 0.14143659 0 0.32965337 0.15133404 0.13377932 0.2999404 0.40071059 0.32132879 0.34244334 0.22918113 2.3457362 1.7374757 0.25221988 0.30077427 0.31227273 0.27808191 0.81300779 0.70214701 0.66402146 0.8344014 1.0449042 0.95187243 0.29167816 0.25485169 0.26670122 0 1.1827131 0.69025638 0.78759357 0.034087754 0.46836158 0.14163396 0 0.51001094 0.096805878 0.2682341 0.60080842 3.0547889 0.79768966 0.39201179 0.05045244 0.03527474 
0 0 0 3.5527137e-15 0.041588628 0.11254624 0.036230453 0.13994728 0.028014504 3.5527137e-15 0.065011782 0.14599728 0.17974644 0.29082695 0.35251487 0.24376511 0.16863571 0.24063403 0.059371479 0.29262191 0.28663945 0.47954927 0.58752693 0.38391934 0.3663259 0.28483724 0.19690115 0.12573485 0.18003003 0 0 0.11986976 0.14514391 0.15153805 0.24961235 0.069442195 0.24034627 0.090590033 0.20490323 0.41798536 0.36023923 0.50329745 274.22975 18.104286 0.68909012 0 0.17883438 0.43014653 0.36994737 0.28908356 0.10159703 0.4391026 0.33593087 0.30674298 0.24829899 0.33038182 3.2118965 1.0325356 3.1057691 0.2492628 0.18912355 0.90668822 0.85572281 1.0301583 0.50634056 0.63225995 1.1477822 0.9060694 0 0.41113787 0.28856682 0.35373556 3.5527137e-15 1.4849583 0.62955692 1.3426157 0.45729187 0.15914365 0.27691994 0 0.34362879 0.45734816 0.42688779 2.9236178 0.0084984365 0.57789119 0.040453049 0 
0 -3.5527137e-15 -3.5527137e-15 3.5527137e-15 0.027708523 0 0.049356869 0.14119156 0.028622555 0.039843762 0.11321565 0.1547654 0.22082674 0.24536661 0.17879239 0.10017947 0.3897018 0.42140864 0.50966687 0.30797207 0.22401313 0.093599659 0.57089542 0.25084312 0.047388374 0.36813136 0.11137736 0.16384835 0.023199353 0.10319484 55.462304 0.067957601 0 0.05690242 0.13438695 0.066980775 0.1809911 0.28999964 0.5999153 0.43025341 0.57979387 0.65471029 56.872081 6.560456 21.802672 3.7007587 0.019483826 0 0.51769826 0.27419947 0.29700107 0.32253627 0.21735775 0.26729811 0.14913531 0.16246248 2.8954075 1.6742694 2.8246278 0.28674402 0.54270077 0.7604091 0.83079309 1.0561001 0.86948631 0.52336077 0.81685735 0.77054744 0.22815699 0.54014276 0.17046122 0.50524316 0.6247935 1.0026401 1.1654504 0.38632498 1.2388968 0.56797982 0.19277689 0.5032899 0 0 0.619004 2.2355181 0.62906459 0.80259987 0.13462224 0 
0 0 -3.5527137e-15 0 7.1054274e-15 0.043506515 0.096148157 0.055948609 0.11251311 -3.5527137e-15 0.10683951 0.14581997 0.077295406 0.30868987 0.28051586 0.29668125 0.28689893 0.085001271 0.41385405 0.78106684 0.42731133 0.26842668 0.38722373 0.26113574 0.19944194 0.17229727 0.085245352 0.14202158 0.13809968 0.020731981 0.044125484 40.446106 0 0 -3.5527137e-15 0.33393529 0.21552063 0.29832966 0.30973747 0.49364782 0.58713681 0.73318825 0.40272167 0.50633136 3.9472904 10.564963 12.548316 0.22051387 0.25873755 0.40496195 0.29636579 0.22699724 0.16027436 0.32693861 0.36070698 0.28914472 0.70760675 2.5509334 1.7055726 0.57140252 0.74447473 0.89516798 0.59745862 0.81715718 0.77921834 0.61134486 0.66973853 0.61856532 0.15829588 0.69252275 0.32549896 0.42204973 0.6988554 0.59815076 1.544157 0.69528734 0.75172596 0.76185672 1.0186475 0.28613555 0.19935998 0.42453353 0.63038694 2.3005962 1.223778 1.2173243 3.5527137e-15 0.029350403 
0 0 7.1054274e-15 0 -3.5527137e-15 0.033860328 0.040442518 0.068925592 0.0747877 0.030436185 0.1053978 0.099208723 0.14649257 0.14859456 0.27385284 0.15696192 0.20142265 0.19692398 0.2295581 1.0509901 0 0.48637553 0.37013162 0.37856878 0.17680625 0.29684955 0.25916852 0.12795352 0.084318722 0.12092399 3.5527137e-15 0.14021966 0.136833 0 0.23111625 0.21941241 0.56324635 0.70262552 0.7279027 0.44244439 0.45697539 0.33247245 0.20595843 0.2932866 0.23993389 0.18572593 11.746664 11.698399 6.3517613 1.6806656 0.33579842 0.60133535 0.51441222 0.36859048 0.16029642 0.1775432 0.3598096 2.8163728 1.7611411 0.74146417 0.871872 0.82960991 0.83338101 0.85002702 0.87012263 0.63532844 0.82948182 0.58366199 0.22508868 0.40137324 0.28945648 0.41839904 0.53434715 3.3632238 1.1657536 1.9643463 0.6436354 1.1263572 1.0219668 1.1744918 1.0243624 0 0.52714591 2.1754511 1.1746545 1.9314643 0 0 
0.018819257 7.1054274e-15 -7.1054274e-15 0 -1.7763568e-15 0.051396936 0 0.11578471 0.03184219 0.0689301 0.23262215 0.17142304 0.17778091 0.18587141 0.30273774 0.24133445 0.34210726 0.20903842 0.24323829 0.82268109 0.010499945 0.64724429 0.36091319 0.58462235 0.025203968 0.29940552 0.2337206 0.10583752 0.11778526 0.13952727 0.074299896 7.1054274e-15 0.12707773 0.24322737 0.0017780961 0.1745553 0.57552971 0.39871536 0.35159812 0.3908212 0.38022723 0.43830713 0.34873152 0.22575017 0.4226875 0.41809823 0.5913305 9.828639 2.4409091 7.1454096 6.3110613 8.2302065 0.47515672 0.52470762 0.3587125 0.12610495 0.10905102 2.6483347 2.5006662 0.89871997 1.0234872 0.96937059 0.71244059 0.76205678 0.64194453 0.53642808 0.91806139 0.45607594 0.19517918 0.32426994 0.44172088 0.44418716 0.56715207 0.72426208 0.50709247 1.3074588 0 1.0850937 0.65554082 0 0 0.36950905 0.53359545 2.425638 0.0825103 2.0062636 0.031523153 0.046506862 
0 0 0 0 0.032328863 3.5527137e-15 0 0.10794267 0.043768175 0.070846376 0.22709884 0.1216424 0.16008685 0.19977864 0.29367156 0.14939157 0.28076231 0.39014635 0.26499131 0.60122594 1.7069804 0.50672948 0.64871899 0.69295224 0.33641457 -3.5527137e-15 0.21982638 0.11306009 0.23043859 0.087479018 0.068635706 0.016658597 0.049221656 0 0.037844974 0.21339306 0.25973441 0.24258983 0.15487572 0.24767189 0.16632797 0.29774916 0.2084334 0.24456062 0.35674493 0.52015187 0.31890997 0.28718899 0.3696283 0.42003781 222.96132 2.4032113 9.1128206 0.23982324 0.32060421 0.32034816 0.1241441 4.2764158 2.736794 0.56455788 0.81765714 0.68586445 0.83262517 0.72373467 0.80848954 0.91652143 0.64202993 0.58270227 0.10169517 0.40564707 0.29208438 0.15003741 0.44059887 0.37903502 0.50332057 2.1315398 0.21344605 0 0 0.81869628 1.7100404 0.18272442 0.54082389 4.3153109 1.7307476 1.5541126 0.09501901 0 
0.0045307839 -3.5527137e-15 0 0 3.5527137e-15 0.033000731 0.045229178 0.033503343 0.055404579 0.13047812 0.079995827 0.066154018 0.17496227 0.22476093 0.094173638 0.21509241 0.25982053 0.19403473 0.1637088 0.33410786 0.60196765 0.6560426 0.61249571 1.1964404 0.4033716 0.28181197 0.026254317 0.2716299 0.11518644 0 0.066936142 0.18448101 0.023029194 0.17847043 0.19846073 27.683387 0 0 0 3.5527137e-15 3.5527137e-15 3.5527137e-15 7.1054274e-15 0 -3.5527137e-15 -7.1054274e-15 1.7763568e-14 0.13762047 0.03769926 0.16994577 0.21675941 0.44232574 2.668595 7.7260753 0.41040931 0.43099695 0.33989222 5.1468964 2.5766491 0.64046794 0.73118998 0.60477833 0.88819211 0.42375604 0.45428455 0.6035025 0.67052142 0.46053374 0.078358365 0.46956268 0.30349155 0.17123387 0.37895878 0.37318365 0.74768852 2.0215299 1.2280259 1.1096318 1.1469743 1.0105975 0.7329189 1.3845677 0.19979755 4.4210437 1.450829 1.5061325 0.039872564 0 
0.025495049 0 0.0101946 -7.1054274e-15 0.062301246 0.017737888 0.02058693 0.037761942 0.091621074 0.076748697 0 0.20844671 0.20972662 0.14302711 0.097462686 0.2877438 0.34121671 0.36699787 0.30664937 0.26444793 0.23028371 0.54942142 0.69470049 1.7305322 0.50869556 0.55057343 0.32169791 0.43317604 0.16529067 3.5527137e-15 0.039395694 0.17879995 0.16374505 0.13041223 -3.5527137e-15 163.07104 0 0 7.1054274e-15 0 0 7.1054274e-15 0.19265368 -3.5527137e-15 3.5527137e-15 1.0658141e-14 -3.5527137e-15 0.034647811 0.25756103 0.13245826 0.20221873 0.21378188 0.2822157 5.0718976 7.0929265 9.5492102 0.63686546 3.0011522 2.128763 0.57419108 0.70535021 0.45051998 0.28813735 0.24887949 0.47176592 0.19936333 0.39109193 0.51682738 0.07935483 0.36599214 0.15021146 0.058372289 0.29987837 0.40339246 2.0390767 3.1917691 1.5173183 0.98362025 2.6766551 0 0.95489459 1.2018267 0.52553905 2.2959755 1.2611316 2.3587097 0.042987826 0 
-3.5527137e-15 0.036864761 0.0059447873 0.006662491 0.0097143132 0.064792357 -3.5527137e-15 0 -5.3290705e-15 0.18090784 0.044229506 0.038647697 0.2271774 0.15517321 0.28431383 0.21820377 0.192059 0.24677033 0.40679602 0.29557364 0.33166582 0.42366071 0.48614687 0.5485387 2.5217455 0.48016399 0.36687142 0.27393503 0.21257779 0.17236412 0.24344248 0.092528845 0.13420633 -1.4210855e-14 0.14164618 0.29116895 0.25223282 0.38664483 0.44938175 23.666947 0.33402186 0.47712519 0.35828646 0.20438968 -3.5527137e-15 3.5527137e-15 -1.4210855e-14 0.035772763 -1.4210855e-14 0.13180068 0.14954477 0.024016118 0.11180222 0.21981194 53.878986 837.20134 2.1020322 6.5721202 4.0068593 0.79004995 0.47072376 0.5637551 0.31125955 0.57311038 0.16334779 0.19547213 0.36751774 0.54163791 0.19970966 0.24008745 0.1680701 0.12547749 0.2951955 0.41100538 2.660387 2.5516851 2.3037526 2.060625 2.4998148 1.5494912 0 1.7382111 1.0807586 1.5831587 1.5031926 2.4287963 0.11534019 0.08956795 
0 0 0.023410418 0 0.0013283599 0.020965507 0 0 0.068992858 0.22029654 0.077529905 0.06095826 0.12093881 0.12359965 0.17060722 0.2229528 0.33893713 0.18813257 0.27478657 0.30764066 0.2303802 0.18622052 0.25404063 0.33637445 0.74469773 1.9430867 1.038773 0.42163599 0.28834987 0.22870039 0.28290659 0.06772962 0.10149029 0.095292651 3.5527137e-15 -3.5527137e-15 0.32543282 0.36471497 0.27867166 3.9805247 0 0 0 0.028378778 0 0.036977517 -3.5527137e-15 0.042508249 -3.5527137e-15 0.054362539 0.055635925 0.098410524 0.080247984 0.17465114 0.083068229 8830.9579 0.31188434 9.8824028 11513.139 0.85122805 0.22617356 0.35158499 0.18915478 0.32178517 0.2561064 0.31737988 0.34728825 0.43011262 0.16093742 0.20554792 0.21722025 0.10081343 0.1372731 0.41749344 1.4804627 3.1688223 3.652397 1.2265012 2.4286474 1.6426883 0 1.2429467 0.85452967 0.97979903 0.41248642 2.70664 0.079130864 0.029354571 
0 -3.5527137e-15 -3.5527137e-15 0.022061307 3.5527137e-15 0.02638446 0.025854636 0 0.049531202 0.22945885 0.098779932 0.19525762 0.13803841 0.11764159 0 0.12173061 0.29517053 0.29457041 0.41971102 0.46062955 1.9162507 1.848124 1.8677843 1.8518221 1.6185837 1.8445486 1.9912091 3.9412534 0.44096237 0.17418125 0.53786687 0.29579963 0.081667151 0.12730417 0.08785297 0.12830091 0.17178088 3.5527137e-15 0.37584908 58.685311 0 0 0 0 0 0.043931928 0.017782329 0.056922608 1.0658141e-14 0.049320601 0.082302115 0.088423619 0.19525164 0.095651369 0.049723404 0.10078476 0.073135624 0.13062323 11.011495 77.434426 3.5970902 0.33711999 0.35855955 0.24976229 0.36775143 0.37308482 0.36700884 0.6580932 0 0.18978593 0.096219815 0.034400126 0.075569684 0.2764368 0.39265421 3.5199939 0.093046038 1.4537488 2.5419436 1.7230022 1.295995 1.288875 0.62957308 1.9846636 0 3.2535873 0.13364808 0.053961975 
3.5527137e-15 -7.1054274e-15 -3.5527137e-15 0 0.085118629 0.0030917462 -3.5527137e-15 0.10851598 0.099438361 0.10848216 0.096779789 0.1956575 0.11509793 0.21891002 0 0.15419312 0.26709358 0.42211902 0.028422876 1.2215806 1.1493564 0.91612233 1.4005779 1.8056405 2.0487851 3.0012392 0.66575994 2.290992 11.237292 4.1424079 0.36954483 0.28452345 0.10805858 0.23466154 0.1255477 0.14589284 0.19796541 0.31254443 3.5527137e-15 15.686777 0.096563496 0.05670695 0.098245928 0 -7.1054274e-15 0 0.010431209 0.060539874 0.021059848 -1.0658141e-14 0.063475202 0.095598691 0.11261261 0.028974563 0.0361786 0.024474973 0.15435852 0.16330807 0.090200357 632.14389 6.8916332 0.78350799 0.20320157 0.21806243 0.43106703 0.37237539 0.28299636 0.45650917 0.13487191 0.14677989 0.058686972 0.071844661 0.10758727 0.27363762 0.75687427 3.7018675 3.8787534 2.5288821 2.4708065 1.7441133 1.215828 1.3019343 0.880079 2.9402993 1.8171136 4.4584051 0.13228198 0.059835507 
0 0.024478265 0.049232115 0.013750344 0 -3.5527137e-15 0.011616519 0.0043510891 0 -7.1054274e-15 0.077770719 3.5527137e-15 0.093070013 0.3612777 0.33399014 0.15823197 0.29845131 0.035448571 0.30265044 0.58523944 0.70862711 1.1889137 1.5447539 1.530918 1.5080026 1.7015721 2.1182854 2.3191698 2.4203616 1.3939814 6.4537098 4.5355513 0.10740456 0.2679614 0.16267659 0.10560386 0.19541698 0.20551871 0.070247145 0.012278762 0 0.1509753 0 0.099559775 0 0.056721779 0.042214389 0.037438292 0.04475768 0.11224954 0.051572176 0.040960019 -3.5527137e-15 0.030707015 0.082591234 0.1477565 0.093787319 0.12977819 0.15659785 174.02739 12.090786 11.601399 0.30178571 0.22738265 0.50544982 0.59369065 0.38022027 0.27006317 0.19017263 0.35560605 0.10567368 0.066626924 0.095207412 0.17234894 0.42609353 2.7736436 1.9953683 1.6279119 4.2149959 1.5112046 1.1083533 1.7467145 1.7542072 1.5032845 1.1853947 2.9129963 0.16155098 0.35557411 
0 0.090521883 0.059185636 0.050033212 0 0.073287646 -7.1054274e-15 0.1455952 0.075735794 0.086431671 0 0.1337044 0.12091533 0.090927395 0.24690794 0.20259244 0.17866003 0.21923288 0.35346862 0 0.39009536 0.81589954 0.98424414 1.3601697 1.3075741 1.6021405 1.2856706 2.4127966 1.5712484 8.628401 4.1521964 0.77270637 12.728263 3.1983869 5.2770897 0.25908302 0 0 0.42258354 0.16588158 0.34922864 0 0.096465226 0.043605092 0.09462871 0 0 0.075573156 0 0.040999208 0.065843428 0.083210265 0.099556413 0.13518931 0.14757117 0.1380259 0.079026954 0.1018025 0.08295774 0.22574551 11.785824 3.1750831 17.489157 0.63101069 0.50073506 0.53453881 0.64358831 0.14914659 0.23869632 0 0.16326306 0.13760777 0.20877989 0.16859349 0.25116394 3.8711245 1.2530386 3.3283191 0.053157282 1.0310432 0 0 0.10854201 2.2199693 2.0030469 0.45885159 0.083149585 0 
0.048110505 0 0.1354773 0.091815027 0.086798952 0.19105629 3.5527137e-15 0.040509902 0 0.24944609 0.0040642757 0.087530592 0.10222022 0.3666958 0.17232513 0.18954426 0.18789137 0.25831209 0.28146032 0 0.43382557 0.77044149 0.58789714 1.0633504 0.7549576 0.98399747 1.1025571 1.0229438 1.1952127 1.3919597 1.2990703 1.5145368 1.5297292 7.4746803 7.0634462 2.5754565 0.18219973 0.40039105 0 0.39375322 0.41480009 0.44477033 -3.5527137e-15 0.17226179 0.078402339 0.022203905 0.041151254 0.03500036 0.082845591 0.064834738 0.15717946 0.15693104 0 0.083029452 0.09880484 0.098601509 5.5511151e-17 0.095406913 0.084718611 0.073007138 0.16041941 0.78039959 2.6697564 1328.0405 1469.0162 0.78437789 0.53505402 0.27936991 0.2529076 0.26843353 0.38808118 0.09786423 0.055636973 0.11864975 0.14341069 5.5345911 1.4254245 1.8990545 4.4528776 0.017971764 0.43402006 1.4677102 6.818902 1.3563776 1.9178347 0.27727553 0.092775316 0 
0.12215185 0 0.092473726 0.23055492 0.10966299 0.25579308 0.059366357 3.5527137e-15 3.5527137e-15 0.040476498 0.12484317 0 0.4161244 0.24372098 0.15161666 0.14446673 0.20153749 0.12650439 0.1913363 0 0.61944747 0.464535 0.67903841 0.62095204 0.50295828 0.65213623 0.77143482 0.93176033 0.99758842 0.88558237 1.0625134 0.69479389 0.54064725 0.58541717 0.59483209 1.8359851 13207.856 0.27742262 0 0.46109901 0.37919775 0.235101 0.26406703 0.085168709 0 0.049112402 0 0.051313505 0.039444699 0.024791966 0.077714536 0.057240029 0.13373129 0.086261397 0 0 115.40587 0 0.024033778 0.016339448 0.01128904 0 0.0716711 282.78686 281.00849 0.54521167 0.32337311 0.25771027 0.62975286 0 0.35576903 0.31282444 0.20797581 0.11171236 0.18086141 7.5531431 1.9895644 1.4356344 3.5193153 4.7222777 0.0051112318 0 5.71503 1.4960903 2.6350701 0.16102947 0.038620591 0 
0.00093366788 0.032468651 0.015210665 0.12551109 0.28014478 0.11593863 0.2233964 0.038983054 0.15333591 0.072688682 0 0.17346587 0.12671296 0.0048151219 0.27132704 0.11417309 0.13450105 0.18138461 0.17454997 0.309006 0 0.3807837 0.32470134 0.40937424 0.23398506 0.20387828 0.51943836 0.67403807 0.8319994 0.68225049 0.41614464 0.31796051 0.41550197 0.054763531 0.17249887 0.32652854 0.13041008 262.41315 0.62427813 0.45602768 0.30903664 0.32825093 0.073815244 0.22874152 0.049464226 0 0.062636522 0.069408133 0.082810121 0.02779848 0.047897155 0.090695896 0.076662623 0.10009034 0.11897789 132.79851 0 0 0 0 0 0 0 74.531523 148.69568 0.31802896 0.19558508 0.29048124 0 0.16227391 0.21378581 0.29009244 0.38239364 0.38347817 0.56523015 9.0108888 2.6228065 1.170619 2.0505633 5.0179862 1.387046 6.4417208 0.0033386132 2.1300836 3.719341 0.10981436 0.16419708 0 
0.019655935 0.0014772595 0.027765045 0.16204025 0 0.37374629 0.13835484 0.11955144 0.18540463 0.25023654 0.19710054 0 0.069603552 0.040213173 -3.5527137e-15 -3.5527137e-15 0.31279163 0.14044112 0.12399851 0.25044672 49.330336 19.509741 0 0 1.110223e-16 -7.1054274e-15 3.5527137e-15 -3.5527137e-15 3.5527137e-15 0 3.5527137e-15 0 0 0.070491035 0.065022899 0.16845357 0.13255079 238.27544 0.054673906 2.0281783 0.81672775 0.55200905 0.17194908 0.17370958 0.37115414 0.089112348 0.085826664 0 0.15844923 0.15041024 0.1451358 0.10002299 0.056121247 0.029378923 0.070388608 0.079960619 0.10021235 0.15387296 0.19580609 0.17400319 0.15859402 0.14992927 0.12959737 166.64499 0 101.03063 108.18116 186.2508 271.13314 0.14097342 0.13672293 0.20756761 0.26731474 0.28428198 0.83781082 6.3718498 2.6589195 1.3998912 1.4735927 4.0736784 244.69048 498.24106 3265.2151 3825.327 3.3830282 0.082221116 0.087688847 0 
0.023533915 0.057283199 0 0.034842083 0.083917765 0.091765107 0.042081927 0.21791866 0.073443433 0.15334321 0.16673899 0.14958979 0.21441104 3.5527137e-15 3.5527137e-15 0.2944833 0.032346919 3.5527137e-15 0.48562985 0.43726202 32.052935 0.43162423 0 0 0 0 0 3.5527137e-15 3.5527137e-15 0.027420848 -3.5527137e-15 0.028270669 -3.5527137e-15 -7.1054274e-15 0.099758512 0.25721089 0.17100714 0.18428918 0.64289324 0.52021524 1.9843244 1.1900231 1.2519471 2.6631204 0.11132805 0.33400847 0.029196321 0.048403452 0.092168081 0.016960131 0.20164505 -3.5527137e-15 0.11405161 0.062102376 0.18737387 0.17339269 0.096180742 0.097492767 0.080531411 0.094643898 0.20117622 0.10524017 0.12595019 182.69013 0 0 0 0 0 0.1224545 0.18107269 0.19977184 0.042730082 180.56463 0.78799712 452.48736 4.3576157 1.9645335 1.966958 3.6857891 239.55212 6.1095602 0 11.306268 329.82443 0.12321212 0.036433496 19.501428 
0.0089113311 0.013098607 0.055513735 0.0010427025 0.095627996 0.10793392 0.065352203 0.10083136 0.36521643 0.1838958 0.19434167 0.12219596 0.27519908 0.18168715 0.045663923 0.10860162 0.17982466 0.17700731 3.5527137e-15 0 0.6287896 26.925257 0.62523489 0.45144156 48.261523 0 0 0 3.5527137e-15 3.5527137e-15 3.5527137e-15 0.029883735 0.21261045 0.077732977 0 0.20242746 0.31022193 0.14628807 0.46969292 0.24574635 0.23594569 0.42168575 1.1944159 1.0403297 3.4966851 0.32734904 0.12693668 0.11126686 0.20649876 0.11809448 3.5527137e-15 0.056040843 0.035765573 7.1054274e-15 0.06199073 0.094233564 0.016158494 0.050602749 0.12291054 0.12206972 0.092155477 0.15507634 0.19735064 170.63689 0 0 0 0 0 0.12957359 0.16293436 0.092449284 0.24909504 60.953201 240.03523 79.812474 1073.64 1960.1228 2700.307 1663.7179 208.68171 0 0 0 79.695964 0.060187107 1.7763568e-15 0 
0 0.023462311 0.050193536 0.0083297651 0.075140719 0.053392129 0.072922851 0.086160359 0.11882514 0.15560584 0.32892649 0.37951022 0.16957247 0.21919592 0.15364079 0.28490666 0.10463737 0.25240761 0.21984499 0.47084549 0 0.3414107 0.52261838 0.33250916 14.750339 0 0 0 -3.5527137e-15 0 0.097988843 0 0 0.2414756 7.1054274e-15 0.092035252 0.12064705 0.29755806 0.34442543 0.56319548 0.049996786 0.13686449 0.23647568 0.39799766 2.1406312 3.0997711 3.3664649 0.14520386 0.10436065 0.035467957 0.11481232 0.034157325 0.13836098 0.22068637 0.039385187 0.16162323 0.12381381 0.20122943 0.043615897 0.13861005 0.18821828 0.10812607 0.16662455 0.15943984 169.19246 0 0 0 0 147.69552 0.12676987 289.77596 357.75724 8.8433582 47.614511 0 0 0 0 0 0 0 0 0 42.101132 0.039702168 0.05442593 0 
0 0 0 0.024330101 0 0.072278735 -3.5527137e-15 0.12242451 0.099408214 0.1181145 0.45601595 0.84110164 0.25700235 0.072754798 0.2991636 0 0 0.35034556 0.26797358 0.63899476 0.24158001 0.41254919 0 0.35312146 0.34025745 0.25335059 0.13020804 0.054378984 0 0.010359152 0.08737386 0 0.045379844 0.045709975 0.090531108 0.087584011 0.18032844 0.37418154 0.30499665 0.37366992 0.34017741 0.29768126 0.092182982 0.1611726 0.27972121 2.567211 0.82419477 4.8234701 3.4979693 0.1160382 0.078695861 0.15385338 0.085048658 -3.5527137e-15 0.20051393 0.12763013 0.096828682 0.18190636 0.25419873 0.093153121 0.21630766 0.18886972 0.24610513 0.15237175 159.4551 0 0 0 0 0 135.61611 66.947251 0 0 0 0 0 0 0 0 0 0 0 0 10.048398 0.076206245 0.074390787 0 
0 0.030191275 3.5527137e-15 0.017338612 0.16337197 203.74621 0.16394783 0.075002824 0.093965123 1.0658141e-14 0.12225566 0.18359956 0.30616069 1.0354362 0.26119426 0.0026880574 -3.5527137e-15 0 0.63737119 0.57324583 0.32377182 0.41443165 0.41194622 0.24043771 0 0.027158913 0.11342528 0.13799812 0.10985662 0.031782342 0 0 0 0.095256473 0.1324688 0.26597448 0.1069784 0.36267396 0.31124274 0.28026073 0.25718583 -7.1054274e-15 0.29137117 0.099016905 0.13052959 0.30910134 0.058841069 1.8963738 4.115161 1.2980575 0.029337792 0.079718392 0.16094946 0.11302854 0.021473869 0.1489398 0.24165548 0.44626192 0.37747871 0.17868764 0.17038881 0.34668272 0.22190217 0.26120076 119.22606 0 0 0 0 0 0 0 0 0 0 0 0 0 0 0 0 0 0 0 0 30.620216 0 0 
-3.5527137e-15 0 0.018033549 0.062441987 0.09888356 321.00779 0 0.098421509 0.086024979 0.14175569 0.24525237 0.37304664 0.18065767 0.79806032 1.160291 0.30994002 0.28079742 0.55848775 0 0.49165679 0.51911719 0.55344352 0.34681697 0.71174694 0.27701166 0.23415467 0.034492183 0 0.043882732 0.038653023 0.044719075 0 0.16329171 68.615896 0.015251657 0.059124274 0 0.15192771 0.13713684 0.031564264 0 0 0.049920713 0.16891822 0.20382744 0.051263697 0.12586757 0.091446134 3.5326753 4.0374001 2.2144476 3.7329466 0.41140843 0.13405501 0.13767632 0 0.27214927 0.20313844 0.28766875 0.18232842 0.18626035 0.28914572 0.25013378 0.25887032 144.42999 0 0 0 0 0 0 0 0 0 0 0 0 0 0 0 29.756405 0 52.925085 64.956228 0 0 0 0 
0 3.5527137e-15 3.5527137e-15 -3.5527137e-15 7.1054274e-15 124.8252 0.047302518 0.049091582 0.3822524 0.16543878 0.11781014 0.17898407 0.39484952 0.7364702 0.87607731 2.1143655 0.07381841 0.60268378 0.62181796 0.52826313 0.3829592 0.53939218 0.49146208 0.37395131 0.18324795 0.40081348 0.40350259 0.063187786 0.012305619 0.053129557 0 0 0.16113392 46.060342 0 3.5527137e-15 3.5527137e-15 10.602689 3.5527137e-15 0 -3.5527137e-15 3.5527137e-15 0.070862333 0.057620433 0 0.039452652 0.087504081 0.19105913 0.26298429 0.12940608 2.1796523 1.3166435 6.8253145 0.054734629 0.15471234 0.12997316 0 0.021008701 0.18348315 0.052539751 0.164418 0.1095404 0.19930694 0.30338169 191.82792 0 0 0 0 0 0 0 0 0 0 0 0 100.52587 54.235893 51.896984 88.156078 155.31897 0.021330921 -4.4408921e-16 212.31408 156.36059 0 0 
0 0 -3.5527137e-15 0.033431633 -7.1054274e-15 -1.0658141e-14 -1.0658141e-14 0.019816288 0 0.1121865 0.3883239 0.15695862 0.19309469 0.23303647 0.70955464 1.8825467 1.6069334 0.016508011 0 0.54375827 0.41615717 0.62636899 0.3529638 0.27761327 0.29516927 0.25242299 0.31874864 0.18097341 0.070258228 0 -3.5527137e-15 0.02588281 0.04597473 0.11118881 26.136003 0 0 53.054671 0 0 3.5527137e-15 0 -3.5527137e-15 0.048368646 0.06622575 0.16542734 3.5527137e-15 0.091460281 0.13998688 0.26910355 0.0013162792 2.5620272 6.4893276 7.9724017 0.15299958 0.19134978 0.16426759 3.5527137e-15 0.21071542 0.17123518 0.14112361 0.2180643 0.13109502 0.045393048 293.73409 0 0 0 0 0 0 0 0 0 0 93.5303 161.83474 6.6613381e-16 -3.5527137e-15 0.073153295 0.063985435 -7.1054274e-15 0.029850648 -3.5527137e-15 0.052707889 0.097222012 228.06968 0 
0 0 0 0 3.5527137e-15 0.015911588 0.072977232 0.0788567 -3.5527137e-15 0.083218379 0.24492841 0.93849407 0.76037126 0.46360563 0.3185434 0.77366268 1.5713376 3.0815737 0.26577571 0.51525979 0.31160908 0.49446512 0.39576204 0.36432838 0.39793107 0.2356189 0.31839712 0.34684963 0.15287844 0.21160915 0.04771798 0 0.022232551 0.11237319 11.661509 0.24144194 0.11798027 0.089012919 0.09592871 0.097103174 0 0.085807815 0.03334927 0.045251721 0.061060797 0.1444017 0.10528299 0.091806449 0.20670421 0.025725781 0.25352252 0.30704087 4.2125118 1.9029679 6.7469923 4.4543905 0.15816395 0.28633461 0.018266212 0.16001271 0.17524204 409.79208 0 0.12376691 416.12156 0 0 0 0 0 0 0 0 0 269.26311 0.042574513 -3.5527137e-15 0.041347992 0.065639276 0.047484317 0.045210002 0 0.037127057 -1.0658141e-14 0.038032593 1.0658141e-14 -1.4210855e-14 231.75799 
0 0 7.1054274e-15 -3.5527137e-15 3.5527137e-15 1.0658141e-14 0.0081413512 0.095047218 0.076375067 0.064355175 0.039519138 0.13976353 0.97800052 1.3660169 0.19283459 0.93228925 2.1884871 1.5860091 3.6168509 0.56432044 0.32819492 0.54602846 0.45522065 0.46518985 0.36063363 0.3409027 0.43809048 0.31308468 0.10112 -7.1054274e-15 0.13526131 0.0059976344 -7.1054274e-15 0.14441766 0.1162282 0.1886351 0.046676435 0.1094618 0.063238935 0.035775817 0.09546383 0.034008248 0 0.052762841 0.017289051 0.115003 0.086938902 0.10278825 0.20515305 0.28252135 0.12194402 0.16613445 0.39042209 1.9533649 2.7549311 1.8426687 8.0667954 2.8288089 5.9065577 4.1801226 0.23232547 137.90443 0 0 267.31965 0 0 0 0 0 0 0 0 122.58404 0.082810545 0 0.0086617868 0.046939251 -3.5527137e-15 0.037897678 0.11573091 -3.5527137e-15 1.0658141e-14 7.1054274e-15 -7.1054274e-15 -7.1054274e-15 0.0061153352 3.8857806e-15 
0 0 0.010568277 0 0.030992604 0.079441229 0.10117343 0.13082033 0.14845147 0.15476585 0.13059794 0.16417411 0.03954005 0.084181915 0.1279438 0.0038397773 1.3016286 1.1302533 1.538442 2.6243843 0.89530772 0.44093208 0.41921083 0.43674293 0 0.36453529 0.37415458 0.30082509 0.19917349 0.13808467 0.20987882 0.072186474 0.019722361 0.079745773 0.18883577 0 0 0.048958594 0.023814357 0.053752165 0.10763911 -3.5527137e-15 0.075748836 0 0.051876946 0.069038368 0.31964966 0.12124891 0.25284343 0.32568499 0.27933167 0.36300334 0.41072465 0.55339265 0.017097751 5.6342721 1.4737034 419.33603 1.3912689 0.83023021 3011.9834 7.3641849 0 0 0 0 0 0 0 0 0 0 0 187.87633 0 0.02567596 0 0.0049036561 0.049314416 3.5527137e-15 0.016084018 -3.5527137e-15 -7.1054274e-15 1.0658141e-14 7.1054274e-15 -1.7763568e-14 0.080802382 0 
0 0 0.0040531258 0 0.0013048974 0.0052900719 0.09389831 0.13189649 0.17478069 0.12868245 0.052153011 0.085049918 0.16093461 0.17317755 0.26251811 0.35439103 -3.5527137e-15 2.440386 1.3958572 2.3027037 1.5307671 2.894377 0.36444462 0.27480439 0.27105588 0 0 0.30022556 0.25498879 0.16844013 0.20645072 0.10449683 0.16095408 0.1094362 -3.5527137e-15 0.12357375 0.25386554 0.062304927 0.052653264 0 0.097470413 0 0.023356916 0.076511544 0 0.029618058 0.048524898 0.19558656 0.16724632 0.30503417 0.13543497 0.28561995 0.34924787 0.49510657 0.34307599 0.44494643 3.6238556 1794.4638 1287.4174 1849.8822 0 0 0 0 0 0 0 0 0 0 0 0 111.76929 0.1063085 3.5527137e-15 0.050811095 0.03536647 0.020844675 0 0.0089575588 0 0 3.5527137e-15 3.5527137e-15 0 3.5527137e-15 0.066785952 0.17585304 
0 0 0 0.010667005 3.5527137e-15 0.080345525 0.10586651 0 0.0052584662 0.13583205 0.1622227 0.092490553 0.17777767 0.33857073 0.47297776 0.58818988 0.73673069 0.0023408797 2.910981 1.6683148 2.5224408 1.7326568 3.1282554 0.6364246 0.023956268 0.35606763 0.22776621 0.2885336 0.23000043 0.19324015 0.22696481 0.23177939 0 0.13159288 0.092406118 0.085542267 0.089166008 0.053198833 0.14368658 0.052310341 0.035608373 0.078803554 0.012587531 0 0.037615256 0 0.11556543 0.081734953 0.21292853 0.23011999 0.15931912 0.23698963 0.23995435 0.43103982 0.52866376 0.47195496 0.80308356 360.47323 115.49599 13.776124 0 0 0 0 0 0 0 0 0 0 0 0 127.76655 0.10839692 0.065042171 0.030288699 0.01118661 0.028011794 0.012834047 0.012522529 0 0 -7.1054274e-15 3.5527137e-15 -3.5527137e-15 3.5527137e-15 -7.1054274e-15 0.040341635 
0 0 0 0.010755334 0 0.029633909 0 0.071794276 0.091402983 0 0.11119553 0.5371617 0.55017941 0.41097374 0.31913975 0.48389516 0.49429046 0.45616357 0.50275747 1.1323177 2.4680463 1.1097137 2.1143386 2.9717704 1.163933 0.036895788 0 0.22753037 0.27602657 0.12609548 0.24907332 0.14792549 0.099230671 0.12287152 0.059694612 -7.1054274e-15 0.033895849 0.15338218 0.137169 0.09138209 0.056861806 0 0.076915759 0.027777484 0.037269918 0.092140575 0 0.15098094 0.15973014 0.19339451 0.37649819 0.32299765 0.5096286 0.50102936 0.89247203 0.62567041 0.55050545 345.26058 0 74.829655 0 0 0 0 0 0 0 0 0 0 0 0 257.59956 0.088445858 0.03449848 7.1054274e-15 0.06770166 0 0.026770373 0 -6.2172489e-15 0 0 0 -7.1054274e-15 7.1054274e-15 0 7.1054274e-15 
0 0 0 0 0 0 3.5527137e-15 0.1943769 0.34674886 0.021616021 0.41871812 0.32451231 0.2701449 0.26550195 0.24385722 0.094929417 0.051744785 0.044697225 0.011934403 0.079477203 0.037388388 3.4633985 6.1035867 357.3749 3.4920682 4.9504625 0.22807877 0.14492968 0.1897533 0.077602023 0.1409006 0.2390082 0.1281762 0.16716911 0.081085332 0.18672139 0.11607281 0.07075621 0.11116321 0.14695699 0.13954902 0.081419302 0.022019823 0 0.036186112 0 0.025150377 0.096928011 0 0.2066768 0.21502129 0.35102666 0.44833551 0.45707029 0.66053009 0.77105457 0.5101045 262.64334 84.644282 0 0 0 0 0 0 0 0 0 0 0 0 235.81566 5.3290705e-15 -2.8421709e-14 3.5527137e-15 -1.0658141e-14 0 0 3.5527137e-15 0.039989412 0.014173135 -4.4408921e-16 0 -3.5527137e-15 0 3.5527137e-15 0 0.027282304 
0 3.5527137e-15 0 -8.8817842e-16 0.037816848 0 0.061426247 0.19286252 0.3036471 0.26606463 0.17674744 0.214771 0.16476498 0.097437137 0.16738558 0.11994486 0.062402168 0.11827888 0.034187944 0.14123732 0.22626723 0.18586534 0.54313963 622.70315 3.4897946 2.0809174 11.676566 0.6863565 0.26629877 0.12269101 0.089624338 0.32699599 0.18161166 0.20432581 0.16867622 0.13783443 0.29094676 0.24393573 0.20636645 0.2008576 0.27707829 0.22937199 0.26599584 0.10992347 0.028381343 0.049631514 0.080643969 0 0.16614712 0.0096668927 0.28328233 0.48808526 0.65528429 0.56922047 0.56478571 0.59087821 0.44452306 0.59465627 267.8355 0 0 0 0 0 0 0 0 0 0 0 0 235.71251 0.054411683 0.069199154 0.034063937 0 0 0 0 -1.0658141e-14 0 0.018730273 0 0 3.5527137e-15 -3.5527137e-15 1.0658141e-14 0.022543746 
0 0 -3.5527137e-15 -3.5527137e-15 0.024414272 0 0.030140725 0.11188192 0.23916774 0.14666674 0.10672501 0.11497424 0.12708947 0.12352195 0.12228797 0.12978872 0.14630287 0.15562313 0.24227486 0.11134234 0.12755805 0.098103155 0.11259947 136.49091 0.17876182 0.91173693 2.6760866 5.1002362 2.4301198 5.9962027 0.041046477 0.25996916 0.34296419 0.259417 0.17044688 0.23700977 0.31864339 0.3156883 0.21531292 0.19025925 0.31337853 0.077624645 0.05068213 0.11032858 0.02136025 -3.5527137e-15 0.19124841 0 0 0.035643455 0.23439958 0.45124901 0.26100121 0.2519988 0.16231539 0.24950422 0.27471719 0.28952969 214.01498 0 0 0 0 0 0 0 0 0 0 0 88.690663 0.054670628 0.022347082 0.030711163 0.03485054 0 0 0 -3.5527137e-15 -3.5527137e-15 0 0 0 0 0 -7.1054274e-15 0 3.5527137e-15 
0 0.019949709 3.5527137e-15 0 0 0 0.061882281 0.023936157 0.05725373 0.039404416 0.093113003 0.089934199 0.098860464 0.11851858 0.082004716 0.093900718 0.15301171 0.11020917 69.934165 0.06700514 0.12687625 0.077211904 -1.7763568e-15 43.262205 0 0 0.0042605411 0 3.769441 0.74555129 9.6553017 0.22104469 0.1482411 0.17710214 0.15742669 0.23116739 0.28444146 0.3623809 0.33003964 0.43154786 0.26417538 0.065522813 0.11667598 0.21608714 0.069262811 0.054164378 0.13252136 0.027917595 0 0 0.17625249 0.15816659 0.19332161 0.17060332 0.1483417 0.23314984 0.25157149 0.21753102 101.01628 0 0 0 0 0 0 0 0 0 0 0 0 30.337241 1.0408341e-15 0 -2.7755576e-17 5.5511151e-17 0 0 3.5527137e-15 0 0 0 0 0 0 0 0 0 
