NCOLS 89
NROWS 110
XLLCORNER 677881.89
YLLCORNER 4377654.9
CELLSIZE 10
NODATA_VALUE -9999
0 0 0 0 1.7763568e-15 0 0 0 0 0 -3.5527137e-15 0 0 3.5527137e-15 0 0.046842213 0 0 0 0 0 0 0 0 0 0 0 0.033283744 0 0.0095611426 0.020478907 0.018067618 0 -3.5527137e-15 0 0 0 0 0 0 0 0 0 0 0 0 0.019315107 0.021180242 0 0 0 0 0.02691799 0.048690856 0 0 0 0 0 0 0.0334717 0.0073465787 0 0 0 0 0 0 0 0 0 0 0 0 0 0 0 0 0 0 0 0 0 0 0 0 0 0 0 
0 0 0 0 -7.1054274e-15 -3.5527137e-15 0 0.05388929 0.026421806 0.039875632 0.030300273 0 3.5527137e-15 0.095127077 0.065901905 -1.0658141e-14 0.165581 0 3.5527137e-15 0 0 -3.5527137e-15 0 3.5527137e-15 0 -3.5527137e-15 0 0.0018329817 0.052167501 0.032804116 0.018760304 0.04739769 0.0077593002 0 3.5527137e-15 0 0 3.5527137e-15 0 0.031262373 0 0 0 0 3.5527137e-15 0 3.5527137e-15 0.023451292 0.00099003567 0.0091504941 -3.5527137e-15 0.054177011 0 3.5527137e-15 0.042191889 -3.5527137e-15 0 0 0 3.5527137e-15 0 -3.5527137e-15 0 0 3.5527137e-15 0 -3.5527137e-15 0 0 0 0 0 0 0 3.5527137e-15 0 0 0 0 0 0 0 0.0062383129 0 0 0 0 0 0 
0 -3.5527137e-15 0 0 0 0.039675517 0.035955505 0.058158917 0.060097644 0.029421834 0.07278286 0 0 0.045466216 0.076406387 0.053508779 0.038167049 0.25050808 0 0 0 0 3.5527137e-15 -3.5527137e-15 7.1054274e-15 0 3.5527137e-15 0.047724077 0.0086896169 0.035846618 0.082389469 0.04279022 0.009875733 -3.5527137e-15 7.1054274e-15 0 3.5527137e-15 0 0 0 -3.5527137e-15 0 0 0 0 3.5527137e-15 0.027609775 -7.1054274e-15 0.013349712 0.0033509736 0 0.076603999 3.5527137e-15 0.031936735 0.031788533 0.074155808 0 0 1.0658141e-14 7.1054274e-15 0 0.014485545 0 0 -3.5527137e-15 0 0 0 3.5527137e-15 0 0 0.029890499 -7.1054274e-15 3.5527137e-15 -3.5527137e-15 3.5527137e-15 -3.5527137e-15 0 -3.5527137e-15 3.5527137e-15 0 0.015271833 0.066528568 0 0 0 0 0 0 
0 0 7.1054274e-15 0 0.035475655 0.044608679 0 0.053570441 0.033527848 0.020007878 0.014294424 0.11916435 0.11069696 0.13664322 0.17440797 0 3.5527137e-15 0.038424362 0.20178067 0.17657025 7.1054274e-15 0 0 0.034158344 0 3.5527137e-15 0.0028156266 -3.5527137e-15 3.5527137e-15 -3.5527137e-15 0.0068975647 0.060067155 0.1782854 0.039025076 0 7.1054274e-15 0.061730438 0 0.041827462 -3.5527137e-15 0 3.5527137e-15 -3.5527137e-15 -7.1054274e-15 0.028294207 0.022378216 0.0092241189 7.1054274e-15 0.10296915 0.0075432507 0.015248292 7.1054274e-15 0.023040058 0.069570475 0.23377871 0.17673348 0 0.042803223 0.030477042 3.5527137e-15 0 0.017891419 0.054037597 0 0 7.1054274e-15 3.5527137e-15 0.033161527 0 0.022698826 0.023736005 0.022066672 0.018972376 0.01261469 0.03191192 0 -3.5527137e-15 0 7.1054274e-15 0 7.1054274e-15 0.073178867 0.050018071 0 0 0 0 0 0 
0 -3.5527137e-15 -3.5527137e-15 -3.5527137e-15 -7.1054274e-15 3.5527137e-15 0 0.3114558 0.28040203 0.2829556 0.28592838 0.61673198 0.059350776 0.004788155 1.0231774 1.005 1.3613444 1.1890815 1.0115782 0.93551695 2.1158061 0.97342857 0.053286651 0 0 0.069727212 0.038635246 0.014012513 0.01661772 0.13023921 0.0050809202 0 0.22747593 0.11776306 0.062754243 0.03910476 -3.5527137e-15 0.048693096 0.07353078 0 -7.1054274e-15 0 0.014544904 -3.5527137e-15 0.042517614 0 0.020600242 0.024053557 0.028815841 0.012765261 0.13792812 0.047677994 0.060264142 0.14837431 0.055696073 0.26180275 0.29339599 0.02434129 0.045690267 0.026713347 0 3.5527137e-15 0 0 3.5527137e-15 0 0 0 3.5527137e-15 0 -7.1054274e-15 0.048130322 0.021314184 0.027268773 0.020584707 0.037166229 0.015169181 0 0.037408868 0.038202468 0.014467621 0.10808935 0.074734954 0.026300574 7.1054274e-15 0 0 7.1054274e-15 0 
0 0 0 0.0029977386 0.035164951 0.13280363 0.098300524 0.051056013 0.22794461 0.62374403 0.60475929 0.46585838 0.35799706 0.49432781 0.4178554 0.6061344 0.77121085 0.97657805 0.8500774 1.1699326 0.26761212 0.89340189 2.3605404 0.94574361 1.5951515 1.470052 0.015425521 7.1054274e-15 0 0.034638562 0 0.045201918 0.19310858 0.14401149 0.11780859 -7.1054274e-15 0 0 -3.5527137e-15 -3.5527137e-15 -7.1054274e-15 3.5527137e-15 0.0081396743 3.5527137e-15 0.035285959 0.050434852 0.014117114 0.022067099 0 0.10366462 -3.5527137e-15 0.025337411 0.029020519 0.076615813 0.12772357 0.092164333 0.31469655 0 0.019585436 0.060377766 0.053888146 0.043403431 0.0127064 0.027406808 3.5527137e-15 0.06361199 0.032787092 0 0.058718206 0.0048889368 0 0 0.047070784 0.050992529 0.047370247 0.04028002 0 0.03108586 0.056715681 7.1054274e-15 0.02600807 0.091357506 0.062327659 0 0.035711411 0 0 0 0 
0 0.018311957 0.00013275913 0.03124837 0.026732646 0.072163007 0.021375802 0.080420498 0.057164928 0.077037215 0.085904409 0.11008659 0.060239492 0.094642808 0.24514692 0.19067125 0.31296906 0.23842206 0.25067269 0.19574443 0.43573592 0.42619717 1256.4645 1.0768159 0.98362091 5.6652853 2.5488838 4.0707457 0.098208067 -7.1054274e-15 0.020095334 0.055279408 -3.5527137e-15 0.59270231 0.33070365 0.089320866 0.049288655 0 0 -3.5527137e-15 0 0 0.0056919112 -3.5527137e-15 0.091341617 0.079509989 0 0.074800503 0.02890194 0.026726263 -3.5527137e-15 0.080009284 0.044239978 0.27929634 0.11437546 0.30576599 0.2494281 0.091874614 0.041541396 0.062239666 0.12482694 0.027157201 0.013531178 0.10160258 0.027914788 0.12314305 3.5527137e-15 0 0.12686571 0.011473956 0.033587441 0.02787592 0 0.038763319 0.049265022 0.097741354 0.025950605 0.07825927 -7.1054274e-15 0.059350333 0.052283606 0.17528835 0.23045473 0.031831281 -3.5527137e-15 -3.5527137e-15 0 0 -3.5527137e-15 
0 0 8.8817842e-16 3.5527137e-15 3.5527137e-15 0 3.5527137e-15 -7.1054274e-15 -1.4210855e-14 1.0658141e-14 0 0.14075248 0.12806853 0.053602793 0.032065147 0.075296464 0.075534269 0.11716409 0.10615779 0.1673715 0.41301958 0.30017213 128.69858 0.41805869 3.8160021 2.2356405 1.706125 2.2945028 2.3654647 4.262204 7.1054274e-15 0 0.10173556 0.49359031 0.47092488 0.18546497 0 7.1054274e-15 0 0 0 -7.1054274e-15 0 3.5527137e-15 0.073329987 0.038069373 0.11066281 0.05300094 0.093542327 0.013785291 0.091710876 0.037298404 0.1802563 0.346175 0.14835415 0.14007814 0.29764694 0.16184805 0.087668647 0.13425449 0.036196674 0.055629913 0.080497503 0.1108811 0.043999346 0.052582255 0 0.047567804 0.059925077 0.01718202 0.014149537 0.088046576 0.04569814 0 0.077022722 0.063928255 0.0098706284 0.051791541 3.5527137e-15 0.071705988 0.049160053 0.18978587 0.12888619 0.13187925 0 0 -7.1054274e-15 0 3.5527137e-15 
0 -3.5527137e-15 0 0.06073379 0.062485985 0 1.0658141e-14 0.096949307 0.089218495 0.067951881 3.5527137e-15 0.050083472 0.024587192 0.079865691 0.12955221 0.14971344 0.11730135 0.1424877 0.11391654 0.042924401 0.38273424 0.31296959 0.77951311 0.4294589 0.35902114 1.9642854 5.6306054 4.4502655 1.8805478 2.6960188 12.137439 4.0840998 8.9253005 3.0232608 0.43381008 0.61234842 0 0.036010372 0.098149738 0 0 0.018625174 0.0051552934 0 0.10687808 0.04865701 0 0.072557152 0.12580623 0.047205435 0.1396135 0.12297382 0.069884963 0.29555367 0.082340393 0.27147365 0.20012285 -7.1054274e-15 0.090788775 0.1232764 0.10527499 0.057041359 0.042608579 0.077860196 0.074228607 0.10279892 0.062425766 0.034654258 0.056028222 0.073321729 0.03333422 0.23010286 0.074434095 0.11322289 0.066349948 0.058510023 0.049134867 0.1264749 0.025987194 0.085754988 0.037973615 0.21443815 0.10144247 0.1587733 3.5527137e-15 -3.5527137e-15 -3.5527137e-15 0 3.5527137e-15 
0 7.1054274e-15 0 0 3.5527137e-15 3.5527137e-15 1.6098234e-15 0.02822213 7.1054274e-15 0.072017656 0.075685239 0.078888988 0.047699761 0.030612908 0.11737397 0.13024519 0.13063854 0.1321813 0.097010643 0.292657 0.52325736 0.14671404 0.44175728 0.24839321 0.69965634 0.55859154 0.38079913 0.40918825 0.45232249 0.40260901 4.5938255 1.9789997 1.434415 4.3673776 7.6011754 0.36179497 0.077369923 0.2711889 0.20204192 3.5527137e-15 -7.1054274e-15 0.080062187 0.026829603 0.12991131 0.081652991 0.053877973 0.097122348 0.12218485 0.11314007 0.2324423 0.15997531 0.25030891 0.5023498 0.22745189 0.046493602 0.53762614 0.38441516 0.18126769 0.13066479 0.14249819 0.074703538 0.098399958 0.084772536 0.098958702 0.10491444 0.031921539 0.10559616 0.087102263 0 0 0 0 0.10635653 0 0.064457903 0.094430931 0.040082293 0.013792109 0.15519191 0.095250345 0.039375088 0.15781799 0.23811316 0.27665857 0.014819085 -7.1054274e-15 0 -3.5527137e-15 7.1054274e-15 
0 -3.5527137e-15 19.377854 0 3.5527137e-15 -7.1054274e-15 3.5527137e-15 -3.5527137e-15 -7.1054274e-15 0 -7.1054274e-15 -7.1054274e-15 0.06950861 0 0.05117005 0.06419641 0.13420387 0.28283169 0.68480026 0.32391161 0.28155208 0.12110921 0.25193779 0.5715293 0.23822535 0.30649649 0.44684071 0.36026099 0.21449291 0.3380472 0.39085677 2.8621117 5.5939769 2.3801759 3.1518435 17.711381 0.35830027 0 0.12195806 0 0.064855491 1.0658141e-14 0.10643766 0.062578053 0.16848768 0.026944983 0.041308683 0.049447713 0.12191254 0.15402022 0.15770671 3.5527137e-15 0.19244948 0.44637174 0.020699199 1.4284564 0.63768328 0.89004939 0.1918863 0.13514747 0.20876109 0.11019613 0.13460461 0.21049601 0 0.090808524 0.13463033 0.12418459 0.096348004 0.13998843 0.069377917 0.11249839 0.012719759 0.081969549 0.10025118 0.044766389 0.076081605 0.16640276 0.10706382 0.02879866 0.080435568 0.14012565 0.20566481 0.27492829 0.73133111 3.5527137e-15 7.1054274e-15 0 0 
0 0.033012341 76.263106 0 0 0 0 0 0 0 95.67132 0 0 0 0 0 0.062262244 0.26760088 0.068460274 0.077728921 0.29152406 0.39885134 0.43692594 0.1162968 0.22014064 0.51848246 0.80344952 0.27697982 0.31173629 0.41665347 0.38050324 0.79607855 0.47346557 0.93037902 6.7822244 2.3321538 10.636013 0.02420675 0.049555107 0.16930041 1.0658141e-14 0.16283206 0.14488072 0 0 0.080253074 0.073693137 0.10639434 0.14727681 0.12513491 0.14960444 0.020205997 0.37562734 0.35390608 0 0.15363804 1.2911523 1.8252164 0.14950708 0.12515942 0.15950262 0.20370417 0.16178685 0.17360578 0.13188559 0 0.075720058 0.079874177 0.13506754 0.42043705 0.10596835 0.079807041 0.34876094 0.061041386 0 0 0 0.20325203 0.091358181 0.085450427 0.10140414 0.17185665 0.33171775 0.18478812 0.49497405 0.0155693 0 -7.1054274e-15 0 
0 0 25.511503 0 0 0 0 0 0.015976525 0 131.38533 0 0.0091909445 0 0 0 0.21276944 0.20963061 0.26001306 0.36010584 0.63614307 0.27947979 0.55435294 0.70827048 0.37046294 0.43591802 0.69988234 0.53946266 0.59831318 0.40971898 0.46407759 0.47517885 0.73493638 0.63050775 0.59116616 2.3567164 5.662747 10.714702 0.14784553 0.46854199 0.11812886 0.059015255 0.064525428 0 0.13078477 0 0.15451458 0.11631792 0.17863404 0.16836801 0.083205979 0.16627867 -3.5527137e-15 0.69517862 0.41685131 0.010170719 0.57278908 1.3628373 0.15937381 0.16563078 0.17021382 0.28945361 0.10300847 0.15930937 0 0.31820066 0.031780854 0.061884386 0.11679267 0.36804174 0.18819117 0.20141396 0.30511128 0.18325559 0.1240504 0.054264196 3.5527137e-15 0 0.29602468 0.096299407 0.070330871 0.13700397 0.21545956 0.1938311 0.35947689 1.4145075 0.038330268 -3.5527137e-15 0 
0 0 0 0 0 -3.5527137e-15 3.5527137e-15 0 0 3.5527137e-15 140.93426 0 0 -3.5527137e-15 0 0.21274247 0.13170785 0.036243332 0 0.19913118 0.21543134 0.42875924 0.46128351 0.30766274 0.72982616 0.53931835 0.76675273 0.36691834 0.29158686 0.70480897 0.60831579 1.1353772 0.33842849 0.26630816 0.088322925 0.22229151 0.346838 10989.294 8.9649429 0 0.1538519 0.14537295 0.14833701 0.05864983 0.10260432 0.10017312 0 0.075566831 0.099671048 0.19941181 0.2598387 0.2210289 0.40339911 0.2944343 0.38791411 0.29303537 1.5257599 1.2452632 0.10927856 0.30646163 0.37980965 0.29587738 0.17782127 0.2260002 0.12648968 0 0.82019446 0.0044477265 0.08362991 0.20608152 0.58886014 0.031543385 0.48223231 0.68991043 0.54622942 0.28463542 0.12829347 0.17343079 0.26254817 0.029430868 0.10367762 0.20069399 0.49120494 0.23874938 0.28046598 0.72466564 0.25725869 0.22343649 0 
0 0 0 0 0 0 -3.5527137e-15 0 3.5527137e-15 0.032021608 0.0085649058 0.0095888985 0.010435932 0 0.04776601 0.02006983 0.031909531 0.24163401 0.23223141 0.2443692 0.28824123 0.50259685 0.58038979 0.79394256 0.78094157 0.68419892 0.58908819 0.766053 0.49936602 0.93732154 0.55552383 0.38648074 0.27351055 0.36624734 0.34009714 0.58315159 0.59102167 2.1316282e-14 0 14.381621 0.038865887 0.099370523 0.24975176 0.11994359 0.57012614 0.11552596 0.42120051 0.16933032 0.16306565 0.048591406 0.12632564 0.25225269 0.26551179 0.15232287 0.13741977 0.24527622 1.8740517 1.3347305 0.12063847 0.36171953 0.30353717 0.17623748 0.17643113 0.17358217 0.047653382 0.35742454 0 0 0.036082859 0.115886 0.35256626 0.26400179 0.2621039 0.4584596 0.38458792 0.28547445 0.53009807 0.28313384 0.3115729 0.066073737 0.13036022 0.17568219 0.29251018 0.38868445 0.36724558 0.54166297 0.040611489 0.010970783 -8.8817842e-16 
0 0 0 0 0 0.029348631 0.036385706 0 0.18435576 0.026003214 0.059579127 0.035668745 0 0.047150414 0.062245884 0 0.090075792 0.23128685 0.042832858 0.021723759 0.39638063 0.27197345 0.30248246 0.29629594 0.30342821 0.77119372 0.67914757 0.526997 0.57247848 0.39667131 0.46243035 0.52841694 0.4977026 0.16889338 0.69176511 0.8537911 0.48705442 0.21451967 2747.7778 1.8037625 37.201598 0.0063485928 0.059533841 0.38383357 0.24968303 0.1004764 0.42697334 0.24944439 0.06624226 0.27191989 0.14669445 0.2501582 0.25310776 0.15694691 0.2630886 0.20649952 2.1197337 1.5550699 0.18885826 0.17858823 0.24950546 0.14355149 0.26124385 0.20122802 0.51603404 0.23174282 0.98499948 0.90496181 0.031988406 0.29446311 0.22869915 0.3186246 0.21942002 0.79602707 0.8461662 0.27473703 0.45800072 0.25137995 0.36712023 0.16278469 0.093996843 0.22097867 0.37734136 0.61834309 0.11387975 0.32890379 0.16722266 0.0095074277 -2.220446e-16 
0 0 -3.5527137e-15 0.030627012 0.017408827 -3.5527137e-15 0.016902078 0.20375752 0.077700215 0.11776483 0.10498775 0.10606244 0.021703448 0.14688339 0.033286437 0.042951179 0.30596905 0 0 0.22546134 0.20727746 0.24207871 0.20146205 0.22640662 0.21541715 0.23727819 0.41238638 0.39533489 0.47672715 0.33506304 0.1790561 0.32834686 0.21474354 0.45512431 0.46517452 0.60618691 0.29104304 0.3665405 0.086585003 0.26886711 0.51409701 33.873648 0.28428819 0.49997373 0.30351267 0.2277348 0.18173105 0.50835738 0.22325118 0.041207707 0.16121023 0.24388055 0.3370275 0.23817852 0.19118082 0.1584269 3.7672103 0.27421017 0.10435786 0.32996066 0.24582917 0.22426216 0.19218377 0.85915534 0.58014105 0.68885975 1.144415 0.9801607 0 0.10957905 0.44191338 0.60399304 0.55963243 0.69070526 0.14705543 0.56913203 0.56881411 0.25132304 0.49574718 0.15317631 0.082200715 0.19815572 0.57535669 0.66304511 1.2471503 0.41251551 0.15497579 0.014588916 0 
0 0 0 0.027945242 0.014539809 0.059377803 7.1054274e-15 0.11194916 0.080339156 0.1017478 0.11253321 0.33866396 0.19249374 0.091962379 0.17111543 0.18404896 0.18402567 0.25850827 48.101348 0.13369352 0.039000679 0 0 0.056039511 0.028031675 0.032347765 0.067455812 0.063011252 0.017842325 0.054044654 0.13413956 0 0.1034943 0.035411938 0.047350976 3.5527137e-15 -3.5527137e-15 0.07535505 0.16533544 0.047009688 0.24183738 0.63884545 19.41137 0 0.32319129 0.40586215 0.14143659 0 0.32965337 0.15133404 0.13377932 0.2999404 0.40071059 0.32132879 0.34244334 0.22918113 2.3457362 1.7374757 0.25221988 0.30077427 0.31227273 0.27808191 0.81300779 0.70214701 0.66402146 0.8344014 1.0449042 0.95187243 0.29167816 0.25485169 0.26670122 0 1.1827131 0.69025638 0.78759357 0.034087754 0.46836158 0.14163396 0 0.51001094 0.096805878 0.2682341 0.60080842 3.1611898 0.89566218 0.37405231 0.058160439 0.019326128 0.065254556 
0 0 0 3.5527137e-15 0.041588628 0.11254624 0.036230453 0.13994728 0.028014504 3.5527137e-15 0.065011782 0.14599728 0.17974644 0.29082695 0.35251487 0.24376511 0.16863571 0.24063403 0.059371479 0.29262191 0.28663945 0.47954927 0.58752693 0.38391934 0.3663259 0.28483724 0.19690115 0.12573485 0.18003003 0 0 0.11986976 0.14514391 0.15153805 0.24961235 0.069442195 0.24034627 0.090590033 0.20490323 0.41798536 0.36023923 0.50329745 274.22975 18.104286 0.68909012 0 0.17883438 0.43014653 0.36994737 0.28908356 0.10159703 0.4391026 0.33593087 0.30674298 0.24829899 0.33038182 3.2118965 1.0325356 3.1057691 0.2492628 0.18912355 0.90668822 0.85572281 1.0301583 0.50634056 0.63225995 1.1477822 0.9060694 0 0.41113787 0.28856682 0.35373556 3.5527137e-15 1.4849583 0.62955692 1.3426157 0.45729187 0.15914365 0.27691994 0 0.34362879 0.45734816 0.42688779 3.0108516 0.008952182 0.630264 0.072190475 0.15006977 0.25840404 
0 -3.5527137e-15 -3.5527137e-15 3.5527137e-15 0.027708523 0 0.049356869 0.14119156 0.028622555 0.039843762 0.11321565 0.1547654 0.22082674 0.24536661 0.17879239 0.10017947 0.3897018 0.42140864 0.50966687 0.30797207 0.22401313 0.093599659 0.57089542 0.25084312 0.047388374 0.36813136 0.11137736 0.16384835 0.023199353 0.10319484 55.462304 0.067957601 0 0.05690242 0.13438695 0.066980775 0.1809911 0.28999964 0.5999153 0.43025341 0.57979387 0.65471029 56.872081 6.560456 21.802672 3.7007587 0.019483826 0 0.51769826 0.27419947 0.29700107 0.32253627 0.21735775 0.26729811 0.14913531 0.16246248 2.8954075 1.6742694 2.8246278 0.28674402 0.54270077 0.7604091 0.83079309 1.0561001 0.86948631 0.52336077 0.81685735 0.77054744 0.22815699 0.54014276 0.17046122 0.50524316 0.6247935 1.0026401 1.1654504 0.38632498 1.2388968 0.56797982 0.19277689 0.5032899 0 0 0.619004 2.3181362 0.66197397 0.87475563 0.065153228 0.071288045 0.056486449 
0 0 -3.5527137e-15 0 7.1054274e-15 0.043506515 0.096148157 0.055948609 0.11251311 -3.5527137e-15 0.10683951 0.14581997 0.077295406 0.30868987 0.28051586 0.29668125 0.28689893 0.085001271 0.41385405 0.78106684 0.42731133 0.26842668 0.38722373 0.26113574 0.19944194 0.17229727 0.085245352 0.14202158 0.13809968 0.020731981 0.044125484 40.446106 0 0 -3.5527137e-15 0.33393529 0.21552063 0.29832966 0.30973747 0.49364782 0.58713681 0.73318825 0.40272167 0.50633136 3.9472904 10.564963 12.548316 0.22051387 0.25873755 0.40496195 0.29636579 0.22699724 0.16027436 0.32693861 0.36070698 0.28914472 0.70760675 2.5509334 1.7055726 0.57140252 0.74447473 0.89516798 0.59745862 0.81715718 0.77921834 0.61134486 0.66973853 0.61856532 0.15829588 0.69252275 0.32549896 0.42204973 0.6988554 0.59815076 1.544157 0.69528734 0.75172596 0.76185672 1.0186475 0.28613555 0.19935998 0.42453353 0.63038694 2.3630219 1.5477791 1.3386404 0.031416465 0.032366535 0 
0 0 7.1054274e-15 0 -3.5527137e-15 0.033860328 0.040442518 0.068925592 0.0747877 0.030436185 0.1053978 0.099208723 0.14649257 0.14859456 0.27385284 0.15696192 0.20142265 0.19692398 0.2295581 1.0509901 0 0.48637553 0.37013162 0.37856878 0.17680625 0.29684955 0.25916852 0.12795352 0.084318722 0.12092399 3.5527137e-15 0.14021966 0.136833 0 0.23111625 0.21941241 0.56324635 0.70262552 0.7279027 0.44244439 0.45697539 0.33247245 0.20595843 0.2932866 0.23993389 0.18572593 11.746664 11.698399 6.3517613 1.6806656 0.33579842 0.60133535 0.51441222 0.36859048 0.16029642 0.1775432 0.3598096 2.8163728 1.7611411 0.74146417 0.871872 0.82960991 0.83338101 0.85002702 0.87012263 0.63532844 0.82948182 0.58366199 0.22508868 0.40137324 0.28945648 0.41839904 0.53434715 3.3632238 1.1657536 1.9643463 0.6436354 1.1263572 1.0219668 1.1744918 1.0243624 0 0.52714591 2.2813182 1.3071056 1.8941381 0.17264006 0.0060428628 0.0041462553 
0.018819257 7.1054274e-15 -7.1054274e-15 0 -1.7763568e-15 0.051396936 0 0.11578471 0.03184219 0.0689301 0.23262215 0.17142304 0.17778091 0.18587141 0.30273774 0.24133445 0.34210726 0.20903842 0.24323829 0.82268109 0.010499945 0.64724429 0.36091319 0.58462235 0.025203968 0.29940552 0.2337206 0.10583752 0.11778526 0.13952727 0.074299896 7.1054274e-15 0.12707773 0.24322737 0.0017780961 0.1745553 0.57552971 0.39871536 0.35159812 0.3908212 0.38022723 0.43830713 0.34873152 0.22575017 0.4226875 0.41809823 0.5913305 9.828639 2.4409091 7.1454096 6.3110613 8.2302065 0.47515672 0.52470762 0.3587125 0.12610495 0.10905102 2.6483347 2.5006662 0.89871997 1.0234872 0.96937059 0.71244059 0.76205678 0.64194453 0.53642808 0.91806139 0.45607594 0.19517918 0.32426994 0.44172088 0.44418716 0.56715207 0.72426208 0.50709247 1.3074588 0 1.0850937 0.65554082 0 0 0.36950905 0.53359545 2.5861892 0.11486158 2.1941101 0.15563112 0.071180765 0 
0 0 0 0 0.032328863 3.5527137e-15 0 0.10794267 0.043768175 0.070846376 0.22709884 0.1216424 0.16008685 0.19977864 0.29367156 0.14939157 0.28076231 0.39014635 0.26499131 0.60122594 1.7069804 0.50672948 0.64871899 0.69295224 0.33641457 -3.5527137e-15 0.21982638 0.11306009 0.23043859 0.087479018 0.068635706 0.016658597 0.049221656 0 0.037844974 0.21339306 0.25973441 0.24258983 0.15487572 0.24767189 0.16632797 0.29774916 0.2084334 0.24456062 0.35674493 0.52015187 0.31890997 0.28718899 0.3696283 0.42003781 222.96132 2.4032113 9.1128206 0.23982324 0.32060421 0.32034816 0.1241441 4.2764158 2.736794 0.56455788 0.81765714 0.68586445 0.83262517 0.72373467 0.80848954 0.91652143 0.64202993 0.58270227 0.10169517 0.40564707 0.29208438 0.15003741 0.44059887 0.37903502 0.50332057 2.1315398 0.21344605 0 0 0.81869628 1.7100404 0.18272442 0.54082389 4.4338659 1.7614496 1.7540503 0.28289877 0.14780507 0 
0.0045307839 -3.5527137e-15 0 0 3.5527137e-15 0.033000731 0.045229178 0.033503343 0.055404579 0.13047812 0.079995827 0.066154018 0.17496227 0.22476093 0.094173638 0.21509241 0.25982053 0.19403473 0.1637088 0.33410786 0.60196765 0.6560426 0.61249571 1.1964404 0.4033716 0.28181197 0.026254317 0.2716299 0.11518644 0 0.066936142 0.18448101 0.023029194 0.17847043 0.19846073 27.683387 0 0 0 3.5527137e-15 3.5527137e-15 3.5527137e-15 7.1054274e-15 0 -3.5527137e-15 -7.1054274e-15 1.7763568e-14 0.13762047 0.03769926 0.16994577 0.21675941 0.44232574 2.668595 7.7260753 0.41040931 0.43099695 0.33989222 5.1468964 2.5766491 0.64046794 0.73118998 0.60477833 0.88819211 0.42375604 0.45428455 0.6035025 0.67052142 0.46053374 0.078358365 0.46956268 0.30349155 0.17123387 0.37895878 0.37318365 0.74768852 2.0215299 1.2280259 1.1096318 1.1469743 1.0105975 0.7329189 1.3845677 0.19979755 4.6785645 1.3798806 1.5966977 0.18994882 0.036111857 0 
0.025495049 0 0.0101946 -7.1054274e-15 0.062301246 0.017737888 0.02058693 0.037761942 0.091621074 0.076748697 0 0.20844671 0.20972662 0.14302711 0.097462686 0.2877438 0.34121671 0.36699787 0.30664937 0.26444793 0.23028371 0.54942142 0.69470049 1.7305322 0.50869556 0.55057343 0.32169791 0.43317604 0.16529067 3.5527137e-15 0.039395694 0.17879995 0.16374505 0.13041223 -3.5527137e-15 163.07104 0 0 7.1054274e-15 0 0 7.1054274e-15 0.19265368 -3.5527137e-15 3.5527137e-15 1.0658141e-14 -3.5527137e-15 0.034647811 0.25756103 0.13245826 0.20221873 0.21378188 0.2822157 5.0718976 7.0929265 9.5492102 0.63686546 3.0011522 2.128763 0.57419108 0.70535021 0.45051998 0.28813735 0.24887949 0.47176592 0.19936333 0.39109193 0.51682738 0.07935483 0.36599214 0.15021146 0.058372289 0.29987837 0.40339246 2.0390767 3.1917691 1.5173183 0.98362025 2.6766551 0 0.95489459 1.2018267 0.52553905 2.4444393 1.2389057 2.4984368 0.090797578 0.015193714 0 
-3.5527137e-15 0.036864761 0.0059447873 0.006662491 0.0097143132 0.064792357 -3.5527137e-15 0 -5.3290705e-15 0.18090784 0.044229506 0.038647697 0.2271774 0.15517321 0.28431383 0.21820377 0.192059 0.24677033 0.40679602 0.29557364 0.33166582 0.42366071 0.48614687 0.5485387 2.5217455 0.48016399 0.36687142 0.27393503 0.21257779 0.17236412 0.24344248 0.092528845 0.13420633 -1.4210855e-14 0.14164618 0.29116895 0.25223282 0.38664483 0.44938175 23.666947 0.33402186 0.47712519 0.35828646 0.20438968 -3.5527137e-15 3.5527137e-15 -1.4210855e-14 0.035772763 -1.4210855e-14 0.13180068 0.14954477 0.024016118 0.11180222 0.21981194 53.878986 837.20134 2.1020322 6.5721202 4.0068593 0.79004995 0.47072376 0.5637551 0.31125955 0.57311038 0.16334779 0.19547213 0.36751774 0.54163791 0.19970966 0.24008745 0.1680701 0.12547749 0.2951955 0.41100538 2.660387 2.5516851 2.3037526 2.060625 2.4998148 1.5494912 0 1.7382111 1.0807586 1.5312988 1.5997174 2.3908414 0.089134581 0.03469587 0 
0 0 0.023410418 0 0.0013283599 0.020965507 0 0 0.068992858 0.22029654 0.077529905 0.06095826 0.12093881 0.12359965 0.17060722 0.2229528 0.33893713 0.18813257 0.27478657 0.30764066 0.2303802 0.18622052 0.25404063 0.33637445 0.74469773 1.9430867 1.038773 0.42163599 0.28834987 0.22870039 0.28290659 0.06772962 0.10149029 0.095292651 3.5527137e-15 -3.5527137e-15 0.32543282 0.36471497 0.27867166 3.9805247 0 0 0 0.028378778 0 0.036977517 -3.5527137e-15 0.042508249 -3.5527137e-15 0.054362539 0.055635925 0.098410524 0.080247984 0.17465114 0.083068229 8830.9579 0.31188434 9.8824028 11513.139 0.85122805 0.22617356 0.35158499 0.18915478 0.32178517 0.2561064 0.31737988 0.34728825 0.43011262 0.16093742 0.20554792 0.21722025 0.10081343 0.1372731 0.41749344 1.4804627 3.1688223 3.652397 1.2265012 2.4286474 1.6426883 0 1.2429467 0.85452967 1.0301787 0.42746646 2.7860719 0.080708939 0.026327944 0 
0 -3.5527137e-15 -3.5527137e-15 0.022061307 3.5527137e-15 0.02638446 0.025854636 0 0.049531202 0.22945885 0.098779932 0.19525762 0.13803841 0.11764159 0 0.12173061 0.29517053 0.29457041 0.41971102 0.46062955 1.9162507 1.848124 1.8677843 1.8518221 1.6185837 1.8445486 1.9912091 3.9412534 0.44096237 0.17418125 0.53786687 0.29579963 0.081667151 0.12730417 0.08785297 0.12830091 0.17178088 3.5527137e-15 0.37584908 58.685311 0 0 0 0 0 0.043931928 0.017782329 0.056922608 1.0658141e-14 0.049320601 0.082302115 0.088423619 0.19525164 0.095651369 0.049723404 0.10078476 0.073135624 0.13062323 11.011495 77.434426 3.5970902 0.33711999 0.35855955 0.24976229 0.36775143 0.37308482 0.36700884 0.6580932 0 0.18978593 0.096219815 0.034400126 0.075569684 0.2764368 0.39265421 3.5199939 0.093046038 1.4537488 2.5419436 1.7230022 1.295995 1.288875 0.62957308 2.0663681 0 3.590943 0.29493296 0.0090500939 0.0050859527 
3.5527137e-15 -7.1054274e-15 -3.5527137e-15 0 0.085118629 0.0030917462 -3.5527137e-15 0.10851598 0.099438361 0.10848216 0.096779789 0.1956575 0.11509793 0.21891002 0 0.15419312 0.26709358 0.42211902 0.028422876 1.2215806 1.1493564 0.91612233 1.4005779 1.8056405 2.0487851 3.0012392 0.66575994 2.290992 11.237292 4.1424079 0.36954483 0.28452345 0.10805858 0.23466154 0.1255477 0.14589284 0.19796541 0.31254443 3.5527137e-15 15.686777 0.096563496 0.05670695 0.098245928 0 -7.1054274e-15 0 0.010431209 0.060539874 0.021059848 -1.0658141e-14 0.063475202 0.095598691 0.11261261 0.028974563 0.0361786 0.024474973 0.15435852 0.16330807 0.090200357 632.14389 6.8916332 0.78350799 0.20320157 0.21806243 0.43106703 0.37237539 0.28299636 0.45650917 0.13487191 0.14677989 0.058686972 0.071844661 0.10758727 0.27363762 0.75687427 3.7018675 3.8787534 2.5288821 2.4708065 1.7441133 1.215828 1.3019343 0.880079 3.2263045 1.8092002 4.8152544 0.208473 0.044950011 8.8817842e-16 
0 0.024478265 0.049232115 0.013750344 0 -3.5527137e-15 0.011616519 0.0043510891 0 -7.1054274e-15 0.077770719 3.5527137e-15 0.093070013 0.3612777 0.33399014 0.15823197 0.29845131 0.035448571 0.30265044 0.58523944 0.70862711 1.1889137 1.5447539 1.530918 1.5080026 1.7015721 2.1182854 2.3191698 2.4203616 1.3939814 6.4537098 4.5355513 0.10740456 0.2679614 0.16267659 0.10560386 0.19541698 0.20551871 0.070247145 0.012278762 0 0.1509753 0 0.099559775 0 0.056721779 0.042214389 0.037438292 0.04475768 0.11224954 0.051572176 0.040960019 -3.5527137e-15 0.030707015 0.082591234 0.1477565 0.093787319 0.12977819 0.15659785 174.02739 12.090786 11.601399 0.30178571 0.22738265 0.50544982 0.59369065 0.38022027 0.27006317 0.19017263 0.35560605 0.10567368 0.066626924 0.095207412 0.17234894 0.42609353 2.7736436 1.9953683 1.6279119 4.2149959 1.5112046 1.1083533 1.7467145 1.7542072 1.6595668 1.2209836 3.4439123 0.21093604 0.011885797 0 
0 0.090521883 0.059185636 0.050033212 0 0.073287646 -7.1054274e-15 0.1455952 0.075735794 0.086431671 0 0.1337044 0.12091533 0.090927395 0.24690794 0.20259244 0.17866003 0.21923288 0.35346862 0 0.39009536 0.81589954 0.98424414 1.3601697 1.3075741 1.6021405 1.2856706 2.4127966 1.5712484 8.628401 4.1521964 0.77270637 12.728263 3.1983869 5.2770897 0.25908302 0 0 0.42258354 0.16588158 0.34922864 0 0.096465226 0.043605092 0.09462871 0 0 0.075573156 0 0.040999208 0.065843428 0.083210265 0.099556413 0.13518931 0.14757117 0.1380259 0.079026954 0.1018025 0.08295774 0.22574551 11.785824 3.1750831 17.489157 0.63101069 0.50073506 0.53453881 0.64358831 0.14914659 0.23869632 0 0.16326306 0.13760777 0.20877989 0.16859349 0.25116394 3.8711245 1.2530386 3.3283191 0.053157282 1.0310432 0 0 0.15403959 2.303378 2.0657389 0.65123054 0.085124256 0.052115673 0.51566453 
0.048110505 0 0.1354773 0.091815027 0.086798952 0.19105629 3.5527137e-15 0.040509902 0 0.24944609 0.0040642757 0.087530592 0.10222022 0.3666958 0.17232513 0.18954426 0.18789137 0.25831209 0.28146032 0 0.43382557 0.77044149 0.58789714 1.0633504 0.7549576 0.98399747 1.1025571 1.0229438 1.1952127 1.3919597 1.2990703 1.5145368 1.5297292 7.4746803 7.0634462 2.5754565 0.18219973 0.40039105 0 0.39375322 0.41480009 0.44477033 -3.5527137e-15 0.17226179 0.078402339 0.022203905 0.041151254 0.03500036 0.082845591 0.064834738 0.15717946 0.15693104 0 0.083029452 0.09880484 0.098601509 5.5511151e-17 0.095406913 0.084718611 0.073007138 0.16041941 0.78039959 2.6697564 1328.0405 1469.0162 0.78437789 0.53505402 0.27936991 0.2529076 0.26843353 0.38808118 0.09786423 0.055636973 0.11864975 0.14341069 5.5345911 1.4254245 1.8990545 4.4528776 0.017971764 0.43402006 1.4677102 7.0691338 1.4203555 2.0885379 0.38367145 0.047349126 0.030726129 0 
0.12215185 0 0.092473726 0.23055492 0.10966299 0.25579308 0.059366357 3.5527137e-15 3.5527137e-15 0.040476498 0.12484317 0 0.4161244 0.24372098 0.15161666 0.14446673 0.20153749 0.12650439 0.1913363 0 0.61944747 0.464535 0.67903841 0.62095204 0.50295828 0.65213623 0.77143482 0.93176033 0.99758842 0.88558237 1.0625134 0.69479389 0.54064725 0.58541717 0.59483209 1.8359851 13207.856 0.27742262 0 0.46109901 0.37919775 0.235101 0.26406703 0.085168709 0 0.049112402 0 0.051313505 0.039444699 0.024791966 0.077714536 0.057240029 0.13373129 0.086261397 0 0 115.40587 0 0.024033778 0.016339448 0.01128904 0 0.0716711 282.78686 281.00849 0.54521167 0.32337311 0.25771027 0.62975286 0 0.35576903 0.31282444 0.20797581 0.11171236 0.18086141 7.5531431 1.9895644 1.4356344 3.5193153 4.7222777 0.0051112318 0 5.9178179 1.5630122 2.891191 0.13746085 0.10136928 0.030154626 0 
0.00093366788 0.032468651 0.015210665 0.12551109 0.28014478 0.11593863 0.2233964 0.038983054 0.15333591 0.072688682 0 0.17346587 0.12671296 0.0048151219 0.27132704 0.11417309 0.13450105 0.18138461 0.17454997 0.309006 0 0.3807837 0.32470134 0.40937424 0.23398506 0.20387828 0.51943836 0.67403807 0.8319994 0.68225049 0.41614464 0.31796051 0.41550197 0.054763531 0.17249887 0.32652854 0.13041008 262.41315 0.62427813 0.45602768 0.30903664 0.32825093 0.073815244 0.22874152 0.049464226 0 0.062636522 0.069408133 0.082810121 0.02779848 0.047897155 0.090695896 0.076662623 0.10009034 0.11897789 132.79851 0 0 0 0 0 0 0 74.531523 148.69568 0.31802896 0.19558508 0.29048124 0 0.16227391 0.21378581 0.29009244 0.38239364 0.38347817 0.56523015 9.0108888 2.6228065 1.170619 2.0505633 5.0179862 1.387046 6.8514367 0.0033386132 2.2435848 3.9682297 0.12892966 0.14673114 0.033272117 -3.5527137e-15 
0.019655935 0.0014772595 0.027765045 0.16204025 0 0.37374629 0.13835484 0.11955144 0.18540463 0.25023654 0.19710054 0 0.069603552 0.040213173 -3.5527137e-15 -3.5527137e-15 0.31279163 0.14044112 0.12399851 0.25044672 49.330336 19.509741 0 0 1.110223e-16 -7.1054274e-15 3.5527137e-15 -3.5527137e-15 3.5527137e-15 0 3.5527137e-15 0 0 0.070491035 0.065022899 0.16845357 0.13255079 238.27544 0.054673906 2.0281783 0.81672775 0.55200905 0.17194908 0.17370958 0.37115414 0.089112348 0.085826664 0 0.15844923 0.15041024 0.1451358 0.10002299 0.056121247 0.029378923 0.070388608 0.079960619 0.10021235 0.15387296 0.19580609 0.17400319 0.15859402 0.14992927 0.12959737 166.64499 0 101.03063 108.18116 186.2508 271.13314 0.14097342 0.13672293 0.20756761 0.26731474 0.28428198 0.83781082 6.3718498 2.6589195 1.3998912 1.4735927 4.0736784 244.69048 517.21871 3545.2348 4211.7424 3.490327 0.06354928 0.081256495 0.038600225 0.028362934 
0.023533915 0.057283199 0 0.034842083 0.083917765 0.091765107 0.042081927 0.21791866 0.073443433 0.15334321 0.16673899 0.14958979 0.21441104 3.5527137e-15 3.5527137e-15 0.2944833 0.032346919 3.5527137e-15 0.48562985 0.43726202 32.052935 0.43162423 0 0 0 0 0 3.5527137e-15 3.5527137e-15 0.027420848 -3.5527137e-15 0.028270669 -3.5527137e-15 -7.1054274e-15 0.099758512 0.25721089 0.17100714 0.18428918 0.64289324 0.52021524 1.9843244 1.1900231 1.2519471 2.6631204 0.11132805 0.33400847 0.029196321 0.048403452 0.092168081 0.016960131 0.20164505 -3.5527137e-15 0.11405161 0.062102376 0.18737387 0.17339269 0.096180742 0.097492767 0.080531411 0.094643898 0.20117622 0.10524017 0.12595019 182.69013 0 0 0 0 0 0.1224545 0.18107269 0.19977184 0.042730082 180.56463 0.78799712 452.48736 4.3576157 1.9645335 1.966958 3.6857891 239.55212 6.1095602 0 11.306268 386.14665 0.057119122 0.063448392 0.052845235 0.032882563 
0.0089113311 0.013098607 0.055513735 0.0010427025 0.095627996 0.10793392 0.065352203 0.10083136 0.36521643 0.1838958 0.19434167 0.12219596 0.27519908 0.18168715 0.045663923 0.10860162 0.17982466 0.17700731 3.5527137e-15 0 0.6287896 26.925257 0.62523489 0.45144156 48.261523 0 0 0 3.5527137e-15 3.5527137e-15 3.5527137e-15 0.029883735 0.21261045 0.077732977 0 0.20242746 0.31022193 0.14628807 0.46969292 0.24574635 0.23594569 0.42168575 1.1944159 1.0403297 3.4966851 0.32734904 0.12693668 0.11126686 0.20649876 0.11809448 3.5527137e-15 0.056040843 0.035765573 7.1054274e-15 0.06199073 0.094233564 0.016158494 0.050602749 0.12291054 0.12206972 0.092155477 0.15507634 0.19735064 170.63689 0 0 0 0 0 0.12957359 0.16293436 0.092449284 0.24909504 60.953201 240.03523 79.812474 1073.64 1960.1228 2700.307 1663.7179 208.68171 0 0 0 117.53131 0.11219808 0.018773211 0.042994331 8.081699 
0 0.023462311 0.050193536 0.0083297651 0.075140719 0.053392129 0.072922851 0.086160359 0.11882514 0.15560584 0.32892649 0.37951022 0.16957247 0.21919592 0.15364079 0.28490666 0.10463737 0.25240761 0.21984499 0.47084549 0 0.3414107 0.52261838 0.33250916 14.750339 0 0 0 -3.5527137e-15 0 0.097988843 0 0 0.2414756 7.1054274e-15 0.092035252 0.12064705 0.29755806 0.34442543 0.56319548 0.049996786 0.13686449 0.23647568 0.39799766 2.1406312 3.0997711 3.3664649 0.14520386 0.10436065 0.035467957 0.11481232 0.034157325 0.13836098 0.22068637 0.039385187 0.16162323 0.12381381 0.20122943 0.043615897 0.13861005 0.18821828 0.10812607 0.16662455 0.15943984 169.19246 0 0 0 0 147.69552 0.12676987 289.77596 357.75724 8.8433582 47.614511 0 0 0 0 0 0 0 0 0 95.127753 0.075325493 0.11724101 0.074984362 0 
0 0 0 0.024330101 0 0.072278735 -3.5527137e-15 0.12242451 0.099408214 0.1181145 0.45601595 0.84110164 0.25700235 0.072754798 0.2991636 0 0 0.35034556 0.26797358 0.63899476 0.24158001 0.41254919 0 0.35312146 0.34025745 0.25335059 0.13020804 0.054378984 0 0.010359152 0.08737386 0 0.045379844 0.045709975 0.090531108 0.087584011 0.18032844 0.37418154 0.30499665 0.37366992 0.34017741 0.29768126 0.092182982 0.1611726 0.27972121 2.567211 0.82419477 4.8234701 3.4979693 0.1160382 0.078695861 0.15385338 0.085048658 -3.5527137e-15 0.20051393 0.12763013 0.096828682 0.18190636 0.25419873 0.093153121 0.21630766 0.18886972 0.24610513 0.15237175 159.4551 0 0 0 0 0 135.61611 66.947251 0 0 0 0 0 0 0 0 0 0 0 0 50.913085 0.14117627 0.042623227 0.050531467 0 
0 0.030191275 3.5527137e-15 0.017338612 0.16337197 203.74621 0.16394783 0.075002824 0.093965123 1.0658141e-14 0.12225566 0.18359956 0.30616069 1.0354362 0.26119426 0.0026880574 -3.5527137e-15 0 0.63737119 0.57324583 0.32377182 0.41443165 0.41194622 0.24043771 0 0.027158913 0.11342528 0.13799812 0.10985662 0.031782342 0 0 0 0.095256473 0.1324688 0.26597448 0.1069784 0.36267396 0.31124274 0.28026073 0.25718583 -7.1054274e-15 0.29137117 0.099016905 0.13052959 0.30910134 0.058841069 1.8963738 4.115161 1.2980575 0.029337792 0.079718392 0.16094946 0.11302854 0.021473869 0.1489398 0.24165548 0.44626192 0.37747871 0.17868764 0.17038881 0.34668272 0.22190217 0.26120076 119.22606 0 0 0 0 0 0 0 0 0 0 0 0 0 0 0 0 0 0 0 0 98.586855 13.061654 0 0 
-3.5527137e-15 0 0.018033549 0.062441987 0.09888356 321.00779 0 0.098421509 0.086024979 0.14175569 0.24525237 0.37304664 0.18065767 0.79806032 1.160291 0.30994002 0.28079742 0.55848775 0 0.49165679 0.51911719 0.55344352 0.34681697 0.71174694 0.27701166 0.23415467 0.034492183 0 0.043882732 0.038653023 0.044719075 0 0.16329171 68.615896 0.015251657 0.059124274 0 0.15192771 0.13713684 0.031564264 0 0 0.049920713 0.16891822 0.20382744 0.051263697 0.12586757 0.091446134 3.5326753 4.0374001 2.2144476 3.7329466 0.41140843 0.13405501 0.13767632 0 0.27214927 0.20313844 0.28766875 0.18232842 0.18626035 0.28914572 0.25013378 0.25887032 144.42999 0 0 0 0 0 0 0 0 0 0 0 0 0 0 0 29.758375 0 53.257513 65.436553 0 0 39.978909 15.08206 0 
0 3.5527137e-15 3.5527137e-15 -3.5527137e-15 7.1054274e-15 124.8252 0.047302518 0.049091582 0.3822524 0.16543878 0.11781014 0.17898407 0.39484952 0.7364702 0.87607731 2.1143655 0.07381841 0.60268378 0.62181796 0.52826313 0.3829592 0.53939218 0.49146208 0.37395131 0.18324795 0.40081348 0.40350259 0.063187786 0.012305619 0.053129557 0 0 0.16113392 46.060342 0 3.5527137e-15 3.5527137e-15 10.602689 3.5527137e-15 0 -3.5527137e-15 3.5527137e-15 0.070862333 0.057620433 0 0.039452652 0.087504081 0.19105913 0.26298429 0.12940608 2.1796523 1.3166435 6.8253145 0.054734629 0.15471234 0.12997316 0 0.021008701 0.18348315 0.052539751 0.164418 0.1095404 0.19930694 0.30338169 191.82792 0 0 0 0 0 0 0 0 0 0 0 0 100.4867 54.221224 51.889329 88.156078 155.31897 0.21575613 0.12337892 217.0419 165.61132 0 0 0 
0 0 -3.5527137e-15 0.033431633 -7.1054274e-15 -1.0658141e-14 -1.0658141e-14 0.019816288 0 0.1121865 0.3883239 0.15695862 0.19309469 0.23303647 0.70955464 1.8825467 1.6069334 0.016508011 0 0.54375827 0.41615717 0.62636899 0.3529638 0.27761327 0.29516927 0.25242299 0.31874864 0.18097341 0.070258228 0 -3.5527137e-15 0.02588281 0.04597473 0.11118881 26.136003 0 0 53.054671 0 0 3.5527137e-15 0 -3.5527137e-15 0.048368646 0.06622575 0.16542734 3.5527137e-15 0.091460281 0.13998688 0.26910355 0.0013162792 2.5620272 6.4893276 7.9724017 0.15299958 0.19134978 0.16426759 3.5527137e-15 0.21071542 0.17123518 0.14112361 0.2180643 0.13109502 0.045393048 293.73409 0 0 0 0 0 0 0 0 0 0 93.945272 161.87927 6.6613381e-16 -7.1054274e-15 0.073153295 0.064120383 -7.1054274e-15 0.17695866 0.16129935 0.16985399 0.16326825 245.61034 128.18241 0 
0 0 0 0 3.5527137e-15 0.015911588 0.072977232 0.0788567 -3.5527137e-15 0.083218379 0.24492841 0.93849407 0.76037126 0.46360563 0.3185434 0.77366268 1.5713376 3.0815737 0.26577571 0.51525979 0.31160908 0.49446512 0.39576204 0.36432838 0.39793107 0.2356189 0.31839712 0.34684963 0.15287844 0.21160915 0.04771798 0 0.022232551 0.11237319 11.661509 0.24144194 0.11798027 0.089012919 0.09592871 0.097103174 0 0.085807815 0.03334927 0.045251721 0.061060797 0.1444017 0.10528299 0.091806449 0.20670421 0.025725781 0.25352252 0.30704087 4.2125118 1.9029679 6.7469923 4.4543905 0.15816395 0.28633461 0.018266212 0.16001271 0.17524204 409.79208 0 0.12376691 416.12156 0 0 0 0 0 0 0 0 0 273.06057 0.1526409 0.097093226 0.08070086 0.065639276 0.047484317 0.045270795 0 0.14335876 0.28870426 0.22720399 0.45061228 0.25026082 0.41111608 146.37577 
0 0 7.1054274e-15 -3.5527137e-15 3.5527137e-15 1.0658141e-14 0.0081413512 0.095047218 0.076375067 0.064355175 0.039519138 0.13976353 0.97800052 1.3660169 0.19283459 0.93228925 2.1884871 1.5860091 3.6168509 0.56432044 0.32819492 0.54602846 0.45522065 0.46518985 0.36063363 0.3409027 0.43809048 0.31308468 0.10112 -7.1054274e-15 0.13526131 0.0059976344 -7.1054274e-15 0.14441766 0.1162282 0.1886351 0.046676435 0.1094618 0.063238935 0.035775817 0.09546383 0.034008248 0 0.052762841 0.017289051 0.115003 0.086938902 0.10278825 0.20515305 0.28252135 0.12194402 0.16613445 0.39042209 1.9533649 2.7549311 1.8426687 8.0667954 2.8288089 5.9065577 4.1801226 0.23232547 137.90443 0 0 267.31965 0 0 0 0 0 0 0 0 124.78256 0.20127076 0 0.14221866 0.15601063 0.020315567 0.088190557 0.11554317 -3.5527137e-15 0.094294485 0.11147192 0.28730619 0.22207187 0.32273463 0.11522717 156.93741 
0 0 0.010568277 0 0.030992604 0.079441229 0.10117343 0.13082033 0.14845147 0.15476585 0.13059794 0.16417411 0.03954005 0.084181915 0.1279438 0.0038397773 1.3016286 1.1302533 1.538442 2.6243843 0.89530772 0.44093208 0.41921083 0.43674293 0 0.36453529 0.37415458 0.30082509 0.19917349 0.13808467 0.20987882 0.072186474 0.019722361 0.079745773 0.18883577 0 0 0.048958594 0.023814357 0.053752165 0.10763911 -3.5527137e-15 0.075748836 0 0.051876946 0.069038368 0.31964966 0.12124891 0.25284343 0.32568499 0.27933167 0.36300334 0.41072465 0.55339265 0.017097751 5.6342721 1.4737034 419.33603 1.3912689 0.83023021 3011.9834 7.3641849 0 0 0 0 0 0 0 0 0 0 0 194.33458 0.086990293 0.14300861 0 0.018550851 0.15973512 0.041901065 0.016084018 -3.5527137e-15 0.090438297 0.10108377 0.23007406 0.21394285 0.27815043 0.19761751 351.23868 
0 0 0.0040531258 0 0.0013048974 0.0052900719 0.09389831 0.13189649 0.17478069 0.12868245 0.052153011 0.085049918 0.16093461 0.17317755 0.26251811 0.35439103 -3.5527137e-15 2.440386 1.3958572 2.3027037 1.5307671 2.894377 0.36444462 0.27480439 0.27105588 0 0 0.30022556 0.25498879 0.16844013 0.20645072 0.10449683 0.16095408 0.1094362 -3.5527137e-15 0.12357375 0.25386554 0.062304927 0.052653264 0 0.097470413 0 0.023356916 0.076511544 0 0.029618058 0.048524898 0.19558656 0.16724632 0.30503417 0.13543497 0.28561995 0.34924787 0.49510657 0.34307599 0.44494643 3.6238556 1794.4638 1287.4174 1849.8822 0 0 0 0 0 0 0 0 0 0 0 0 119.38825 0.16496979 0.078227945 0.16666469 0.20131496 0.081357258 0 0.10777957 0.068670094 0 0.080607817 0.24787709 0.27540225 0.3341122 0.19116963 0.4307926 0.19059395 
0 0 0 0.010667005 3.5527137e-15 0.080345525 0.10586651 0 0.0052584662 0.13583205 0.1622227 0.092490553 0.17777767 0.33857073 0.47297776 0.5816137 0.72534094 0.0023408797 2.9923759 1.6501886 2.5031603 1.6443455 3.3141662 0.6364246 0.023956268 0.35606763 0.22776621 0.2885336 0.23000043 0.19324015 0.22696481 0.23177939 0 0.13159288 0.092406118 0.085542267 0.089166008 0.053198833 0.14368658 0.052310341 0.035608373 0.078803554 0.012587531 0 0.037615256 0 0.11556543 0.081734953 0.21292853 0.23011999 0.15931912 0.23698963 0.23995435 0.43103982 0.52866376 0.47195496 0.78183164 360.06624 115.49599 13.776124 0 0 0 0 0 0 0 0 0 0 0 0 140.37186 0.17192133 0.2300821 0.11606763 0.10762239 0.11328108 0.054019261 0.041987291 0.16502215 0 0.092857981 0.27920682 0.072713364 0.43641375 0.53399285 0.23512024 0.22448226 
0 0 0 0.010755334 0 0.029633909 0 0.071794276 0.091402983 0 0.11119553 0.5371617 0.53792224 0.3348478 0.40073417 0.62220228 0.42367392 0.38279792 0.61116826 1.1706022 2.9223242 1.3103519 2.4310158 3.2040883 1.3624988 0.036895788 0 0.22753037 0.27602657 0.12609548 0.24907332 0.14792549 0.099230671 0.12287152 0.059694612 -7.1054274e-15 0.033895849 0.15338218 0.137169 0.09138209 0.056861806 0 0.076915759 0.027777484 0.037269918 0.092140575 0 0.15098094 0.15973014 0.19339451 0.37649819 0.32299765 0.5096286 0.50102936 0.84663912 0.66692238 0.5255577 343.35659 0 74.829655 0 0 0 0 0 0 0 0 0 0 0 0 310.46107 0.18099659 0.13338915 0.07135741 0.13771313 0.087159749 0.1098479 -7.1054274e-15 0.14304961 0 0.049303348 0.31936883 0.2174551 0.32980976 0.29101656 0.19103165 0.27766763 
0 0 0 0 0 0 3.5527137e-15 0.1943769 0.34674886 0.018703987 0.33905901 0.23278371 0.40594207 0.14819084 0.18196241 0.22160471 0.19142936 0.13431787 0.104277 0.1299548 0.037388388 3.4968995 6.3499347 357.59157 3.9517719 5.1342687 0.22807877 0.14492968 0.1897533 0.077602023 0.1409006 0.2390082 0.1281762 0.16716911 0.081085332 0.18672139 0.11607281 0.07075621 0.11116321 0.14695699 0.13954902 0.081419302 0.022019823 0 0.036186112 0 0.025150377 0.096928011 0 0.2066768 0.21502129 0.35102666 0.4026566 0.45707029 0.48084059 0.65560594 0.56869324 261.03129 89.598878 37.970262 0 0 0 0 0 0 0 0 0 0 0 327.5741 0.086900382 0.16154758 0.20641087 0.22133138 0.10893795 0.20943785 0.11509369 0.053462365 0.095664445 0.1974534 0.10315561 0.19281072 0.25372715 0.085079816 0.30960679 0.4072413 0.1527702 
0 3.5527137e-15 0 -8.8817842e-16 0.037816848 0 0.061426247 0.19286252 0.20541014 0.19229672 0.1404325 0.22286846 0.25730988 0.20319758 0.22096942 0.33398846 0.13117175 0.24302123 0.17512416 0.30509755 0.46402358 0.48128817 0.90685376 852.35799 4.1481389 2.5732206 12.602715 1.0949812 0.26629877 0.12269101 0.089624338 0.32699599 0.18161166 0.20432581 0.16867622 0.13783443 0.29094676 0.24393573 0.20636645 0.2008576 0.27707829 0.22937199 0.26599584 0.10992347 0.028381343 0.049631514 0.080643969 0 0.16614712 0.0096668927 0.27557372 0.48808526 0.50346844 0.39152543 0.58717476 0.6100306 0.57928706 0.68113511 276.9193 25.089973 0 0 0 0 0 0 0 0 0 0 0 430.61303 0.155152 0.29799066 0.17462543 0.11168132 0.075115386 0.038195508 0.10129763 0.10748931 0 -2.8421709e-14 0 0.1364103 0.083306927 0.082179611 0.049716532 0.25649259 0.16886543 
0 0 -3.5527137e-15 -3.5527137e-15 0.024414272 0 0.030140725 0.034055079 0.24752333 0.11964651 0.096713762 0.13227107 0.18978752 0.18681814 0.15516366 0.17921993 0.20656967 0.28168694 0.34962081 0.4047264 0.33169846 0.36433863 0.2734146 136.62513 0.51845754 1.1222511 3.4735572 6.8285468 2.8029348 7.5464823 0.041046477 0.25996916 0.34296419 0.259417 0.17044688 0.23700977 0.31864339 0.3156883 0.21531292 0.19025925 0.31337853 0.077624645 0.05068213 0.11032858 0.02136025 -3.5527137e-15 0.19124841 0 0 0.035643455 0.23439958 0.16791127 0.1236873 0.40319861 0.54670746 0.45438528 0.63470942 0.59423803 256.15925 0 0 0 0 0 0 0 0 0 0 0 294.73248 0.34196063 0.23598327 0.18285679 0.12956603 0.12677759 0.052777881 -3.5527137e-15 0.030569868 0.091891971 0 0.098258148 0.25018674 0.011259906 0.17784301 0.26162928 0.2353805 0.12384613 0.22586285 
0 0 0 0.035914159 0.013053866 0.022673844 0 0.059839554 0.017020115 0.066194318 0.01782361 0.19250914 0.15182623 0.1753731 0.1268948 0.17062502 0.2121401 0.35812093 0.42477953 0.32735995 0.50553951 0.30255214 0.46544863 0.56330806 0.50566048 0.45349047 0.63957123 1.4000329 1.5804218 0.99854082 12.442229 0.229632 0.20574676 0.1809649 0.19501271 0.25156571 0.49078523 0.022314938 0 0 0 0.062496075 0.10918418 0.21594091 0.069262811 0.084272736 0.20069356 0 0.037964546 0.21618608 0.23099742 3.5527137e-15 0.21896942 0.43187304 0.41265843 0.2922078 0.41311115 0.45699176 261.40629 -1.7763568e-15 68.990287 15.285467 0 0 0 0 0 0 0 0 281.04149 0.1712967 0.175822 0.2365229 0.28995821 0.20244129 0.034630789 0.059926899 0.078197845 0.23297983 0.096143527 0.14399584 0.052349414 0 0.10593848 0.28517785 0.15050146 0.059071078 0.18784485 
0 -3.5527137e-15 0.0082091626 0 0.020765772 0.051741883 0.039354819 0.051276702 0 0 0.10970265 0 0 0.052493885 0.12343604 0.24119512 0.50797408 0.3362629 0.3796655 0.38409442 0.36745768 0.58074405 0.33085652 0.28118782 0.23672014 0.35684346 0.38709569 0.51302897 0.53997785 7.7216338 2.94521 6.7512811 5.4572955 9.5700277 0.17876639 0.21211076 0.0056972761 0.26680139 0.42464522 0.38106575 0.19890743 0 0.20860206 0.1094579 0.19248899 0.039096615 0.2179515 7.1054274e-15 0.072970881 0.080567131 0.22280732 0 0.20021468 0.2786318 0.17420648 0.44895095 0.61752884 0.69257633 20.127423 48.025197 0.2942204 2.2034243 0 0 0 0 0 0 0 0 322.11854 0.18062431 0.099092595 0.1318837 0.070101477 -7.1054274e-15 0.068661387 0.12048988 0.19796622 0.14791806 0.15559278 0.12900598 0.15141097 0.090198342 0.060077163 0.12485188 0.098682052 0.18747424 0.1472188 
3.5527137e-15 3.5527137e-15 0 0.010468459 0 0.023569863 0.074117069 0.11638887 0.043535495 0.030786498 0.12659775 0.1264551 0.21236807 0 0.10970796 0.38581925 0.1836508 0.21745283 0.36732788 0.25721159 0.29792312 0.21218806 0.099755872 0.30105948 0.47135183 0.39530291 0.28898336 0.36085203 0.64878541 0.73661445 1.8629255 205.73078 1.8816883 2.5387018 18.369643 0.25754197 0.03254762 0 0.57507758 0.52877963 0.26113388 0.36677632 0 0.1503936 0.18272123 0.23026294 0.13447105 0.21954258 0.020006678 0.027159723 0.10734644 0.19317367 0.18144997 0 0.35632976 0.21902403 0.8243147 0.66050043 0.40832219 0.31939047 0.27026223 1.4234718 9.3253888 0 0 0 0 0 0 0 317.2244 0.26436817 0.18878556 0.079376802 0.064446391 0.078056137 0.071177111 0.028437306 3.5527137e-15 0.15383193 0.070900646 0.0007726677 0.11507514 0.082827544 0 0.070296099 0.10523523 0.095718554 0.095630837 
-3.5527137e-15 0.043660793 0 0.017090316 0 -7.1054274e-15 0 0.10165711 0.17484858 0 0.090751004 0.12831268 0.098382056 0 0.16402876 0.12894722 0.28920928 0.12433485 0.17767799 0.32568338 0.3216137 0.47221711 0.44826216 0.4756292 0.1999886 0.32581062 0.37509527 0.83187985 0.42450772 0.71185681 0.50159584 0.23860506 0.70892054 12.47685 0.7676479 15.278745 4.4637153 0.741926 0.00043815286 0.59477083 0.52518615 0.3320263 0.3365309 0.25137393 0.17895386 0.25888587 0.1329434 0.20251805 0.134496 0.034081526 0.084492225 0.084330174 0.20764529 0.168286 0 0.27533453 0.42728167 0.37325107 137.37456 43.528851 0 0 0 0 0 0 0 0 0 0 205.03588 0.31109683 0.36960333 0.17682032 0.2255089 0.18477123 3.5527137e-15 0.063064692 -1.0658141e-14 -7.1054274e-15 0.15939946 0 0.087328942 0.019750397 0.08878004 0.085646912 0.023075281 0.078415526 0.056461822 
0 -3.5527137e-15 0.027753967 0.054905631 0 -7.1054274e-15 0.074129799 0.02292733 0.082212709 0.072613943 0.16653228 0.19194736 74.153185 0.053004167 0 0.034039623 0.05105776 0 0.13850614 0.25258129 0.16197055 0.085860121 0.075461508 0.25577878 0.44093889 0.59505855 0.39791086 0.39823726 0.2319443 0.26083058 0.21456688 0.60275252 0.43797054 0.53413141 0.33468108 0.37126819 21.012364 17.427277 0.71950761 0.0027626042 0 0 0 0.21242896 0.23745925 0.27243903 0.082593287 0.06168106 0 0.13114004 3.5527137e-15 0.17460331 0.10048939 0.19038085 0.12447053 0 0.31286164 0 0.38440778 189.62204 0 0 0 0 0 0 0 0 0 0 296.51867 0 -3.5527137e-15 0.46440228 0.2325394 0.098762372 0.13250602 0.11775543 0.14968907 -1.0658141e-14 0.026175505 -3.5527137e-15 0.10078399 3.5527137e-15 2.1316282e-14 0 0.044780293 0.039533294 2.1316282e-14 
3.5527137e-15 0.032527513 0.02994521 0 0.055750948 0.030690736 0 0.0094311694 0.015128649 0.16713215 0.16507779 0.2312216 10.418578 0.026390615 0.18394946 11.368729 0 0.25955463 0.25630714 0.22806902 0.39985323 0.4837488 0.61840653 0.38103737 0.36987925 0.57942037 0.30836612 0.50888695 0.38653031 0.14666981 0.56406528 0.30705826 0.13581387 0.42293259 0.54845598 0.46175253 1.2890093 19.056332 16.784497 1.1999777 0.47496592 0.15222875 0.31280539 0.36595305 0.2949305 0.28428487 0.087669996 0.05502512 0.028115114 0.29771213 0.23671493 0.058419765 0.20300291 0.034052368 0.31982085 0.35359937 0.2824844 0.40546288 0.3760204 129.45836 0 0 0 0 0 0 0 0 0 0 760.33147 0.043327524 3.5527137e-15 0.16597531 0.27216632 0.41775082 0.25107866 0.099909396 0.14500041 0.11805231 0.021622445 0.083872556 0 0.095313598 0.12512343 0.074362747 3.5527137e-15 0.04296093 0.033813793 
0 0 0.050572564 0.069596708 0.034858366 0.070786917 0.11017165 3.5527137e-15 0.041127008 0.052706778 0.09855072 0.043903547 0.14115961 0.1326044 0.094893003 0.13503268 0.23281854 0.2066212 0 0.35660707 0.26489173 0.2122087 0.27178547 0.3394094 0.19754362 0.22352863 0.22574746 0.15499111 0.16143227 0.41700456 0.34556727 0.47867156 0.43539513 0.49632663 0.54613283 0.60913769 0.34974686 0.23539364 14.028485 10.14317 2.4044564 0.31971736 0.21121064 0.25511196 0.2581513 0.24887155 0.11104626 0.077526075 0.088923269 0.24319703 0.11053786 0.2143079 0.0040795846 0.024755589 0.17229081 0.23316192 0.25101853 0.26644815 0.23545774 99.969921 0 0 0 0 0 0 0 0 0 0 669.91204 0.11540511 0.13025544 0.157726 0.17594796 0.14433939 0.20993074 0.25441991 0.075378389 0.13007226 0.11188275 0.064700274 0.0079780824 0.078636271 0.084595516 -1.0658141e-14 0.054481318 0.018020553 0.13928034 
0.011296029 0 0 0.089253342 0.05268729 0.054908622 0.11481479 0.054399247 3.5527137e-15 0.0066234662 -7.1054274e-15 0.12554051 0.074557358 0.071744004 0.13071489 0.055140823 0.13664716 0.12233018 0.1560336 0.13348375 0.23543667 0.39017415 0.28511723 51.594646 0 0.15743245 0.19137062 0.35126308 0.28326804 0.29704133 0.27312606 0.19854584 0.054664783 0.2851158 0.17760685 0.24793153 0.36668724 0.18401207 0.21921343 0.70182419 10.429987 1.6902973 0.79010571 0.12106999 0.23363581 0.24214671 0.11750371 0.1274161 0.14691899 0.30971787 0.11975383 0.031283172 0.097242304 3.5527137e-15 0.12431038 0.27002693 0.1889576 0.11606538 0.10759972 76.225198 0 0 0 0 0 0 0 0 0 0 755.48182 0.32209492 0.41868797 0.064095309 0.18869704 0.097944832 0.068122629 0.087192264 0.098983094 0.0060875928 3.5527137e-15 0.023489797 0.030307825 0.071967639 0.03485564 0.046309617 0.03155575 0.016207423 0 
-1.0658141e-14 0.030462852 0.058221097 0.089643922 0.088721768 0.14020088 0.023430529 0.022725002 0.041531706 0 0.048561918 0 0.068604528 0.17555957 0.11697465 0.21232615 0.31078685 0.323236 0.1213467 0.15535258 0.070084612 0.20750327 0.27746972 0.18990039 24.087449 0.41532624 0 0.082722088 0.18190423 0.27489241 0.26990599 0.33842126 0.61204109 0.57518766 0.55909819 0.40107237 0.49131474 0.42557529 0.2681322 0.35562329 0.6746782 12.841551 9.4615888 0.083770956 0.29389312 0.26825535 0.11946887 0.14367655 0.27231312 0.31059682 0.10428699 0.096271478 0.17655659 0.25848733 3.5527137e-15 0.0016895317 0.18945209 0.11513074 0.10447756 95.045753 0 0 0 0 0 0 0 0 0 390.15169 0.24130953 0.26411746 0.37449299 0.22544749 0.1647366 0.039271293 0.15878191 0.12953019 0.023260329 0.068890012 -1.4210855e-14 0.055482268 0 0.025219137 7.1054274e-15 0.059747072 0.042033255 0 0.03982566 
0.037394143 0.27242395 0.029326573 0 0.039910376 0.1005947 0.091041575 0.11434303 0.067445986 0.0039082128 0.041758678 0.11215549 0.064071429 0.025289481 0.14137284 0.16901831 0.016953701 0.0086386725 0.30296254 0.31634925 0.31711515 0.24164266 0.27899188 0.24936527 0.062008853 0.045545695 0.3477398 0.47027355 0.22052601 0.26383238 0 0.33636273 0.12896325 0.47490881 0.36819925 0.17357559 0.19020483 0.31612335 0.38645491 0.22774552 0.30985101 0.23256554 5.575671 19.286212 0.11508192 0.27060744 0.13535886 0.16201913 0.25411588 0.24325112 0.20997843 0.13022429 0.14065324 0.1838444 0.1455464 0.17800407 0.53196642 0.05591467 128.47023 18.571174 0 0 0 0 0 0 0 0 0 366.56323 0.2949353 0.3043915 0.17494289 0.25426194 0.067168039 0.24022252 0.30877451 0.25267278 0.098738494 0.18032526 0.021191264 1.4210855e-14 0.031910587 -2.4868996e-14 -1.0658141e-14 0 -3.5527137e-15 0.029127005 -3.5527137e-15 
0.13367171 0.09232485 0.02963471 0.076947014 0 0.064302971 0.048036971 0.031506135 7.1054274e-15 0.083592044 3.5527137e-15 0.064939154 0.14930571 0.018409305 0.14101804 0.26020582 0.46131934 0.004257432 0.34231413 0.38346905 0.37911544 0.60327718 0.33042489 0.35440528 0.34065637 0.18514151 0.34909698 0.38913847 0.18688623 0.16173336 0.21910544 0 0.14213341 0.19641635 0.20129289 0.20881398 0.20540775 0.18514595 0.19284462 0.27330044 0.37596325 0.30351218 0.098733034 9.729674 12.139979 0.65320777 0.23086766 0.16226879 0.31575723 0.29844389 0.1597439 0.15667453 0.22606695 0.21297614 0.081698957 0.23311547 -3.5527137e-15 0.13783957 121.49764 0 0 0 0 0 0 0 0 0 0 381.635 0.33652691 0.34168043 0.15083798 0.2236354 0.1074854 0.23810623 0.079098514 0.051445334 0.12902263 3.5527137e-15 3.5527137e-15 0.068095262 -7.1054274e-15 0.046058198 0 0.012775937 -3.5527137e-15 7.1054274e-15 0 
0.13770361 0.16009539 0.22062894 0.10409413 0.13198806 0 0.11546808 -3.5527137e-15 0.092917996 0.060620695 0.30056264 0.23812482 0.27861145 0.14655992 0.37021377 0.10189302 0.50642923 0.33764915 0.028204779 0.36684165 0.27325359 0.38667647 0.33791308 0.32305886 0.3374771 0.31554559 0.47134344 0.48468925 0.23219334 0.037777273 0.054962247 0.13250416 0.20980533 0.13208828 0.32881045 0.189166 0.26566744 0 0.18564461 0.24042865 0.26686248 0.46050588 0.36449689 0.16957459 10.721896 14.769528 10.997212 0.11231784 0.14376214 0.2470674 0.16886331 0.1072827 0.17678616 0.050723752 -3.5527137e-15 0.1456655 0.3086177 7.1054274e-15 0.089858267 71.794775 0 0 0 0 0 0 0 0 70.134992 358.1728 0.32367351 0.43337509 0.28632787 0.25398087 0.20040604 0.20409371 0.206559 0.23801137 0.1291158 0.03572821 0.13802983 -1.0658141e-14 -1.0658141e-14 0.021002131 0.032524112 0 0 0 0 
0 0.26102197 0.25272932 0.27246269 0.10513402 0.18481977 0.12963458 0.022090546 0.14380462 0.14883092 0.18651264 0.065408751 0.3859112 0.21336157 0 0.12677065 0.56202989 0.16864858 7.1054274e-15 0.26151359 0.36018303 0.024866945 0.25345444 0.34511366 0.49887026 0 0.37367672 0.2197129 0.26824274 0.23017175 0.12395144 0.16923198 0.097481528 0.098597802 0.088145653 0.20507365 0.23422206 0.32943112 0.20378994 0 0.13438894 0.11639059 0.22408025 0.14076486 0.36535375 23.589619 1.7273169 21.078385 6.1424375 13.269504 12.971765 0.10264894 0.1688145 0.037507397 0.10469631 141.97885 184.53048 146.98365 0 232.436 0 0 0 0 0 0 0 0 467.19899 0.99658655 2.4096566 0.61856987 0.47869812 0.27739009 0.28634708 0.46585599 0.26103971 0.1956718 -1.4210855e-14 0.18597702 0.12589768 0.038262918 0.042468364 0.03045857 7.1054274e-15 0.028876998 0.018709762 3.5527137e-15 0 
0.24405632 0.0014994111 0.15791848 0.39953799 0.27560335 0.19784603 0 0.18044478 0.13574766 0.14337137 0.13311885 0 0.58144403 0.19640094 -7.1054274e-15 0.22047944 0.40358356 0.30540001 0.50628973 0.47941926 0.87638505 0.31709733 3.5527137e-15 0.29456439 0.42070146 0.27066003 3.5527137e-15 0.28970083 0.26363365 0.030192105 0.20884051 0.21240394 0.19097695 0.26479885 0.15895925 0.040196737 0.19513521 0.22909044 0.15507799 0.1278211 0.25341764 0.18487072 0 0.17857958 0.22408316 0 11.383719 26.390251 3.0018291 1.0759602 16.453854 345.87936 3284.364 130.09029 125.61713 57.700687 0 0 0.49856894 0 0 0 0 0 0 0 0 0 1691.4237 0.52881145 0.85574156 1.2364183 1.0415082 0.44675512 0.12001859 0.35343821 0.2060723 0.17268449 0.17411626 0.15631479 0 0.20359692 0.11942434 -3.5527137e-15 0.024388249 0.0022864314 0.028255708 0.0015034452 0 
0.10257283 0.33947206 0.4335596 0.22924359 0.42975236 0.13477544 0.19047699 0 0.13791548 0.20071068 0.23709542 0.0094099803 0.31101349 0.27336356 0 0.36088278 0.64990512 0.23354788 0.43090879 0.4492047 0.4568553 0.46269567 0.34133122 0.48393489 0.40690674 0.53449006 0.40357906 0.15354553 0.13253199 0.19282209 3.5527137e-15 0.0098838564 0.1887771 3.5527137e-15 0.25440172 0.25819887 0.31538221 0.14632296 0.079696086 0.13400074 0.10214566 0.12980078 0.17786146 0.21548136 0.23804869 0.22187431 0.19605136 311.14742 170.91956 14947.699 7385.6345 0 0 0 0 0 0 0 0 0 0 0 0 0 0 0 0 177.818 3949.2061 0.25975037 0.3578143 0.468766 0.38291978 0.83444514 0.51051713 0.079935735 0.079211522 0.08898916 0.093777523 0.20306924 0.066671687 0.093915492 -3.5527137e-15 1.0658141e-14 -7.1054274e-15 3.5527137e-15 -3.5527137e-15 -3.5527137e-15 0 
0.40831233 0.3214426 0.20673845 0.50744 0.20046926 0.51352649 0.17084187 0.35073043 0.1541247 0 0.20482182 0.4321554 0.30188259 0.21280685 0.037024944 0.46044836 0.35336358 0.38380883 0.48147193 0.014783194 0.27492468 0.31852364 0.41294059 0.32300391 0.58024954 0.27026728 0.2581505 0.55073689 0.46724899 0.35068111 0.24755109 0.29048175 0.2314148 0.23961733 3.5527137e-15 0.20980081 0.27089141 0.22394156 0.33334326 0.079071659 0.10203964 0.19028807 0.13440179 0.28652413 0.15594009 0.23328769 0.2288472 76.203411 387.14592 0 0 0 0 0 0 0 0 0 0 0 0 0 0 0 11.916596 277.82065 341.72529 1184.7768 0.94217955 0.28009098 0.20758891 0.16126099 0.31340685 0.51890329 0.53089908 1.909835 0.12543634 0.070347537 0.086113841 0.0504899 0.012647088 0.09323156 0.015438843 0.030587037 -3.5527137e-15 0.051951445 0 0 0 
0 0.34717548 0.34133981 0.14559746 0 0.50850034 0.40328989 0.27408223 0.2192976 0.084579941 0.25403107 0.36163083 0.25978555 0.25503691 0.45984833 0 0.52258263 0.26392213 0.42849486 0.55496971 0.35137879 0.24803283 0.3828212 0.30826561 0.42299603 0.24092964 0.54142088 0.38539923 0.25521935 0.55537242 0.085178644 0.21584588 0.18157734 0.12305638 0.21267155 0.039414999 0.22772329 0.091104221 0.035826007 0.25766045 0.254058 0.23716831 0.090464465 0.078619497 0.22695651 0.085369886 0.2130999 0.25196163 141.48111 0 0 0 0 0 0 0 0 0 0 0 0 0 0 0 270.85372 0.53320622 -2.7755576e-15 0.76456021 2.2656178 1.6088651 1.2773628 1.707291 0.29521282 0.11454429 0.54095417 0.45503889 0.69226104 0.13897254 0.13596477 0.058510656 0.018129022 0.017553317 -7.1054274e-15 3.5527137e-15 -3.5527137e-15 7.1054274e-15 0.011791645 0 0 
0 0.23769103 0.23580613 0.76887503 0.43107052 0.0071900678 0.60714448 0.27153887 0.25689143 0.10063099 0.21127406 0.46632346 0.24953948 0.26561178 0.30200057 0.4428849 0.35763044 0.32281901 0.55838491 0.4238348 0.27974181 0.38407173 0.41647594 0.38332234 0.43978329 0.3881593 0.27171954 0.4279424 0.42593722 0.31540002 0.31082715 0.24447699 0.26223132 0.078297966 0.31041239 0.24273983 0.27011905 0.26701446 0.14904337 0.02995347 0.00038174734 3.5527137e-15 0.25143189 0.36495011 0.29648279 0.24058542 0.17700746 0.35205097 93.437353 0 0 0 0 0 0 0 0 0 0 0 0 0 0 0 327.05958 0.46915338 0.028489926 0.42030701 0.72675253 0.54434031 0.46566529 1.3377346 1.0364579 0.37646521 0.37482519 0.38788694 0.15819813 0.61374862 0.069754279 0.054917733 0.054538456 7.1054274e-15 7.1054274e-15 0 0 0 -3.5527137e-15 0 0 
0 0.0003354729 0.70188525 0.16909487 0.89544198 0.41341454 0.0082384334 0.22568666 0.43283329 0.1594266 0.13212225 0.49767087 0.54361312 0.24480945 0.43589339 0.76604106 0.94535933 0.37484935 0.44535104 0.47614474 0.34167464 0.26630352 0.32312369 0.4638666 0.48331315 0.46647972 0.39028253 0.39289249 0.4353555 0.29506644 0.40619584 0.38733498 0.086679701 0.28093405 0.19254379 0.28777804 0.24681674 0.42805901 0.32980285 0.23670115 0.21828231 0.1937211 0 0.39358416 0.41007558 -7.1054274e-15 0.019004778 0.23663587 65.378432 0 0 0 0 0 0 0 0 0 0 0 0 0 0 1216.9964 0 0.21415419 0.34751906 0.031063148 0.27545505 0.58738822 0.47654243 0.49085466 0.35533594 1.6941839 1.9108235 1.3553921 0.73600898 0.23168411 0.55475316 0.20706299 0.06490122 0.034761121 -1.4210855e-14 -7.1054274e-15 7.1054274e-15 7.1054274e-15 0 0 0 
0 0 0.95860524 0.6812831 0.39811235 0.78537488 0.52270521 0.0015299072 0 0.14169438 0.12715977 0.4542361 0.49113592 0.25278983 0.52812457 0.28682386 0.79287898 0.79660398 0.53474577 0.82310859 1.300542 0.34757915 0.35333493 0.36806914 0.38915656 0.3503826 0.47788839 0.33708292 0.43615636 0.42227006 0.20943841 0.45899387 0.61269088 0.11073246 0.18957118 0.24543135 0.19967575 0.29763845 0.27810208 0.18670147 0.19452396 0.24077399 0.2273505 0.29995943 0.32727197 0.21282429 0.01649293 0.30929343 61.466565 0 0 0 0 0 0 0 0 0 0 0 0 0 1542.7018 0.62738584 0.16233482 0.20919048 0.46774405 0.68572152 0.50812923 0.035036465 0.69534461 0.27841305 0.36241625 0.53778132 0.40790343 0.39451479 0.95302781 0.26223601 0.31399977 0.44469265 1.5402408 -2.1316282e-14 -3.5527137e-15 0.025785013 3.5527137e-15 0.063470267 0 0 0 
0 0.029633333 0 0.60956122 1.2074089 0.20910394 0.32026357 0.51418728 0.38807241 0.32093867 0.27885875 0.59491412 0.49404172 0.38518776 0.31978614 0.50789111 0.32584007 0.97016182 0.52165992 0.66919021 1.2611628 0.55736722 0.39618583 0.63226749 0.59436995 0.5828962 0.41012721 0.45700114 0.3300006 0.31660123 0.28597167 0.40386423 0.46387623 0.23317661 0.27563344 0.24744542 0.31971913 0.26014275 0.32275359 0.27570298 0.19233825 0.14867907 0.32616666 0.35396674 0.17351803 0.29457662 221.66868 24.206425 144.12588 0 0 0 0 0 0 0 0 0 0 0 0 599.00299 0.47663928 0.82031766 0.64755977 0.092906285 0.3999257 0.48492318 0.43741148 0.58091276 0.033631896 0.61615588 0.44070428 0.64414186 0.5111755 0.2494632 0.52312365 3.8002831 0.96271413 0.76213058 0.44859317 0.59013108 0.049163117 0.023083969 -3.5527137e-15 -7.1054274e-15 3.5527137e-15 0 0 
0 0 0.038184298 0 1.0096086 1.5224264 1.002397 0.78856529 0.61445308 0.34277474 0.32924053 0.4200501 0.48394567 0.46516211 0.36653215 0.33862491 0.35398805 1.3389853 0.58212461 1.7763568e-14 0.38077941 1.1389265 0.59277038 0.89811903 0.40292144 0.36481747 0.37059334 0.47276067 0.66258143 0.27044652 0.19767944 0.2348971 0.50943199 0.59402802 0.17242204 0.2695542 0.28212916 0.25852562 0.31469991 0.16369765 0.41854293 0.086133874 0.24601208 0.26899086 335.35285 183.55368 7.3714089 0 0 0 0 0 0 0 0 0 0 0 0 0 0 838.11088 0.43835001 1.013649 0.60594354 0.70859979 0.18789339 0.37744442 0.15400194 0.37826628 0.56806999 -1.4210855e-14 0.65500912 3.5527137e-15 0.5722087 0.29176387 0.38740089 0.4138724 0.25927174 0.47076388 0.57205256 0.14779822 0.4567499 0.05709151 0 -3.5527137e-15 0 0 0 
0 0 0 0 3.5527137e-15 1.53849 0.43682204 1.0795868 0 0.53163448 0.24451703 0.16882036 0.36955178 0.3539625 0.46568706 0.36602467 0.48131887 1.175163 0.54126181 0.092144237 0.45105589 1.0433282 0.29223101 0.61194344 0.62890784 0.42229186 0.58469166 0.46017138 0.45246657 0.53080331 0.27815268 0.23330359 0.58952992 0.53648255 0.18837279 0.25924553 0.23129871 0.19861751 0.20751263 0.27386044 0.38302305 0.36708173 0.12993969 220.98618 54.357286 0 0 0 0 0 0 0 0 0 0 0 0 0 0 0 541.98525 0.62424402 0.51524678 0.81437908 0.68469772 0.65443049 0.71793827 0.29397677 0.23620022 0.24419432 0.22612255 0.1811835 0.66956493 0.34210003 3.5527137e-15 0.29577502 0.32702561 0.46191403 0.41936164 0.27092228 0.69580251 0.61516354 0.22363241 0.31286851 0.085989923 0.027470406 0 0 0 
0 0 0 -3.5527137e-15 3.5527137e-15 0 1.9070071 0.73815877 2.1723346 0 0.54411591 0.2732066 0.34992219 0.32062105 0.51499137 0.29320525 0.58220894 0.46641422 1.3863737 0.63957995 0.52352082 1.4147755 0.74884282 0.79454281 0.8287759 0.33790523 0.19035656 0.54060173 0.56139997 0.34405367 0.51099273 0.4160252 0.38978324 0.34316307 0.32125889 0.28463153 0.16421574 0.41734048 0.17586371 0.21732428 512.37327 377.48436 223.76473 24.049623 0 0 0 0 0 0 0 0 0 0 0 0 0 0 175.97931 521.89127 1622.1705 0.99683815 0.51072349 0.57155391 0.69988232 0.83921381 0.52400377 0.44711098 0.67974461 0.21244617 0.16421499 0.29547129 0.49903919 0.40653779 0.026086821 0.46516602 0.39188204 0.23347767 0.25639988 0.1795699 0.62080437 0.37347634 0.39127812 0.48236915 0.3749439 0.21066626 0 0 0 
0 0 -3.5527137e-15 0 7.1054274e-15 0.080618581 0.11361487 1.5618434 0.77019303 0.6841777 0 0.32839519 0.23896947 0.33428079 0.48049567 0 0.5828061 0.47924158 0.65170036 0.70616196 0.62657585 1.4600771 0.73006496 0.013128409 1.7577705 0.63288223 0.42768074 0.31417589 0.71173981 0.45727425 0.4371772 0.22626819 0.5549246 0.39678195 0.47011667 0.38954796 0.3516397 0.25531329 0.1878748 413.37985 9.0950954 0 0 0 0 0 0 0 0 0 0 0 0 0 0 0 0 2086.906 0.014689934 2.5331935 5.2427172 1.0246647 0.49646212 0.61290943 0.55739107 0.43595494 0.36835757 0.48602688 0.84466899 0.2270494 0.12929435 0.42847519 0.4181839 0.53511107 0.46352766 0 0.27155121 0.3767423 0.29747494 0.40548037 0.17685074 0.42410918 0.11597646 0.22494286 0.12443343 0.23986437 0.17768588 -3.5527137e-15 0 
0 0 0 0.040147846 0.016130077 -7.1054274e-15 7.1054274e-15 0.41330427 1.7847512 0.85956782 0.42852103 0 0.24220217 0.37735642 0.38497604 0.29004558 0.48961264 0.50289879 0.57010683 0.58004703 0.50349896 0.38046731 1.5259882 0.78117295 0.6875363 1.7574963 0.50909746 0.70117947 0.72646896 0.46545376 0.32057163 0.21966165 0.41348038 0.48872611 0.28995128 0.31052505 0.3412041 888.9781 359.56093 0 0 0 0 0 0 0 0 0 0 0 0 0 0 0 0 0 546.56505 3670.4817 0.74413132 0.003739124 1.6191249 2.155772 0.56659803 0.2224223 0.70169619 0.66664156 0.25684066 0.71154793 0.6909463 1.5121103 0.25598327 0.2581094 0.44271256 0.31037238 0.3157471 -3.5527137e-15 0.24516453 0.29889217 0.46741262 0.27355457 0.23559882 0.13968969 0.41435391 0.27607831 0.37590726 0.72389311 0.29123162 0.19516188 0 
0 0 0 0 0 0 0.067779276 0 0.47271322 2.0345897 0.41796957 0.40883596 0.44208313 0.36086216 7.1054274e-15 0.39498335 0.42610805 0.20698862 0.48821107 0.57847018 0.46224883 0.31297537 0.57194843 0.80548869 0.72130902 2.4466708 1.1820669 2.0722146 1.7119023 0.36349111 0.55485336 0.53571742 0.37314299 0.45511792 0.47820419 0.040735084 43.356284 314.1183 0 0 0 0 0 0 0 0 0 0 0 0 0 0 0 0 0 914.05115 0.70358252 4.308993 1.4672234 0 2.2839083 3.5489323 0.33363429 0.57788052 0.34551821 0.51734471 0.70360942 0.67035425 0.47137748 0.61653541 0.27958412 0.25591615 0.22703361 0.12784042 0.32056988 -7.1054274e-15 0.35103552 0.27572112 0.40053825 0.34937823 0.11568514 0.077114201 0.38834994 0.079398722 0.19594329 0.19285035 0.17613057 0.39446156 0.067873808 
0 0 0 0 0 0.039363432 0.074236529 0.025507442 0.10531732 1.6065819 0.94623523 0.54685186 0 0.22813901 0.60616405 0.21721367 0.26962569 0.32193637 0.30772267 0.36586078 0.70940466 0.60764521 0.69352592 0.5392831 0.69027922 0.81171979 1.7820256 1.0891302 0.95467623 2.2165695 0.15973046 0.50148266 0.67681634 1077.3183 749.44519 636.40982 0 0 0 0 0 0 0 0 0 0 0 0 0 0 0 0 0 786.51583 1604.8251 0.41059794 0.53703958 0.72117179 2.9723112 2.6289587 1.2419291 1.9845358 0.31057127 0.29264069 0.34787212 0.33480624 0.26079713 0.50806238 0.47617822 1.0482352 0.18134027 0.26400474 0.21152852 0.21581341 0.24539281 0.19846233 0.35474295 0.36634927 0.030752824 0.44021127 0.096841443 0.2083665 0.14900727 0.23635472 0.20450483 0.35293096 0.075030662 0.16094684 -5.5511151e-17 
0 3.5527137e-15 0 -7.1054274e-15 0 0.034814149 0.13495668 0.15356204 0 0.42724705 3.9565974 1.234344 0.54322434 0 0.53524192 0.00044737928 0.47799912 0.41573814 0.030580755 0.30806892 0.49325772 0.56646665 0.42327296 0.47509025 0.4090982 1.0358573 0.9621357 1.0408568 1.3404129 2.7542126 1.5741947 1.3549006 1.4534893 689.31571 0 0 0 0 0 0 0 0 0 0 0 0 0 0 0 0 266.25142 204.26755 275.18206 0.2195633 0.30093216 0.47269154 0.44376133 0.59374822 0.69250304 0.55315163 2.94821 1.4967129 3.0321785 0.45504331 0.17141343 0.59136774 0.12588153 0.84940708 -7.1054274e-15 0.9291821 0.3214029 0.012886285 0.32778619 0.28680796 0.10009412 0.3644355 0.023023232 0.48253861 0.008808151 0.39315101 0.12709975 0.16373014 0.27739828 0.068104831 0.08148399 0.3962555 0.11758701 0.2417354 0.080898905 
0 -7.1054274e-15 3.5527137e-15 0 0.036736172 0.068174836 0.031257515 0.16878122 0.07736571 0.13945546 0.7346458 0.82067605 0.53290366 0.40783701 0.36052263 0.31336583 0 0.26606066 0.30592721 0.22849677 0.12577557 0.18983058 0.4239835 0.46249896 0.27426498 0.45119728 0.61133445 1.2495315 1.4761472 1.7217308 1.6128245 1751.8382 58.73951 686.31662 0 0 0 0 0 0 0 0 0 0 0 0 0 0 261.03344 452.63287 0.73946593 0.57274226 0.63328596 0.41490688 0.39631852 0.30390301 0.42295548 0.43112918 0.71003588 0.36857408 0.22631745 0.93887884 1.1688831 2.6145704 0.32382891 0.35160043 0.29301782 0.3520662 0.0034681408 1.2569437 0.45647701 0.34900158 0.22485087 0.13883495 0.24337129 0.22736105 0.1386766 0.38358243 0.23452141 0.40367072 0.22245975 0.052385186 0.038979938 0.093139012 0.28277961 0.20702099 0.29141576 0.15714824 0.10296632 
0 0 -3.5527137e-15 3.5527137e-15 0.064154142 3.5527137e-15 7.1054274e-15 0.059989192 0.096884504 0.19453656 1.8720918 0.36123922 4.4759778 0.46421843 0 0.21489189 0.16693133 0.051962354 0.48973989 0.094203779 0.14609126 0.18767086 0.31550957 0.34816544 0.45066313 0.44993368 0.48238122 0.5649048 0.30066689 0.89887963 1120.2602 2183.403 0 0 0 0 0 0 0 0 0 0 0 0 0 0 16.116037 385.65292 1.7167002 1.0865541 1.1671927 0.74974638 0.67835485 0.39623413 0.62086582 0.53643455 0.20820974 0.40738044 0.58477354 0.57194527 0.36691371 0.53077895 0.52177773 1.0414977 1.6411344 0.61229682 0.24809712 0.25335049 0.54763257 0.46276863 0.30743469 0.53051576 0.4237165 0.23052597 0.10194528 0.19588809 0.24496504 0.64485451 0.31527259 -7.1054274e-15 0.16338378 0.039732543 0.12973189 0.088236939 0.088754427 0.069558863 0.32442386 0.20095203 0.08155108 
0 3.5527137e-15 3.5527137e-15 -3.5527137e-15 0.031755 0.052908164 0.060538353 0.030553396 0.14378433 0.16580168 4.3372212 4.8342804 0.31197675 0.441531 0.35417171 0.26167067 0.43805715 0 0.15828458 0.54100958 0.46058687 0.538653 0.47900928 0.29873396 0.17307884 0.30412267 0.8384981 0.37153628 0.51798897 0.46218149 1268.8825 0 0 0 0 0 0 0 0 0 0 0 0 0 0 3339.7445 2327.7588 5.918791 1.9395202 1.2258479 1.1493559 0.97629086 0.62401862 0.23579816 0.96770877 0.32328333 0.53006246 0.44275105 0.46005114 0.47744174 0.58202331 0.77116016 0.58907891 0.69442707 1.4051657 2.3223008 0.38929392 0.39044386 0.56816418 0.39339031 0.32407092 0.23998844 0.015071162 0.50511849 0.25682939 0.033416893 0.042649484 0.49425436 0.30309449 0.034107396 0.17128136 0.097663123 0.084916759 0.045202743 0.15745769 0.09650561 0.077885106 0.33253629 0.14038357 
0 0 3.5527137e-15 0 0.034430877 3.5527137e-15 0.058221951 0.059824196 0.19152686 0.15735796 0.078520338 4.0432462 0.62584261 0.61080683 0.45934309 0 0.094480877 0.18332632 -3.5527137e-15 0.1431756 0.52995644 0.5809884 0.5219103 0.24972943 0.23123366 0.23505966 0.49104446 0.63261255 0.54025218 0 1274.3203 0 0 0 0 0 0 0 0 0 0 0 0 59.261142 14.832557 4202.5091 0.46705946 1.7957595 0.88727298 1.7672149 1.7734075 1.9662436 1.2223656 0.77791028 0.71789425 0.87030161 0.75603891 0.24948955 0.60231412 0.56966298 0.66811235 0.49734931 0.77841822 0.38497716 0.32869063 1.361063 1.0421661 0.31059329 0.39061384 0.52099232 0.34792101 0.35526001 1.7763568e-14 0.25196893 0.24463511 0.12227382 0.026493173 0.15498877 0.48080917 0 0.21294616 0.20414576 -1.0658141e-14 0.089751162 0.058349893 0.057702401 0.086472129 0.20374198 0.061463012 
0 0 -7.1054274e-15 0.035154567 0.012023459 0.040564287 7.1054274e-15 -7.1054274e-15 0.10552601 0.088824511 0.099586496 4.5322458 0.75945607 4.3320648 0.52598407 0.12812988 0.060545385 0.042860652 0.098993657 3.5527137e-15 0.16560314 0.59664912 0.095065716 0.14178984 0.37966175 0.24032405 0.23454564 0.41728116 0.41048989 0.44348725 465.41055 0 0 0 0 0 0 0 0 0 0 113.43623 145.71541 114.69915 140.41313 1647.2156 0.17663712 1.3292626 0.0038189253 0.78762429 1.1868404 3.5527137e-15 0.1771726 0.85475519 0.71767327 0.88364005 0.57680743 0.23651443 0.5130582 0.69299731 0.72868807 0.44073477 0.7315277 0.3609734 0.30177691 0.49931073 1.2203029 0.26454998 0.48213484 0.3709368 0.23707673 0.35410771 0.021417675 0.31200192 0.34206973 -7.1054274e-15 0.058196589 0.15005655 0.11362273 0.057704668 0.32899287 0.071832851 0.13224019 0.051918893 0.18648466 0.15493486 3.5527137e-15 0 0.0029126351 
0 -3.5527137e-15 0.0027104209 0.018597665 0.026247926 7.1054274e-15 0.056966117 0.038725012 0.040354371 0.016783563 0.10599754 0.14365016 1.0608562 0.60787753 1.4353924 0.19560321 0.066486711 0.1133711 0.093590724 0.091310736 0.081056289 0.45901462 0.50148588 0.19345718 0.5169454 0.60626991 0.5839532 0.26174411 0.31959715 0.48848565 433.64571 0 0 0 0 0 0 0 0 0 219.4934 0.40488316 0.24733363 0.39118278 0.30774256 12.166789 0.21526979 6.2480048 1.2505861 0.018785529 1.5749923 1.9842342 3.5527137e-15 1.5132429 0.89054929 1.2837695 0.8399149 0.4845483 0.33131667 0.81032156 0.95554736 0.47013024 0.45426138 0.36293945 0.61380748 0.57562107 1.0315459 0.3750585 0.44124848 0.54890653 0.34830319 0.27906893 0.0019869245 0.59213449 0.20046727 0.23043626 7.1054274e-15 0.089105359 0.17261359 0.083277776 0 0.11815587 0.13707984 0.079842542 0.10663311 0.15344957 0.059268873 0.10313123 -3.5527137e-15 
0 -3.5527137e-15 0.029865971 0.0015622072 0.0012681428 0.035023189 0 0.05305768 7.1054274e-15 0.1451053 0.18233268 0.18322932 1.6949058 0.40647524 1.8465573 0.21591341 0.069897491 0.062316743 0.073634147 0.082596242 0.0059868261 0.25641555 0.4925294 0.51347336 0.33562732 0.19180377 0.53012184 0.59945673 0.63401051 0.22300646 410.60657 0 0 0 0 0 0 0 485.92695 380.51326 0.00037914529 0.46081434 0.36434197 0.20326001 0.29036738 0.26005822 3.3446562 0.33722421 2.33443 0.93639474 1.3796679 1.7891159 2.0167853 0 1.4844043 1.5312385 1.8536956 0.55953162 0.44620353 0.58265356 0.032328524 0.5799802 0.65205694 0.63081348 0.36902325 0.28828528 0.45200881 1.3039941 0.38302925 0.22291855 0.45227435 0.25780607 0.21235076 0.2199886 0.095281499 0.030237606 0.1532592 0.060670093 0.043387653 0.031688141 0 0.029969737 0.12836947 0.12823947 0.077804602 0.066772704 0.03091818 0.032825977 0.044157056 
0 0 3.5527137e-15 0.0045500795 0.033118116 0.010616604 7.1054274e-15 0.10489434 0.057339974 0.083046132 0.10346582 0.29536758 0.17142041 4.7931504 0.18900773 0.29606033 0.17061146 0.029729719 0.067050223 0.057482113 0 0.11012862 0.18231262 0.35613451 0.32340689 0.3567367 0.36084052 0.58787294 0.48208664 0.64055301 0 377.07881 0 0 0 0 0 331.88008 0 0.20448843 0.3520333 0.5619088 0.19394405 0.25895479 0.19708866 0.41799989 0.44007539 1.135763 5.0795487 5.9686882 1.7845612 1.6948655 1.3411363 0.30062259 1.2838956 1.6466771 0.12732279 0.89865418 0.52864287 1.2115866 0.069399597 1.3662074 0.56366977 0.67937911 0.53300508 0.29725686 0.42085451 0.32987699 1.4775483 1.3398471 0.34401781 0.38877875 0.22259583 0.13207117 0.050761006 0.36802693 0.073156243 0.065331395 0.26690058 0.050763703 0.020911186 0.050659297 0.084781847 0.086568667 0.072911676 0.053539032 -3.5527137e-15 0.020532855 0.041549719 
0 0.046317322 0.021473176 0.080567347 0.0020011926 0.0025259652 0.038557779 0.052336556 0.013953689 0.1694324 0.091478101 0.22722302 0.13089385 6.7541092 4.2533225 0.3330495 0.06623609 0.090310622 0.091994047 0.063064927 0.1363693 0.15062349 0.059750075 0.20245127 0.20208662 0.41973862 0.33495158 0.11485345 0.40888073 0.365172 20.255736 324.23417 0 0 0 0 473.13677 0.36752415 0.28482653 0.20510968 0.0010416917 0.48785324 0.10765013 0.18356765 0.3835277 0.32211923 0.50179786 0.41063908 0.52148192 1.5900929 3.5432479 1.3163065 1.3460121 1.8885128 -1.0658141e-14 1.3605879 -7.1054274e-15 0.37147319 0.52318779 0.56004074 1.9040645 1.347603 0.34587164 0.54580624 0.030714527 0.53600803 0.23334072 0.44868457 0.33088412 1.4150079 2.0953887 0.17413778 0.387986 0.23510572 0.12274761 0.094059531 0.16938542 0.2494721 0.05532235 7.1054274e-15 0.0093760208 0.021602073 0.10470758 0.045715559 0 0.04362964 0.034828371 -3.5527137e-15 0.004249361 
0.02884557 0 0.016704558 0 0.076702149 3.5527137e-15 0.05117344 7.1054274e-15 0.0098004313 0.16345718 0.039108615 0.20140749 0.13250908 3.7737097 1.6634334 2.0328796 0 0.065318929 0.040441976 0.09953818 0.15733409 0.025230442 0.10333909 0.31313659 0.38293876 3.5527137e-15 0.45673214 0.29818574 0.32984379 0.12924837 180.31412 0 0 0 0 288.52821 0.13726049 0.038839885 0.29706119 0.27535213 0.46546855 7.1054274e-15 0.12586718 0.20806643 0.2260378 0.21330701 0.46425261 0.36825742 0.4637425 0.34251399 3.9621391 0.69881197 0.84520597 0.61970167 1.1484696 0.97136862 1.0810353 0 1.745857 0.61732427 -1.0658141e-14 1.5125418 0.5353181 0.6738367 1.4210855e-14 1.0294442 0.53287793 0.47532283 0.73609117 0.3151484 1.2586076 0.43274286 0.16890649 0.15434052 0.15452561 0.15762789 0.16086725 0.16048532 0.12806589 -7.1054274e-15 0.030384657 0.000561088 0.0080169488 0.082098254 0.031727618 0.025385687 0.023626514 0.046468936 3.5527137e-15 
0.01906943 0.10490902 0.044854775 0.043245849 0.029331817 -3.5527137e-15 0.10337285 0.010595603 0.10153855 0 0.10108595 0.086446269 0.36936199 0.13777315 3.3821998 0.1262987 0.055997961 0 0.17288683 0.1432041 0.1553116 0.11937804 0.057140241 0.1371358 0.24747414 0.20718637 0.0097742209 0.0037166691 0.18709194 0.24259692 166.49936 0 0 0 0 820.59051 0.05724409 0.64738825 0.2970367 0.17377342 0.15365596 -3.5527137e-15 0.12875398 0.20077075 0.19637597 0.22394717 0.31846896 0.48191602 0.34187101 0.39649996 0.85835083 1.399143 0.8179858 0.47888328 0.97474722 0.80919123 0.72331699 1.1843688 0.1091165 0.96149014 0.88836735 0.034634876 0.70418451 1.1420888 0.94371209 0.02237769 0.46967549 0.55773017 0.0023108827 0.58753312 0.32380956 0.7936818 0.36347513 0.28055882 0.11135308 0.19822753 0.13593968 0.12260838 0.027666628 -1.4210855e-14 0.17935746 0.11312716 0.0043309488 0 0.049630386 3.5527137e-15 1.0658141e-14 0.082854826 0.016833669 
0.049166535 0.037004244 0.057157831 0.06149719 0.038977098 0.17147994 0.085436169 0.1539237 0.037624693 0.12763388 0.023691333 0 0.15094306 0.41302785 0.86786577 5.2606069 0.10446722 0.071281362 0.1059752 0.11120521 0.050377779 0.10593813 0.15528968 0.21748327 0.16374406 0.21549144 0.42219494 81.466805 173.86996 18.528269 0.38830964 17.159903 0 0 739.78184 0.20539662 0.087009738 0.050056169 0.084621379 0.21511655 0.068136935 0.13426649 0.31882056 0.10763572 0.075160441 0.1228465 0.19395952 0.2629826 0.40383155 0.27585005 0.2936815 0.77783251 1.2654068 0.41895841 0.37440146 0.27145937 0.39466591 0.50044975 0.69008008 0.42294449 0.71461001 0.81673367 0.91268369 0.55667952 0.52485244 -7.1054274e-15 1.0416739 1.3896053 0.69297949 0 0.31884302 0.19377065 0.48418354 0.69334609 0.76218673 0.22997542 0.16758165 0.096612044 0.048218581 0 0.22218835 0.079812248 7.1054274e-15 0.011800833 0.028608959 0.045723366 0.024459386 0.043386378 -3.5527137e-15 
0 0 -7.1054274e-15 0.093453215 -3.5527137e-15 0.1152278 0.0086515645 0.11100743 0.027485289 0.058724873 0.028267552 0.15024613 0.10864563 0.30586789 0.094127871 1.179023 7.8615446 70.019642 0.21162226 0.037083934 0.12110411 0.13829994 0.12390348 0.27506861 -7.1054274e-15 0.47301957 0.21830765 338.55408 0 0 0 5.1522027 0 111.55361 0.64826895 0.23205198 0.27078842 0.1412259 0.046646198 0.050881841 0.19566057 0.20087768 7.1054274e-15 0.21090866 0.15340907 0.12525696 0.21404644 0.14235371 0.16388811 0.24461384 0.22202345 4.842911 1.0130069 1.4145612 0.51515967 0.5081568 0.43781482 0.6101859 0.42755932 0.33519586 0.35015091 0.52068874 0.62576729 0.31701006 0.36464752 0.66814833 1.0548706 0.63535089 0.42300342 -3.5527137e-15 0.36541852 0.45788517 -1.4210855e-14 0.51747508 0.87620743 0.64545644 0.34843494 0.057096184 0.18502122 1.0658141e-14 0.044066551 1.0658141e-14 0.098588568 1.0658141e-14 0.0050917866 0 0.022458835 -3.5527137e-15 3.5527137e-15 
-3.5527137e-15 0.018073559 0.062484735 0.067563849 0.10124269 0.069077906 0.19264426 0.27269999 0.24039828 0.11435355 0.05156814 0.025622058 0.11596174 0.29824562 0.25197011 4852.7963 5360.1835 41.639578 57.471306 0.080852682 0.10078062 0.27186656 0.13598558 0.42061359 0.096128499 0.14981218 221.27159 0 0 0 0 0 0 595.84243 0.88808991 0.46253703 0.31552076 0.17211552 0.25252938 0.087055899 0.12885775 0.10001847 0.32925515 0.070185528 0.24852719 0.21814853 0.038189762 0.20944854 0.18144313 0.086116476 0.26135704 0.27182956 3.3631525 0.779453 2.0723884 0.57113265 0.55809367 0.47037228 0.43002729 0.44269311 0.34626647 0.46101559 0.17212374 0.36284622 0.35260006 0.40410695 0.39653812 0.46509552 0.31876906 0.12126479 0.74638442 1.3676134 0.32670191 7.1054274e-15 0.25685976 1.2662948 0.2052844 0.17897885 0.096823933 0.054922825 0.26519988 0.073666186 0 -3.5527137e-15 0.020161975 0 0.00569192 0.016323752 0.03554983 
0 0.037123611 0.031352615 0.037533665 0.052387382 0.045988361 0.10486865 0.017723672 0.13535503 0.10035228 0.10413175 0.11122047 0.12236141 -3.5527137e-15 0.14272995 0.22472524 189.2102 0 0 0.20484829 0.040795448 0.22722783 0.16539268 0.37690019 0.25947964 686.77811 0 0 0 0 0 0 942.77028 0.48153708 0.38739273 0.33466431 0.47232398 0.28949381 0.086084048 0.14848964 0.18081726 0.04224286 0.14629422 0.28175031 0.26588817 0.031791909 0.15707809 0.19592236 0.14001504 0.13333773 0.13679296 0 0.18246738 1.0234347 1.0399781 1.8193658 0.55197785 0.68511334 0.52788324 0.60329364 0.48055849 0.46450977 0.24600733 0.44249915 0.31913733 0.20231385 0.23630411 0.29757162 0.26656402 0.68293521 0.85723248 0.28413921 0.19775385 -7.1054274e-15 0.22490912 0.80083347 0.30644601 0.27808937 0.22757734 0.12002553 0.13924916 0.056190888 0.11757422 0.031993393 7.1054274e-15 0 0.016029163 0.0075404279 0 
7.1054274e-15 0.026570811 0.01876372 0.14184871 0.11161163 0.064518098 0.1304352 0.1875675 0.11597265 0 0.13164719 7.1054274e-15 0.022791269 0.22220264 0.15600498 0.22782783 0.25278914 0 0 0.35578485 0.70069708 0.37617673 0.16342575 88.012743 410.98754 0 0 0 0 0 0 0 1271.2689 0.20474755 0.17496034 0.70854362 0.35746914 0.33352822 0.22018164 0.30569146 0.058994329 0.16707545 0.21598293 0.13397275 0.26973057 3.5527137e-15 0.20912313 0.20143927 0.19769357 0.082772775 0.10121892 0.13980821 0.16926703 0.14781373 2.0758341 1.0535956 0.13765677 -1.0658141e-14 0.5974911 0.45836571 0.48292333 0.24546324 0.34426302 0.48292324 0.31604578 0.2665313 0.37202381 0.19119711 0.16398448 0.43603446 0.39841769 0.31517422 0.20568885 0.39058453 0.3094386 0.53344634 0.2243418 0.0045251763 0.26734643 0.10211227 3.5527137e-15 0.12458535 -1.0658141e-14 7.1054274e-15 7.1054274e-15 0.02851265 0.024387622 0.021795092 0 
0 0.022172869 0.079522361 0.13393417 0.12316155 0.10569692 0.095523325 0.14171447 0.081089544 0.1094903 3.5527137e-15 0.13475221 0.094461113 0.054743563 0.064379728 0.44572502 0.16713126 0 0.21380239 0.19706438 0.44120248 0.56708096 1.1767878 141.21247 0 0 0 0 0 0 0 836.33812 0.28988694 0.16710946 0.23597103 0.26961097 0.33461192 0.30217671 0.37875678 0.12737649 0.25124186 0.068087793 0.053099954 0.24045014 0.071582533 0.14035375 -3.5527137e-15 0.12766011 0.058892425 0.1056576 0.019923574 0.12247486 0.19250088 0.11480084 0.089988237 1.2970687 0.74187418 0.38073433 0.42220767 0.33120686 0.29280716 0.35862589 0.34250413 0.33813654 0.4778252 0.27466837 0.27074648 0.139067 0.20436709 0.18419722 0.21048152 0.23527483 0.20834436 0.30284495 0.22805609 0.19812424 0.17577276 0.49330517 0.30101134 0.083287913 0.055685294 0.039097366 0 0.044083719 7.1054274e-15 0 3.5527137e-15 0 0 
3.5527137e-15 0.091283607 0.022356097 0.075306502 0.1214004 0.13525033 0.053888911 0.14977555 0.088748986 0.13582776 0.025416444 0.079597421 0.23442066 0.14979481 0.052675473 0.1539611 0.056299038 0 0.22918831 0.34279684 0.26076983 0.61780038 73.08514 13.122002 0 0 0 0 0 0 603.32663 0.39659985 1.2589239 0.38561136 0.27847035 0.1493114 0.20914531 0.25352117 0.2958885 0.36191928 0.14040587 0.23040389 0.19702345 0.093469523 0.064228134 0.07609246 0.035828703 0.10806722 0.064722835 0.077376489 0.18813146 0.17538393 0.078855823 0.14226871 -3.5527137e-15 0.0012308091 0.93128648 0.9019052 0.28150407 0.22415668 0.30983852 0.34629278 0.34996382 0.36075383 0.35205017 0.23479054 0.26321522 0.21041586 0.24901035 0.094789116 0.17517962 0.22687283 0.19306948 0.19100521 0.20879524 0.24629817 0.13735434 0.21550069 0.22138461 0.12076946 0.045750502 0.055290606 -7.1054274e-15 7.1054274e-15 -3.5527137e-15 0 7.1054274e-15 0 0 
7.1054274e-15 0.043649534 0.080128936 0.11780483 0.15656155 0.08157837 0 0.10766653 0.088328628 0.060822786 0.14574861 0 0.09309521 0.053253704 0.22373495 0.082876131 0.26732276 0.27876796 16.837632 0.42936052 266.41233 263.72771 288.30676 0 0 0 0 0 0 257.05134 0.30863715 0.38702052 0.30334823 1.1063503 0.7400877 0.35435813 0.18110345 0.26595818 0.2335278 0.20658499 0.21007379 0.31363966 0.10075482 0.10971672 0.19089786 0.13929959 0 0.084075359 0.095581017 0.15991898 0.1000307 0.15737995 0.14889013 0.08445719 0.10120107 0.066065054 0.28305873 1.1804864 0.57787397 0.40117132 0.33285386 0.4778914 0.25517931 0.33251986 0.31223644 0.34139093 0.32480295 0.16988343 0.16337385 0.10536795 0.081427985 0.40797769 0.31921067 0.10359117 0.11138055 0.1710968 0.07636361 0.12674077 0.14686382 0.11737489 0.072044464 7.1054274e-15 7.1054274e-15 0 3.5527137e-15 3.5527137e-15 -3.5527137e-15 0 0 
7.1054274e-15 0.043543304 0.097106049 0.069759488 0.1042101 0.062584352 0.14018324 0.036065285 0.1007223 0.10029707 0.18787206 0.025373605 0.084567613 0.27140335 -3.5527137e-15 0.053893385 0.49593546 0.55232065 24.742253 17.993551 26.364947 0 0 0 0 0 0 0 0 484.28301 0.31493798 0.223475 0.45281849 0.26088353 0.39730516 0.28680757 0.92926892 0.24599723 0.23944134 0.47161608 0.19444773 0.2292105 0.083738149 0.16247304 0.0072508824 0.087510219 0.040712336 0.12082486 0.00095759998 0.1126003 0.018688779 0.027728182 0.027002081 0.063130709 0.10560373 0.039313767 0.62066008 0.8556394 1.0881366 0.35445671 0.60248883 0.38090614 0.46374874 0.23747041 0.30699828 0.263526 0.3252116 0.28759637 0.24739849 0.21384733 0.20712378 0.17175466 0.10058728 0.13238059 0.18378481 0.10452749 2.8421709e-14 0.057202236 0.15909434 0.087705309 0.089672498 0.039385226 0.031055095 0 -7.1054274e-15 0 0 0 0 
0 0.045025272 0.084072987 0.07665221 0.17825307 0.16648029 0.078209709 0.18850179 0.17927955 0.21549512 0.18677985 0.29730627 0.068152442 0.20539384 0.038198492 0.21595316 26.69333 578.79082 136.35714 0 0 0 0 0 0 0 0 176.03469 410.30426 0.29479826 0.11503557 0.24606995 0.33017548 0.24967214 0.066578494 0.25647766 0.33029654 0.051566399 0.92142737 0.16388015 0.47415789 0.070014785 1.7763568e-14 0.095397704 0.12391608 0.039141335 0.015975294 0.11403654 0.012662828 0.0043137434 0.046722632 0 0.051350874 0.053584303 -3.5527137e-15 0.045123384 0.028156733 0.52798479 1.0949776 0.99515259 0.31988915 0.39875653 0.30221613 0.31838932 0.28122327 0.24822421 0.2884831 0.25404033 0.21184505 0.33526861 0.27088987 0.16174944 0.22078857 0.18860886 0.057944557 0.16502455 0.13617804 -7.1054274e-15 0.15357405 0.081269974 0.038691774 0.036594833 -3.5527137e-15 -7.1054274e-15 0 0 0 0 0 
0 0.020616173 0.036687348 0.1311378 0.14249284 0.16178296 0.18971739 0.089231509 0.040225284 0.13751728 0.16969989 0.25138423 0.24208372 0.19904497 0.26767655 3.5527137e-15 298.50586 0 0 0 0 0 0 0 0 0 251.03594 0.082113618 0.038129064 0.018667886 0.063231991 0.052244183 0.038007515 0.26292491 0.046411549 0 0.10312798 0.31592973 0.053482456 0.092036097 0.56762061 0.26196769 0.18507105 -1.0658141e-14 0.068465911 0.068544882 0.1146037 0.0081919887 0.14918531 0.0073861224 3.5527137e-15 0.082093453 0.041318696 0.14813533 0.019477838 0 0.0095848319 0.17971189 0.3794396 0.91505043 0.55118789 0.60286674 0.32455072 0.23348897 0.25374938 0.26051248 0.14643291 0.20065548 0.15978532 0.18196087 0.10236914 0.16521732 0.11262285 0.34044033 -7.1054274e-15 0.1437525 0.075554987 0.055463011 0.14195771 0.06878723 0 0 0 -7.1054274e-15 0 0 0 0 0 
0.23225339 0.16705589 0.063787629 0.18392986 0.12868983 0.12478404 0.15079467 0.28485964 0.11348284 0.21654599 0.1874196 0.21701902 0.23678091 0.090647122 0.083245441 0.68132858 276.02413 0 0 0 0 0 0 0 0 284.22447 0.0082864443 0.035841779 0.014416427 0.043414909 0.036005167 0.025745409 0.02080053 0.037909173 0.055378758 0.093301382 0.039116986 0.012522067 0.031275305 0.048688351 0.057822654 0.1583368 0.076668533 2.4868996e-14 0.37066347 0.20651763 -7.1054274e-15 0.068998108 0.01702412 0.082981307 -7.1054274e-15 0.018722284 0.044762649 0.054289655 0.066878025 0.039739918 0.0089541102 0.10155078 0.46593266 0.41249798 0.52204953 0.23811604 0.49154248 0.36080471 0.29115393 0.32559329 0.31978682 0.19926883 0.15569514 0.078360891 0.14437128 0.22380684 0.16390742 0.065661691 0.049735935 -7.1054274e-15 0.082421642 0.044192743 0.11213028 -7.1054274e-15 0.09858001 0.061755413 -7.1054274e-15 7.1054274e-15 0 -3.5527137e-15 0 0 0 
0.0010644005 0.09012844 0.051060806 0.17193555 0.12172195 0.1695187 0.17385043 0.10706905 0.25816003 0.16991043 0.094486441 0.21452534 0.24565846 1.4210855e-14 435.15277 194.92219 15.005121 0 0 0 0 0 0 95.887209 229.31413 0.0092751555 0.01025458 0.024555729 0.040419879 -3.5527137e-15 0.061988382 0.027850138 0.053456918 0.019626282 0.090631303 0.016783033 0.018486322 0.044191963 0.037183669 0.018120944 -3.5527137e-15 -3.5527137e-15 0.095184677 0.098845929 0.14366741 0.092949555 3.5527137e-15 0.095720936 0.0061725333 0.11886657 0.032110554 0.013321661 0.047496579 0.028069751 7.1054274e-15 0 0.0083597732 -3.5527137e-15 0.010176914 0.15094137 0.40156004 0.24794624 0.36417675 0.32372839 0.32707394 0.19164613 0.21017545 0.20915996 0.11317977 0.23446127 0.21705601 0.28213222 0.063626022 -3.5527137e-15 0.092741823 0.13963719 0.047533622 0.071046295 0.049229233 0.04217782 0.039153581 7.1054274e-15 -3.5527137e-15 0 0 3.5527137e-15 -3.5527137e-15 0 0 
0.053982024 0.11195952 0.09660471 0.10821693 0.14294653 0.1189706 0.23378818 0.036741938 0.27876689 0.18018638 0.28481916 0.15121077 0.59223079 337.72501 0 0 0 0 0 0 0 68.449833 68.952697 1.4210855e-14 0.056207932 0 0.045068999 0.024503999 -7.1054274e-15 -3.5527137e-15 0.041191669 0.020992292 -7.1054274e-15 0 0.015829517 0.020085225 0.037645676 7.1054274e-15 0.030788285 0.043606872 -3.5527137e-15 1.0658141e-14 3.5527137e-15 0.027812363 -1.4210855e-14 0.11100443 0.096783224 0 0.05714932 0.071325048 0.0022814851 0.025223485 3.5527137e-15 0 0.043412379 0.044215173 0 0 -3.5527137e-15 0.041747393 0.26016994 0.27596089 0.28441378 0.23704428 0.18453397 0.2048286 0.32837612 0.078962918 0.13212827 0.17484883 0.19204868 0.20778402 0.093007215 0.15080999 0.20167323 0.11422668 2.1316282e-14 0.049566904 0.050581502 0 1.4210855e-14 0 -7.1054274e-15 0 0 0 0 0 0 
0 0.45551057 0.23781617 -7.1054274e-15 0.30004374 0.12794288 0.10755006 0.18542104 0.18533109 0.066076698 378.14212 0.29086804 0.74645247 4.2140499 0 19.547608 0 0 0 23.980426 46.490762 143.73414 0.031788688 0.027670226 0 -3.5527137e-15 0 0.016294337 -3.5527137e-15 0 7.1054274e-15 0.014994492 0 -7.1054274e-15 0.011901903 0.0060458513 0 0 0 -3.5527137e-15 3.5527137e-15 3.5527137e-15 0 0 0 -3.5527137e-15 0.084804092 0.072586482 7.1054274e-15 0 0.0082557466 0 0.0042040734 0.022904038 -3.5527137e-15 0 3.5527137e-15 0 -3.5527137e-15 1.0658141e-14 0.25015611 0.40465249 0.22606765 0.24191788 0.23507333 0.19766801 0.21042854 0.12790696 0.17158529 0.22314453 0.19465098 0.059632632 0.12830292 0.053283996 0.15553313 0.10558193 0.036702621 0.071693803 1.0658141e-14 0.034915115 0.057647677 0 7.1054274e-15 0 3.5527137e-15 0 0 0 0 
0.014328953 0.29643936 0.2247761 0.0063939434 0.71346631 574.76978 665.41131 8.1194174 0.39248075 340.21285 13.601763 84.375039 0.14518246 83.528391 0 0 0 0 0.096165853 0 3.5527137e-15 0 0 0 0 0 0 0 0 0 3.5527137e-15 0 0 0 0 3.5527137e-15 -3.5527137e-15 0 0 0 0 0 -3.5527137e-15 -3.5527137e-15 -3.5527137e-15 0 0.0021453286 0.051058765 0.042777686 -7.1054274e-15 0 -3.5527137e-15 0.024073717 0 0 0 3.5527137e-15 0 0 0.028845299 0 0.18103316 0.13260317 0.065533114 0.096980074 0.18820661 0.11845193 0.17953065 0.12768698 0.17529342 0.13819971 0.077175907 0.12039859 0.13799414 0.19054676 0.03684441 0.042827166 0.03425354 0.05728788 0.061000741 1.0658141e-14 0 0 -1.0658141e-14 3.5527137e-15 0 0 0 0 
2.4056928 0.037211224 0.35683596 0.54397391 0 404.67073 0.14501532 147.21766 0.20492184 157.31789 0 0 119.43932 0 0 0 0 0 0 16.187039 0 0 0 0 0 0 0 0 0 0 0 0.00052623995 0 0 0 0.022168723 0 0 0 0 0 0 3.5527137e-15 0 0 0 0 0.023893135 0.02180131 3.5527137e-15 -3.5527137e-15 0.0081078043 3.5527137e-15 0.018798414 0 0 0 0 0 0 0 0 0.068227393 0.070114506 3.5527137e-15 0.059253424 0.074249608 0.057448855 0.025841354 0 0.032278248 -3.5527137e-15 0.052117299 0.083294963 0.054988095 0.076083946 0.048430604 0.099631112 -3.5527137e-15 0.039151969 -3.5527137e-15 3.5527137e-15 -3.5527137e-15 3.5527137e-15 3.5527137e-15 -3.5527137e-15 0 0 0 
