NCOLS 41
NROWS 49
XLLCORNER 616833.99
YLLCORNER 4621305.4
CELLSIZE 10
NODATA_VALUE -9999
0 0 0 0 0 0 0 0 0 0 0 0 0 0 0 0 0 0 0 0 0 0 0 0 0 13.84283 36.161967 0 0 0 59.622165 0 0 0 0 0 0 0 0 0 0 
0 0 20.612934 0 0 0 0 0 0 0 0 0 0 0 0 0 0 0 0 0 0 0 0 0 0 0 0 65.148718 0 0 7.1054274e-15 66.805948 0 0 5.7598691 0 0 0 0 0 0 
0 0 0 0 0 0 0 0 0 0 34.269157 1.3233517 46.731719 7.1054274e-15 0 0 0 0 0 8.8817842e-16 0 0 0 0 0 0 -7.1054274e-15 64.670294 0 0 0 63.199846 0 0 66.055651 0 0 0 0 0 0 
0 0 0 0 0 0 0 0 0 0 0 38.353455 12.554599 38.041843 0 0.015775249 0 0 0 0 0 0 0 0 0 0 0 29.934129 0 0 0 63.250474 7.1054274e-15 0 84.190814 0 0 0 0 0 0 
0 0 0 0 0 0 0 0 0 0 0 15.651547 0 98.442722 328.75769 0.0063370338 7.1054274e-15 7.1054274e-15 0 0 0 0 0 0 0 0 0 0 43.975926 0 0 66.017249 0 -7.1054274e-15 77.57308 0 0 0 0 0 0 
0 0 0 0 0 0 0 0 0 0 0 66.568438 0 0 360.95662 0.084780006 0 0 -7.1054274e-15 0 0 0 0 0 0 0 0 0 23.590564 0 0 34.234326 0 -1.4210855e-14 75.006778 0 0 0 0 0 0 
0 0 0 0 0 0 0 0 0 0 7.1054274e-15 97.361237 0 68.608462 0 275.03328 0.063848121 0.0011181779 22.427161 0 0 0 0 0 0 0 0 -7.1054274e-15 84.680247 0 0 0 0 0 45.675615 0 0 0 0 0 0 
0 0 0 0 0 0 0 0 0 0 0 83.2434 0 0 0 72.004232 0 0 32.509814 0 0 0 0 0 0 0 0 7.1054274e-15 83.081612 0 3.5527137e-15 38.88226 0 0 0 0 0 0 0 0 0 
0 0 0 0 0 0 0 0 0 0 0 58.256257 0 0 0 0 37.678529 0 69.254547 0 0 0 0 0 0 0 0 -7.1054274e-15 75.676602 0 0 76.207446 0 0 0 0 0 0 0 0 0 
0 0 0 0 0 0 0 0 0 0 -1.7763568e-15 7.5667703 0 0 0 0 0 0 68.611868 0 0 0 0 0 0 0 0 0 62.994176 0 0 68.159203 0 0 0 0 0 0 0 0 0 
0 0 0 0 0 0 0 0 0 0 0 0 0 0 0 0 0 0 49.436838 0 0 0 0 0 0 0 0 -7.1054274e-15 64.506786 0 0 58.571471 0 0 0 16.855331 0 0 0 0 0 
0 0 0 0 0 0 0 0 0 0 0 0 0 0 0 0 0 0 5.4950679 0 0 0 0 0 0 0 0 0 25.850595 0 0 59.517472 0 0 7.1054274e-15 55.556135 0 0 0 0 0 
0 0 0 0 0 0 0 0 0 0 0 0 0 0 0 0 0 27.351545 0 0 0 0 0 0 0 0 0 0 -3.5527137e-15 0 0 0 0.037276067 0.051992022 0.097171971 62.73513 0 0 0 0 0 
0.43446951 1.110223e-16 0 0 0 0 0 0 0 0 0 0 0 0 0 10.065946 0 0.0056375598 0 0 0 0 0 0 0 0 0 0 22.164959 21.055994 7.1054274e-15 0 -7.1054274e-15 0.017066147 0.07408893 0.12652818 8.3118834 0 0 0 3.8229608 
10.606269 -8.8817842e-16 -3.5527137e-15 0 0 0 0 0 0 0 0 0 0 1.7763568e-15 -1.7763568e-15 14.126458 18.602572 53.038115 0.011750906 0.011296721 0 0 0 0 0 0 0 0 3.5527137e-15 2.4004214 0.03649467 0 0.050616666 0.04184456 0.052747834 49.950863 0 58.47864 0 0 0 
6.6174209 0 0.019214273 -7.1054274e-15 0 0 0 0 0 0 0 0 -7.1054274e-15 0 77.276126 10.705073 0 56.418082 104.57891 -7.1054274e-15 0 0.013151495 0 0 0 0 0 0 -3.5527137e-15 0 0 0.053919578 0.07888027 0.062249903 0.08397043 0.064792646 0 0 20.877796 0 0 
26.644055 0.0095902532 0.017391048 0 0 0 0 0 0 0 0 0 0 0 124.3527 0 0 0 19.950321 79.328019 0 0 0 0 0 0 0 0 0 0 0 7.1054274e-15 0.12089269 -7.1054274e-15 0.09938674 0.12717082 0.0092237439 0 70.712362 37.737755 0 
0.011002766 0 -3.5527137e-15 -7.1054274e-15 0 0 0 0 0 0 0 0 0 75.547553 0 0 0 0 0 142.17377 0 0 0 0 0 0 0 7.1054274e-15 -1.7763568e-15 0.00091456522 0 7.1054274e-15 0.037492293 0.041498281 0.11862235 0.0055882401 164.8107 0.030348588 15.514235 4.1704704 0 
44.34105 0 92.291553 -7.1054274e-15 0 0 0 0 0 0 0 0 0 0 0 0 0 0 0 6.9662372 0 0 0 0 0 0 30.746754 0 43.249749 40.172735 0.029969626 0.054982356 0.015444667 0.0061101014 0.03594389 0.093721805 0.015524616 0.3357723 0.034939253 0 0 
80.487011 0 4.4408921e-16 0 0 0 0 0 0 0 0 0 0 0 0 0 0 0 0 0 0 0 0 0 0 0 0 0 99.109578 0 0 0 0 0 0.064240188 0.029036254 0.20646453 0.36125343 0.14915199 0.086456851 7.1265645 
158.5976 -7.1054274e-15 3.5527137e-15 0 0 0 0 0 0 0 0 0 0 0 0 0 0 0 0 0 0 0 0 0 0 0 0 0 0.010279566 0 0 0.064763204 0 0 0.06425645 0.060469163 0.092335909 119.68151 790.26927 10.43922 0 
121.37568 0 -3.5527137e-15 0 0 0 0 0 0 0 0 0 0 0 0 0 0 0 0 0 0 0 0 0 0 0 0 0 7.1054274e-15 7.1054274e-15 0 0.042392288 0.048995593 0.091654363 0.016728565 0.019251002 0.12883525 382.18051 0 0 0 
76.848146 0.030004785 3.5527137e-15 -7.1054274e-15 0 0 0 0 0 0 0 0 0 0 0 0 0 0 0 0 0 0 0 0 0 0 0 0 0.010738893 0.00096613987 0.010953887 0.054303864 0.045414991 0.056695896 0 3.5527137e-15 264.54419 0 0 0 0 
81.053684 0.01365352 0.0068972364 0 0 0 0.015240408 0 0 0 0 0 0 0 0 0 0 0 0 0 0 0 0 0 0 0 0 0 0 0.035161549 0.023463725 0.058615505 0.029842114 0.095964494 0.095151003 174.67426 0 0 0 0 0 
94.908395 0.0078461651 0.0012978467 0 0 0.015977936 3.5527137e-15 -7.1054274e-15 0 0 0 0 0 0 0 0 0 0 0 0 0 0 0 0 0 0 0 0 0.038690715 0.018767138 0.053341628 0.032896894 0.030711192 0.04313425 129.64166 8.2561256 0 0 0 0 0 
71.486763 0.00059008431 -3.5527137e-15 0 0 0.024485908 0 0 0 0 0 0 0 0 0 0 0 0 0 0 0 0 0 0 0 0 0.012243197 0.0090797037 0.0060113661 0.068053359 0.0062565068 0.0038696592 0.04597424 176.34213 138.9257 0 0 0 0 0 0 
109.33702 0.013894966 0 0.035536773 0.0067815385 -7.1054274e-15 0 0.01418194 0.011764419 0 0 0 0 0 0 0 0 0 0 0 0 0 0 0 0 0 0.0074185965 0 0.024736652 0.019338464 0.090054482 0.0048283203 -3.5527137e-15 162.84028 0 0 0 0 0 0 0 
158.52399 0.033045711 3.5527137e-15 0 0.019237752 0.022979782 0 0.010441111 0 7.1054274e-15 0 0 0 0 0 0 0 0 0 0 0 7.1054274e-15 0 0 0 0 0.036263148 0.031220996 0.017304563 0.0092780137 4.576136 -7.1054274e-15 387.28611 0 0 0 0 0 0 0 0 
41.42446 67.201112 127.29662 0.027103515 0.010078031 0.010624387 0 0.010205119 0.012364466 -7.1054274e-15 0 0 0 0 0 0 0 0 0 0 34.930934 0 -7.1054274e-15 7.1054274e-15 7.1054274e-15 7.1054274e-15 0.041726089 0.063679875 0.024238894 0.16058984 191.1007 90.775838 0 0 0 0 0 0 0 0 0 
0 25.385943 136.00448 -3.5527137e-15 0.026518687 0.010906559 0.083633652 0.01404096 0.017942791 1.4210855e-14 0 0 0 0 0 0 0 0 0 0 0 0 0 0 0.0016455508 0.019282145 0.014491243 0.044718262 0.099689656 240.13734 0 0 0 0 0 0 0 0 0 0 0 
0 0 40.740001 116.46408 0.024380717 0.11982496 41.711087 0.039590739 0.024353159 0 7.1054274e-15 0 0 7.1054274e-15 -7.1054274e-15 0 0 0 0 7.1054274e-15 7.1054274e-15 0 -7.1054274e-15 -7.1054274e-15 0.005285287 0.0013547243 0.13764934 25.721129 0.032869298 220.26172 0 0 0 0 0 0 0 0 0 0 0 
0 0 0 390.81255 0.072119829 67.538869 200.33637 0.064237962 27.044114 70.701845 0 0 0 7.1054274e-15 0 -3.5527137e-15 0 0 7.1054274e-15 7.1054274e-15 0 0 0 -7.1054274e-15 0.0067349006 0.012618798 7.3370115 177.02689 113.04389 1.6305644 0 0 0 0 0 0 0 0 0 0 0 
0 0 0 18.033855 47.976676 0 104.22968 8.9779854 71.722991 167.49278 69.682951 0 10.731164 3.5527137e-15 -3.5527137e-15 0 0 45.7366 0 0 3.5527137e-15 0 7.1054274e-15 0.5698873 140.3568 0.03662721 270.96397 0 0 0 0 0 0 0 0 0 0 0 0 0 0 
0 0 0 0 0 0 3.5459651 41.96155 0 0 124.88115 14.527659 21.694878 101.13817 0 0 0 0 0 112.21697 78.70878 44.693053 3.5527137e-15 103.75093 43.357915 0 111.91449 0 0 0 0 0 0 0 0 0 0 0 0 0 0 
0 0 0 0 0 0 0 0 0 0 36.215914 23.619325 25.598241 0 7.3531153 0 0 0 84.432671 0 0 0 4.1908539 64.0527 0 25.393276 0 0 0 0 0 0 0 0 0 0 0 0 0 0 0 
0 0 0 0 0 0 0 0 0 0 0 13.231426 0 14.829065 53.762334 27.58937 47.933514 79.256746 0.13527364 0 0 0 6.3824425 0 0 0 0 0 0 0 0 0 0 0 0 0 0 0 0 0 0 
0 0 0 0 0 0 0 0 0 0 0 0 0 0 0 0 0 0 0 0 0 0 0 0 0 0 0 0 0 0 0 0 0 0 0 0 0 0 0 0 0 
0 0 0 0 0 0 0 0 0 0 0 0 0 0 0 0 0 0 0 0 0 0 0 0 0 0 0 0 0 0 0 0 0 0 0 0 0 0 0 0 0 
0 0 0 0 0 0 0 0 0 0 0 0 0 0 0 0 0 0 0 0 0 0 0 0 0 0 0 0 0 0 0 0 0 0 0 0 0 0 0 0 0 
0 0 0 0 0 0 0 0 0 0 0 0 0 0 0 0 0 0 0 0 0 0 0 0 0 0 0 0 0 0 0 0 0 0 0 0 0 0 0 0 0 
0 0 0 0 0 0 0 0 0 0 0 0 0 0 0 0 0 0 0 0 0 0 0 0 0 0 0 0 0 0 0 0 0 0 0 0 0 0 0 0 0 
0 0 0 0 0 0 0 0 0 0 0 0 0 0 0 0 0 0 0 0 0 0 0 0 0 0 0 0 0 0 0 0 0 0 0 0 0 0 0 0 0 
0 0 0 0 0 0 0 0 0 0 0 0 0 0 0 0 0 0 0 0 0 0 0 0 0 0 0 0 0 0 0 0 0 0 0 0 0 0 0 0 0 
0 0 0 0 0 0 0 0 0 0 0 0 0 0 0 0 0 0 0 0 0 0 0 0 0 0 0 0 0 0 0 0 0 0 0 0 0 0 0 0 0 
0 0 0 0 0 0 0 0 0 0 0 0 0 0 0 0 0 0 0 0 0 0 0 0 0 0 0 0 0 0 0 0 0 0 0 0 0 0 0 0 0 
0 0 0 0 28.753291 0 0 0 0 0 0 0 0 0 0 0 0 0 0 0 0 0 0 0 0 0 0 0 0 0 0 0 0 0 0 0 0 0 0 0 0 
0 0 0 0 58.052694 0 0 0 0 0 0 0 0 0 0 0 0 0 0 0 0 0 0 0 0 0 0 0 0 0 0 0 0 0 0 0 0 0 0 0 0 
0 0 0 0 33.128617 0 0 0 0 0 0 0 0 0 0 0 0 0 0 0 0 0 0 0 0 0 0 0 0 0 0 0 0 0 0 0 0 0 0 0 0 
0 0 0 0 0 0 0 0 0 0 0 0 0 0 0 0 0 0 0 0 0 0 0 0 0 0 0 0 0 0 0 0 0 0 0 0 0 0 0 0 0 
