NCOLS 42
NROWS 52
XLLCORNER 276826.32
YLLCORNER 3833268.9
CELLSIZE 10
NODATA_VALUE -9999
0 0 0 0 0 0 0 0 0 0 27.876076 0 0 0 0 0 0 0 0 0 0 0 0 0 0 0 0 0 0 99.518131 141.53756 0 0.03516761 0 0 3.5527137e-15 0 0 0 0 0 0 
0 0 0 0 0 0 0 0 0 0 0 54.829574 0 0 0 0 0 0 0 0 0 0 0 0 0 0 28.202134 0 0 21.807679 0.040200269 0.026001033 0 0.066178306 0 0 0 0 0 0 0 0 
0 0 0 0 0 0 0 0 0 0 0 52.598905 0 0 0 0 0 0 0 0 0 0 0 0 0 146.61955 0 0 153.84594 0 0.013175167 -3.5527137e-15 -3.5527137e-15 0 0 0 0 0 4.567173 0 45.891966 28.502556 
0 0 0 0 0 0 0 0 0 0 0 0 0 0 0 0 0 0 0 0 0 0 0 0 47.562085 45.300386 7.1054274e-15 -3.5527137e-15 0.018909631 0.038435826 0 0 0 0 0 0 0 0 0 0 0 0 
0 0 0 0 0 0 0 0 0 0 0 0 0 0 0 0 0 0 0 0 0 0 0 0 20.816472 0.049726514 0.013680766 0.0080841164 -8.8817842e-16 0 0 0 0 0 0 0 0 0 0 0 0 0 
0 0 0 0 0 0 0 0 0 0 0 0 0 0 0 0 0 0 0 0 0 0 0 0 21.933176 0 0 0 0 0 0 0 0 0 0 0 0 0 0 0 0 0 
0 0 0 0 0 0 0 0 0 0 0 0 0 0 0 0 0 0 0 0 0 0 0 0 50.986858 0 0 0 0 0 0 0 0 0 0 0 0 0 0 0 0 0 
0 0 0 0 0 0 0 0 0 0 0 0 0 0 0 0 0 0 0 0 0 0 0 0 27.211169 0 0 0 0 0 0 0 0 0 0 0 0 0 0 0 0 0 
0 0 0 0 0 0 0 0 0 0 0 0 0 0 0 0 0 0 0 0 0 0 0 14.042575 3.5527137e-15 0 0 0 0 0 0 0 0 0 0 0 0 0 0 0 0 0 
0 0 0 0 0 0 0 0 0 0 29.342763 0 0 0 0 0 0 0 0 0 0 0 0 0 34.850071 -3.5527137e-15 0 0 0 0 0 0 0 0 0 0 0 0 0 0 0 0 
0 0 0 0 0 0 0 0 0 0 31.165016 0 0 0 0 0 0 0 0 0 0 0 0 0 56.178191 5.1567196 0 0 0 0 0 0 0 0 0 0 0 0 0 0 0 0 
0 0 -3.5527137e-15 0 3.5527137e-15 0 -3.5527137e-15 0 0 8.8817842e-16 0 0 30.724193 0 0 0 0 0 0 0 0 0 0 0 0 0 0 0 0 0 0 0 0 0 0 0 0 0 0 0 0 0 
59.812963 0 0.033621571 0.070607469 42.288043 0.021669159 0.019272746 0.029470465 0 0 67.18148 0 0 0 -3.5527137e-15 0 0.4652999 0 0 0 0 0 0 0 0 0 0 0 0 0 0 0 0 0 0 0 0 0 0 0 0 0 
3.5527137e-15 0.025969116 0.045851893 0.12619348 86.523187 840.97714 314.32092 128.15687 45.14224 164.63598 0 100.21485 0 3.5527137e-15 -3.5527137e-15 4.90907 21.746024 25.84902 0 0 0 0 0.18150561 0 0 0 0 0 0 0 0 0 0 0 0 0 0 0 0 0 0 0 
4.4408921e-16 0.016196492 0.018598703 0.02889386 0 -3.5527137e-15 0.027113026 0.044180386 0.10729895 0.037112873 -1.0658141e-14 0.041890664 0 0.043165985 406.99062 0 0 0 0 0 0 0 5.9604655 0 0 0 0 0 0 0 0 0 0 0 0 0 0 0 0 0 0 0 
0 3.5527137e-15 0.042182543 7.1054274e-15 0 3.5527137e-15 0.028060907 3.5527137e-15 0.021230657 0.047690824 0.024290728 0.017028577 0.052528928 -7.1054274e-15 121.35202 0 0 0 0 0 0 0 30.810463 58.224947 0 0 0 0 0 0 0 0 0 0 0 0 0 0 0 0 0 0 
0 0.038408924 0 0 7.1054274e-15 0.032714366 0.063217509 0 0 0 0 0.060907554 0.027368472 7.1054274e-15 54.712595 0 0 0 0 0 0 0 0 18.939541 0 0 0 0 0 0 0 0 0 0 0 0 0 0 0 0 0 0 
0 0.0022328451 0 -3.5527137e-15 4.1633363e-16 0.025715501 0 0 0.021031751 0.012462073 -3.5527137e-15 0.028655551 0 3.5527137e-15 326.74642 0 0 0 0 0 0 0 0 0 0 0 0 0 0 0 0 0 0 0 0 0 0 0 0 0 0 0 
0 0 0 0.024566798 -4.1633363e-17 0 0.056440885 0.053296845 0.031352133 0.042001916 3.5527137e-15 3.5527137e-15 0 -7.1054274e-15 120.60042 385.43988 25.555816 30.427918 54.008688 0 0 0 0 0 0 0 0 0 0 0 0 0 0 0 0 0 0 0 0 0 0 0 
0 0 0 0 20.532609 0 0 0 0 -7.7715612e-16 -8.8817842e-16 0 0 -7.1054274e-15 0.0022584878 0.067240872 4.4408921e-16 0.010678532 0 119.20283 0 0 0 0 0 0 0 0 0 0 0 0 20.387458 0 -2.6645353e-15 0 0 0 0 0 0 0 
0 0 0 0 0 0 0 0 0.6928308 2.220446e-15 0.0023092184 0.00031174437 1.0658141e-14 0.071055064 0.12629717 -1.7763568e-15 0.02782271 0.038339045 0 122.96144 36.269227 39.786827 58.843246 0 0 0 0 0 0 0 0 0 0 59.072689 0 0 0 0 0 0 0 0 
0 0 0 0 0 0 0 -3.5527137e-15 53.321684 2.7755576e-17 -8.8817842e-16 0.013838711 0.03873203 0.085268822 0 0 3.5527137e-15 3.5527137e-15 0.031619652 0 49.830898 0.051504597 22.011816 6.3628358 0 0 0 0 0 0 0 0 0 66.589317 0 0 0 0 0 0 0 0 
0 0 0 0 0 0 24.509615 5.876254 39.974877 0.011226734 0.040559471 7.1054274e-15 3.5527137e-15 0 0 0 0.030561232 0.0017135051 0 0 7.1054274e-15 39.709391 0.087560632 0 0 0 0 0 0 0 0 0 0 52.427362 0 0 0 0 0 0 0 0 
0 0 0 0 0 0 -1.7763568e-15 41.775206 4.5306983 0 1.7763568e-15 0.020166898 0.03453431 0 0 0.038138362 0.029557564 0 0 115.90954 0 0 30.864869 104.40752 0 0 0 0 0 0 0 0 0 45.484833 0 0 0 0 0 0 0 0 
0 0 0 0 0 -1.7763568e-15 -3.5527137e-15 0 0 -3.5527137e-15 0.037622678 0 0 0 0 0 3.5527137e-15 0.0085058608 -3.5527137e-15 0 146.55566 20.998486 85.286461 0.090421134 215.45838 0 0 0 0 0 0 0 0 14.356933 0 0 0 0 0 0 0 0 
0 0 0 0 0 0 -3.5527137e-15 0 0 0 0.0045358407 0 0 0 3.6516657 0 0.03972082 0 -3.5527137e-15 0 3.5527137e-15 0.010441558 0.11732523 0.090853383 190.16794 0 0 0 0 0 0 0 0 0 0 0 0 0 0 0 0 0 
0 0 0 0 0 0 0 0 0 0 0 0 0 0 0 0 7.1054274e-15 3.5527137e-15 0 0.055646958 -3.5527137e-15 0.057381686 0.035354219 0.041427765 112.37519 0 0 0 0 0 0 0 0 0 0 0 0 0 0 0 0 0 
0 0 0 0 0 0 0 0 0 0 0 0 0 0 0 0 0 0 0 0 0 3.5527137e-15 0.085139241 0.077700699 55.268996 0 0 0 0 0 0 0 29.1375 0 0 0 0 0 0 0 0 0 
28.027043 0 0 0 0 0 0 0 0 0 0 0 0 0 0 0 7.1054274e-15 3.5527137e-15 3.5527137e-15 3.5527137e-15 0 0.033902747 0.036281893 0.015456758 24.416522 0 0 0 0 7.0138254 0 0 42.769683 0 0 0 0 0 0 0 0 0 
0 62.799268 38.853108 0.024148836 3.5527137e-15 0 0 0 0 0 0 0 0 0 0 0 0 0 0 0 0.048072125 0.028950242 0.034672209 0.046173804 67.723349 0 0 0 0 54.339643 0 0 53.019584 0 0 0 0 0 0 0 0 0 
0 0 0 0.026312443 0 0.03050011 -3.5527137e-15 0 0 0 0 0 0 0 0 0 0 0.13871502 0 0 -2.6229019e-15 0 0 0 109.38475 0 0 0 0 62.292705 0 0 44.330438 0 0 0 0 0 0 0 0 0 
0 0 0 0.18483392 7.5206956 0.11409233 0 0 0 0 0 0 0.0096743716 0 -3.5527137e-15 0 0.022919568 0 0 0.014385124 0 0.033021488 0 46.160228 0 0 0 0 0 47.426611 0 0 11.468941 0 0 0 0 0 0 0 0 0 
0 0 0.11848985 0.2387886 238.60567 222.48645 134.04128 89.881332 129.25398 0.037968359 7.1054274e-15 3.5527137e-15 0 0.097311762 0 0 3.5527137e-15 0.024309222 0 0 0 0 0.003111054 2.8595087 0 0 0 0 0 49.103654 0 0 0 0 0 0 0 0 0 0 0 0 
0 0 0.087133422 0 0.017686228 0.071107762 0.056364379 0.061053407 0.0344796 0.054760404 0.065395091 0.17363486 18.913956 0 0 0 -3.5527137e-15 0.013564048 -3.5527137e-15 3.5527137e-15 3.1086245e-15 0 0.030282168 54.955316 0 0 0 0 0 37.916949 0 0 0 0 0 0 0 0 0 0 0 0 
0 0.12626482 0 0 0 0.018385692 0 7.1054274e-15 3.5527137e-15 0 0.19779769 46.246013 0.20689149 0.11271064 121.06828 400.57021 99.146581 53.568297 29.629375 3.3355714 35.343932 71.9117 0 27.657389 0 0 0 0 3.5527137e-15 39.697801 0 0 0 0 0 0 0 0 0 0 0 0 
0 0.011850582 413.85283 0.010678906 -8.8817842e-16 0.034591016 0.031981014 -3.5527137e-15 0.017331647 0.042534715 0.025048698 0.13894139 1.7763568e-14 0.12955779 424.75515 1459.7265 0 191.2828 30.901325 50.84498 3.0548208 0 93.633702 8.2368244 0 0 0 -3.5527137e-15 97.147373 11.574557 0 0 0 0 0 0 0 0 0 0 0 0 
0 0 0.1285117 -3.5527137e-15 4.4408921e-15 0 7.1054274e-15 0 0.098999249 0.059389858 0.18507946 0.034617526 7.1054274e-15 7.1054274e-15 0.028508255 3.5527137e-15 0.029880123 0.013368498 0.070573842 63.595609 0 0 0 0 0 0 -6.9388939e-17 0 57.600205 0 0 0 0 0 0 0 0 0 0 0 0 0 
0 1.4210855e-14 0.055171356 0 0 0 0.014285966 0.011550409 0.017049284 0.079933177 0.048929274 -3.5527137e-15 0.046970086 0.053776791 0.021763397 0.040236418 0.050877211 0.022872689 0.042909283 0.035782453 4.5704448 0 0 0 0 0 0 0.051805736 0 0 0 0 0 0 0 0 0 0 0 0 0 0 
0 0 -3.5527137e-15 0 0 0 0 3.5527137e-15 3.5527137e-15 0.020727379 0.037606658 0 0.024829546 7.1054274e-15 0 0.011577341 0.033763014 0.014648724 7.9099719 0 20.767314 0 0 0 0 0 0 0 0 0 0 0 2.3319045 0 0 0 0 0 0 0 0 0 
61.864644 -7.1054274e-15 -3.5527137e-15 0 0 0.028218393 -3.5527137e-15 3.5527137e-15 0.0031891825 0 0 0.0090272555 0.001010755 0 3.5527137e-15 0.061474758 20.577002 0 0 0 0 131.64436 0 0 0 0 0 0 0 0 0 0.72775588 1.110223e-16 0.50276116 0 0 0 0 0 0 0 0 
3.5527137e-15 34.114547 0 0 0 -2.220446e-16 7.1054274e-15 0 0 0 0.00019007985 0 0.034938086 0 0.064840746 -1.0658141e-14 28.634546 100.55337 0 0 0 -7.1054274e-15 32.921504 19.046362 0 0 0 0 0 0 0 0.036052163 0.0010688267 109.18123 0 0 0 0 0 0 0 0 
0 0 0 0 0 0 0 0 3.5527137e-15 -3.5527137e-15 0.0015947021 10.516443 0 0 0 0 0 109.8776 0 0 7.1054274e-15 -1.3322676e-15 34.99468 1.7235113 0 28.338366 0 66.317105 19.55882 20.185399 0 0.033500824 0.0073362804 73.109362 147.66751 0 0 0 0 0 0 0 
19.80475 0 0 0 0 0 0 0 0 0 0 0 5.2873995 0 0 0 0.029358613 0.012535797 233.55048 179.69147 3.1086245e-15 3.5527137e-15 79.063638 76.092715 8.1907924 41.792589 -3.5527137e-15 0 87.177686 66.432061 87.998787 0.0026627405 0.059477412 0.0043539015 0.030005326 180.80549 0 0 0 0 0 0 
0 19.595124 0 0 0 0 0 0 0 0 0 0 0 0 3.5527137e-15 0 3.7747583e-15 0.086787702 0.050016699 0 -3.5527137e-15 0 0 7.1054274e-15 -8.8817842e-16 -3.5527137e-15 0 0 0.043106997 0.010355483 2.6645353e-15 -7.1054274e-15 0.023178111 0.038280514 0.027054793 0 179.48573 69.600329 51.939485 0 0 0 
0 0 0 0 0 0 0 0 0 0 21.613042 0 0 0 -3.5527137e-15 0.030400873 0 0.032151471 0 -3.5527137e-15 3.5527137e-15 0 -3.5527137e-15 0 0 0 0 -3.5527137e-15 0.00072772497 1.7763568e-15 3.5527137e-15 0 0 0.016806534 3.5527137e-15 0.052505084 0.0087425221 0.043258568 37.336287 0 0 0 
0 0 0 0 0 0 0 0 0 7.1054274e-15 1.7763568e-15 -8.8817842e-16 15.157174 0 0.048441486 364.75236 197.55773 2.6645353e-15 2.220446e-15 0 0 0 0 0 0 0 5.7091453 0 0 0 0 0 0 0 0.0054378619 -3.5527137e-15 0.0047131604 0.0061788804 67.358324 0 0 0 
0 0 0 0 0 0 0.035068893 0 0.0014180623 3.5527137e-15 0 1.3322676e-15 4.4408921e-16 -7.1054274e-15 0 0.31608711 0.031840102 0.024205171 0 0.72956353 0 0 0 0 0 -3.5527137e-15 43.019453 0 0 0 0 0 0 7.1054274e-15 0.0084099437 0 0.064032141 0.017991454 2.6557512 0 0 0 
0 0 0 0 0 0 0 108.37809 27.298307 -1.831868e-15 0.054722746 0.0049185756 110.7353 0 0.24550886 0.099356452 0.047540735 3.5527137e-15 0 0 0 0 0 0 0 -7.1054274e-15 48.976577 0 0 0 0 0 0 0 60.239872 0 0 0 12.09635 92.819536 77.177374 0 
0 0 0 0.00030123595 64.063877 0 7.1054274e-15 112.9777 65.194281 66.881378 0.05765046 0.14303889 68.973008 0.18049276 0.28180473 0.021379273 0 0 0 0 0 0 0 0 0 37.812163 0 0 0 0 0 0 0 0 0 0 0 0 3.5527137e-15 -3.5527137e-15 5.3290705e-15 35.682046 
0 0 0 3.5527137e-15 0 -3.5527137e-15 0 0 -3.5527137e-15 12.930147 0.053152489 0.097423997 0.018087592 0.040287427 0 3.7283334 0 0 0 0 0 0 0 0 0 -1.7763568e-15 18.12119 0 0 0 0 0 0 0 0 0 0 0 0 3.5527137e-15 -3.5527137e-15 27.107933 
0 0 0 -6.6613381e-16 2.0112357 0 4.4408921e-16 0 0.028948564 0 0 0 0.013781864 0 0 18.042382 0 0 0 0 0 0 0 0 0 0 54.879183 0 0 0 0 0 0 0 0 0 0 0 0 0 0 0 
0 0 0 0 0 0 0 0 0 0 0 0 0 0 0 0 0 0 0 0 0 0 0 0 7.6034073 0 54.626547 0 24.72535 0 0.033179903 3.5527137e-15 72.754608 19.859609 0 0 0 0 0 0 0 0 
