NCOLS 42
NROWS 43
XLLCORNER 276826.32
YLLCORNER 3833378.9
CELLSIZE 10
NODATA_VALUE -9999
0 0 0 0 0 0 0 0 0 0 0 0 0 0 0 0 0 0 0 0 0 0 0 0 0 0 0 0 0 0 0 48.327522 0 0 75.567087 245.8698 0.033733012 7.1054274e-15 0 0 0 0 
0 0 0 0 0 0 0 0 0 0 0 0 0 0 0 0 0 0 0 0 0 0 0 0 0 0 0 0 0 0 230.29191 1.4210855e-14 0 0 0.0068567108 0.042695211 0.036040696 -7.1054274e-15 -7.1054274e-15 0 0 0 
0 0 0 0 0 0 0 0 0 0 0 66.635797 0 0 0 0 0 0 0 0 0 0 0 0 0 0 0 0 0 139.01254 458.03171 0.044064057 -3.5527137e-15 0 0 0 3.5527137e-15 0 0 0 0 0 
0 0 0 0 0 0 0 0 0 0 0 111.99148 0 0 0 0 0 0 0 0 0 0 0 0 0 0 54.258327 0 0 28.999903 0.04871174 0.035187159 0.048119457 0.035211973 0 0 0 0 0 0 0 0 
0 0 0 0 0 0 0 0 0 0 0 93.965623 0 0 0 0 0 0 0 0 0 0 0 0 0 200.40226 0 0 220.22924 7.1054274e-15 0.016194288 0 0 0 0 0 0 0 5.6456929 0 62.984489 0 
0 0 0 0 0 0 0 0 0 0 0 0 0 0 0 0 0 0 0 0 0 0 0 0 57.775661 59.11759 3.5527137e-15 7.1054274e-15 0.031475884 -7.1054274e-15 0 0 0 0 0 0 0 0 0 0 0 0 
0 0 0 0 0 0 0 0 0 0 0 0 0 0 0 0 0 0 0 0 0 0 0 0 25.054752 0.014068948 0.021875257 0.0098359015 -1.7763568e-15 -7.1054274e-15 0 0 0 0 0 0 0 0 0 0 0 0 
0 0 0 0 0 0 0 0 0 0 0 0 0 0 0 0 0 0 0 0 0 0 0 0 27.934517 0 0 0 0 0 0 0 0 0 0 0 0 0 0 0 0 0 
0 0 0 0 0 0 0 0 0 0 0 0 0 0 0 0 0 0 0 0 0 0 0 0 69.957523 0 0 0 0 0 0 0 0 0 0 0 0 0 0 0 0 0 
0 0 0 0 0 0 0 0 0 0 0 0 0 0 0 0 0 0 0 0 0 0 0 0 34.853378 0 0 0 0 0 0 0 0 0 0 0 0 0 0 0 0 0 
0 0 0 0 0 0 0 0 0 0 0 0 0 0 0 0 0 0 0 0 0 0 0 17.30273 0 0 0 0 0 0 0 0 0 0 0 0 0 0 0 0 0 0 
0 0 0 0 0 0 0 0 0 -1.7763568e-15 49.524332 0 0 0 0 0 0 0 0 0 0 0 0 0 45.974595 0 0 0 0 0 0 0 0 0 0 0 0 0 0 0 0 0 
0 0 0 0 0 0 0 0 1.4210855e-14 0 52.286637 0 0 0 0 0 0 0 0 0 0 0 0 0 71.173245 6.9943704 0 0 0 0 0 0 0 0 0 0 0 0 0 0 0 0 
0 0 -7.1054274e-15 0 0 0 0 0 0 4.4408921e-15 0 0 51.880325 0 0 0 0 0 0 0 0 0 0 0 0 0 0 0 0 0 0 0 0 0 0 0 0 0 0 0 0 0 
116.34046 0 0.038828803 -7.1054274e-15 56.569763 0.039918582 0.03243083 0 3.5527137e-15 -1.7763568e-15 101.57224 0 0 0 0 0 0.79901383 0 0 0 0 0 0 0 0 0 0 0 0 0 0 0 0 0 0 0 0 0 0 0 0 0 
0 0.031131154 0.055143966 0.088194665 167.31895 1302.0047 507.70649 201.84601 62.565211 243.57527 0 160.01804 7.1054274e-15 0.051713601 -7.1054274e-15 8.4426604 36.177676 43.455695 0 0 0 0 0.3573716 0 0 0 0 0 0 0 0 0 0 0 0 0 0 0 0 0 0 0 
8.8817842e-16 0.01956869 0.022395173 0 2.8421709e-14 0 -2.1316282e-14 0.019058807 0.1155091 0 0.041826544 0.0082267059 0 0.022153643 639.42655 0 0 0 0 0 0 0 11.697423 0 0 0 0 0 0 0 0 0 0 0 0 0 0 0 0 0 0 0 
0 0.046249164 0.049612726 -7.1054274e-15 -7.1054274e-15 0 0.036819797 0 7.1054274e-15 0.014423802 0.034442712 0.035601134 0.022963634 1.4210855e-14 182.4555 0 0 0 0 0 0 0 60.317792 102.12596 0 0 0 0 0 0 0 0 0 0 0 0 0 0 0 0 0 0 
0 0 0 -7.1054274e-15 -7.1054274e-15 -7.1054274e-15 0.08076477 0.045204184 0 0 0 0.06842788 0.035619773 7.1054274e-15 75.775293 0 0 0 0 0 0 0 0 30.670677 0 0 0 0 0 0 0 0 0 0 0 0 0 0 0 0 0 0 
0 0.0026261464 0 0 -9.9920072e-16 0 0 0 0.070066107 0.017421061 -7.1054274e-15 0.037294892 0 0 610.40088 0 0 0 0 0 0 0 0 0 0 0 0 0 0 0 0 0 0 0 0 0 0 0 0 0 0 0 
0 0 0 0.028894081 -2.7755576e-17 0 0.033416648 0 0.091882074 0.049198326 0 7.1054274e-15 0 -7.1054274e-15 197.23879 736.75927 43.777526 46.184924 77.121516 0 0 0 0 0 0 0 0 0 0 0 0 0 0 0 0 0 0 0 0 0 0 0 
0 0 0 0 38.075556 0 0 0 0 4.2188475e-15 8.8817842e-16 0 0 0 0.021628751 0.10088112 0.041025926 0.015495599 0.0013310203 184.46715 0 0 0 0 0 0 0 0 0 0 0 0 43.6293 0 -1.7763568e-15 0 0 0 0 0 0 0 
0 0 0 0 0 0 0 0 1.5270843 1.7763568e-15 0.0050898014 0.00060456838 7.1054274e-15 0.055103438 0.12167216 -3.5527137e-15 7.1054274e-15 0 0 173.10142 43.258703 70.871271 102.08343 0 0 0 0 0 0 0 0 0 0 116.42262 7.1054274e-15 0 0 0 0 0 0 0 
0 0 0 0 0 0 0 0 97.705522 0 -1.7763568e-15 0.028932178 0 0.028700852 0 0 7.1054274e-15 -3.5527137e-15 0.020653284 -1.5543122e-15 66.584598 0.023468121 33.888051 9.6048985 0 0 0 0 0 0 0 0 0 122.30391 0 0 0 0 0 0 0 0 
0 0 0 0 0 0 53.039473 12.188375 74.273442 0.023180388 0.0043325858 7.1054274e-15 -7.1054274e-15 0.0018511518 0 0 0.089981142 0.021837269 0 0 -1.4210855e-14 61.176861 0.10939186 0 0 0 0 0 0 0 0 0 0 106.46914 0 0 0 0 0 0 0 0 
0 0 0 0 0 0 0 89.20517 8.4492157 7.1054274e-15 0 0.042605179 0 0 0 1.4210855e-14 0 0 -7.1054274e-15 164.65117 0 0.0060790322 49.376283 166.64066 0 0 0 0 0 0 0 0 0 99.184794 -1.4210855e-14 0 0 0 0 0 0 0 
0 0 0 0 0 0 0 -5.3290705e-15 7.1054274e-15 0 0 0 0 0 0 0 0 0.012542301 0 0 221.45406 36.480523 120.70382 0.091148206 354.31339 0 0 0 0 0 0 0 0 31.928172 0 0 0 0 0 0 0 0 
0 0 0 0 0 0 0 0 0 0 0.0094081239 0 0 0 8.1053441 0 0 -3.5527137e-15 0 -1.4210855e-14 7.1054274e-15 0.014338494 0.075329472 0.041559657 332.19787 0 0 0 0 0 0 0 0 0 0 0 0 0 0 0 0 0 
0 0 0 0 0 0 0 0 0 0 0 0 0 0 0 0 0 0 0 0 0.044903692 0.0087154256 0.054484351 0.10698607 189.0686 0 0 0 0 0 0 0 0 0 0 0 0 0 0 0 0 0 
0 0 0 0 0 0 0 0 0 0 0 0 0 0 0 0 0 0 7.1054274e-15 0 -1.4210855e-14 7.1054274e-15 0.069477578 0.13559413 83.298975 0 0 0 0 0 0 0 60.822049 0 0 0 0 0 0 0 0 0 
52.64872 0 0 0 0 0 0 0 0 0 0 0 0 0 0 0 0 0 0 0 7.1054274e-15 0.050525775 0.010910483 0.050324404 39.918803 0 0 0 0 12.199531 0 0 83.84068 0 0 0 0 0 0 0 0 0 
0 117.09587 68.659621 0 0 0 0 0 0 0 0 0 0 0 0 0 0 0 7.1054274e-15 0 0.012267381 0.013487995 0.04202914 0.016749297 110.09739 0 0 0 0 94.892708 0 0 97.669564 0 0 0 0 0 0 0 0 0 
0 0 0 0 0.045926759 0 0 0 0 0 0 0 0 0 0 0 0 0.17796139 0 0 -3.469447e-15 0 -7.1054274e-15 0 192.73225 0 0 0 0 110.00712 0 0 88.354745 0 0 0 0 0 0 0 0 0 
0 0 0 0.14152805 11.130007 0.091231499 0 0 0 0 0 -1.4210855e-14 0.017268186 -7.1054274e-15 -7.1054274e-15 -7.1054274e-15 0 0 0 0.025542025 0 0.002864111 0 85.099937 0 0 0 0 0 78.751135 0 0 23.605032 0 0 0 0 0 0 0 0 0 
0 0.0047875707 0.04008116 0.17240775 444.27704 412.45828 254.15575 171.71593 219.28379 0.067594274 7.1054274e-15 0 0 0.046237799 0 0 0 0.046411548 0 0 0 0 0.058474943 5.1412927 0 0 0 0 -7.1054274e-15 83.163097 0 0 0 0 0 0 0 0 0 0 0 0 
0 0 0.025465007 0 0.038207998 0.020803545 6.1686767e-15 0.035266981 2.1926905e-15 0.039666377 0.042247963 0.14993665 18.804506 0 0 0 0 0.035406626 7.1054274e-15 7.1054274e-15 1.7763568e-15 0 -7.1054274e-15 95.70213 0 0 0 0 0 57.100569 0 0 0 0 0 0 0 0 0 0 0 0 
0 0.1485113 0 0 0 0.031767251 0.059702181 0 2.8421709e-14 -7.1054274e-15 0.078465897 68.427916 0.31959393 0.12867017 151.76328 422.8561 132.5512 71.322866 37.434728 4.3371115 45.993141 89.663247 0 40.496853 0 0 0 0 -7.1054274e-15 53.618712 0 0 0 0 0 0 0 0 0 0 0 0 
0 0.02240147 617.27697 0.020488303 -8.8817842e-16 7.1054274e-15 -7.1054274e-15 7.1054274e-15 0.029283359 0.066052034 1.0658141e-14 0.14114945 2.1316282e-14 0.091093236 648.69723 1908.0572 0 235.76526 41.800103 72.835127 3.7729617 0 121.41799 13.503027 0 0 0 0 124.71856 15.218862 0 0 0 0 0 0 0 0 0 0 0 0 
0 0 0.11425742 0 5.3290705e-15 -1.4210855e-14 -7.1054274e-15 0 0.0098942846 0.034082744 0.10593935 0 0 -7.1054274e-15 0.039789237 -3.5527137e-15 -7.1054274e-15 1.4210855e-14 7.1054274e-15 83.037666 0 0 0 0 0 0 1.2490009e-16 0 83.152052 0 0 0 0 0 0 0 0 0 0 0 0 0 
0 0 0 -7.1054274e-15 0 0 0 7.1054274e-15 0.029673125 0 0 0 1.4210855e-14 -7.1054274e-15 0 0.0016960732 0.06683825 0 0.0057832414 0.051985496 3.761408 0 0 0 0 0 0 0.078167461 0 0 0 0 0 0 0 0 0 0 0 0 0 0 
0 0 7.1054274e-15 0 0 0 0 -7.1054274e-15 0 3.5527137e-15 0 0 0 0 0 0.015209348 0.00073563927 0.016732046 5.7165077 0 0 0 0 0 0 0 0 0 0 0 0 0 0 0 0 0 0 0 0 0 0 0 
13.055545 0 0 0 0 0 0 0 0 0 0 0 0 0 0 0 0.63294929 0 0 0 0 0 0 0 0 0 0 0 0 0 0 0 0 0 0 0 0 0 0 0 0 0 
0 22.654582 0 0 0 0 0 0 0 0 0 0 0 0 0 0 29.564399 0 0 0 0 0 0 0 0 0 0 0 0 0 0 0 0 0 0 0 0 0 0 0 0 0 
