NCOLS 42
NROWS 41
XLLCORNER 276826.32
YLLCORNER 3833378.9
CELLSIZE 10
NODATA_VALUE -9999
0 0 0 0 0 0 0 0 0 -27.140154 0 0 0 0 0 0 0 0 0 0 0 0 0 0 0 0 0 0 0 0 0 -26.877425 -26.283734 -26.533214 -26.361811 -26.502286 0 0 0 0 0 -27.611192 
0 0 0 0 0 0 0 0 0 -27.408327 -27.140154 0 0 0 0 0 0 0 0 0 0 0 0 0 0 0 0 -27.422004 0 0 -26.631467 -26.381795 -26.382884 -26.283734 -26.533214 -26.361811 -26.502286 0 0 0 -27.611192 0 
0 0 0 0 0 0 0 0 0 0 -27.5214 0 0 0 0 0 0 0 0 0 0 0 0 0 0 0 -26.576128 0 0 -26.986521 -26.346255 -26.631467 -26.381795 -26.382884 0 0 0 0 0 0 0 0 
0 0 0 0 0 0 0 0 0 0 0 0 0 0 0 0 0 0 0 0 0 0 0 0 0 0 -26.321832 -26.576128 -26.762022 -26.364844 -26.48739 -26.346255 -26.770037 0 0 0 0 0 0 0 0 0 
0 0 0 0 0 0 0 0 0 0 0 0 0 0 0 0 0 0 0 0 0 0 0 0 0 -26.330009 -26.418717 -26.321832 0 -26.762022 -26.364844 -26.48739 0 0 0 0 0 0 0 0 0 0 
0 0 0 0 0 0 0 0 0 0 0 0 0 0 0 0 0 0 0 0 0 0 0 0 0 -26.446703 -26.330009 -26.418717 0 0 0 0 0 0 0 0 0 0 0 0 0 0 
0 0 0 0 0 0 0 0 0 0 0 0 0 0 0 0 0 0 0 0 0 0 0 0 0 -26.635955 -26.446703 0 0 0 0 0 0 0 0 0 0 0 0 0 0 0 
0 0 0 0 0 0 0 0 0 0 0 0 0 0 0 0 0 0 0 0 0 0 0 0 0 -26.461552 -26.345661 0 0 0 0 0 0 0 0 0 0 0 0 0 0 0 
0 0 0 0 0 0 0 0 0 0 0 0 0 0 0 0 0 0 0 0 0 0 0 0 0 -26.345661 -26.536589 0 0 0 0 0 0 0 0 0 0 0 0 0 0 0 
0 0 0 0 0 0 0 -27.650824 -26.801058 0 0 0 0 0 0 0 0 0 0 0 0 0 0 0 0 -26.536589 0 0 0 0 0 0 0 0 0 0 0 0 0 0 0 0 
0 0 -27.201386 -26.943193 -26.82443 -26.696452 -26.504646 -26.48475 -27.650824 -26.801058 0 0 0 0 0 0 0 0 0 0 0 0 0 0 0 0 0 0 0 0 0 0 0 0 0 0 0 0 0 0 0 0 
-27.780383 -27.011932 -26.610639 -27.09296 -26.943193 -26.82443 -26.696452 -26.504646 -26.48475 0 0 0 0 -26.848311 0 0 0 0 0 0 0 0 0 0 0 0 0 0 0 0 0 0 0 0 0 0 0 0 0 0 0 0 
0 -27.780383 -27.011932 -26.610639 -27.09296 -27.109524 -27.221429 -27.398544 0 0 0 0 -26.890523 -26.66814 -26.848311 0 0 0 0 0 0 0 0 0 0 0 0 0 0 0 0 0 0 0 0 0 0 0 0 0 0 0 
-27.111736 -26.553366 -26.37565 -26.998136 0 0 0 0 0 0 0 0 0 -26.890523 -26.66814 0 0 0 0 0 0 0 0 0 0 -26.996901 0 0 0 0 0 0 0 0 0 0 0 0 0 0 0 0 
0 -26.37565 -26.275155 -26.470175 -26.563234 -26.674858 -26.840783 -26.65086 -26.424231 -27.249863 -27.249863 -27.183727 0 0 0 0 0 0 0 0 0 0 0 0 -26.996901 -26.777847 0 0 0 0 0 0 0 0 0 0 0 0 0 0 0 0 
0 -26.275155 -26.339826 -26.563234 -26.674858 -26.690777 -26.636709 -26.424231 -26.286154 -26.383613 -26.533568 -26.651387 -26.625581 -26.408625 0 0 0 0 0 0 0 0 0 0 -26.777847 0 0 0 0 0 0 0 0 0 0 0 0 0 0 0 0 0 
0 -26.339826 -26.353087 -26.754879 -26.690777 -26.636709 -26.534276 -26.286154 -26.383613 -26.533568 -26.473632 -26.601293 -26.408625 -26.309644 0 0 0 0 0 0 0 0 0 0 0 0 0 0 0 0 0 0 0 0 0 0 0 0 0 0 0 0 
-27.494085 -26.353087 -26.347375 0 0 -27.57959 -26.920027 -26.432896 -26.580907 -26.473632 -26.601293 -26.830808 -26.309644 -26.415262 0 0 0 0 0 0 0 0 0 0 0 0 0 0 0 0 0 0 0 0 0 0 0 0 0 0 0 0 
0 -26.347375 -26.307105 0 0 0 -27.451477 -27.182858 0 -27.466009 -27.020912 0 -26.415262 -26.453112 0 0 0 0 0 0 0 0 0 0 0 0 0 0 0 0 0 0 0 0 0 0 0 0 0 0 0 0 
0 -26.307105 -27.459368 0 0 0 -27.055708 0 0 0 0 -27.245033 -26.564616 -26.677413 -27.193375 -27.430846 0 -26.700085 -27.578042 0 0 0 0 0 0 0 0 0 0 0 0 0 0 0 0 -27.077604 0 0 0 0 0 0 
0 0 0 0 0 0 -26.880784 -27.055708 0 0 0 0 -26.825274 -27.193375 -27.430846 0 -26.700085 -26.419371 -26.293453 0 0 0 0 0 0 0 0 0 0 0 0 0 0 0 -27.077604 -27.635736 0 0 0 0 0 0 
0 0 0 0 0 0 -26.94044 -26.880784 0 0 0 -27.05226 -26.742012 0 0 -27.313036 -26.419371 -26.293453 -26.298014 0 0 -27.472712 0 0 0 0 0 0 0 0 0 0 0 0 -27.635736 -27.028737 0 0 0 0 0 0 
0 0 0 0 0 0 0 -26.94044 0 0 -27.05226 -26.742012 -26.714685 0 0 0 -27.519964 -26.298014 -26.437007 0 -27.472712 0 0 0 0 0 0 0 0 0 0 0 0 0 -27.028737 -27.15487 0 0 0 0 0 0 
0 0 0 0 0 -27.228884 0 0 0 0 0 -26.714685 0 0 0 -27.519964 -26.655896 -26.437007 -26.429434 0 0 0 0 0 0 0 0 0 0 0 0 0 0 0 -27.15487 0 0 0 0 0 0 0 
0 0 0 0 -27.228884 0 -27.048151 0 0 -27.181123 -27.347078 0 0 0 0 -26.655896 -26.525559 -26.429434 -26.301698 0 0 0 0 -27.758996 0 0 0 0 0 0 0 0 0 0 0 0 0 0 0 0 0 0 
0 0 0 0 0 -27.048151 0 0 -27.181123 -27.347078 0 0 0 0 0 0 -26.537664 -26.301698 -26.554891 -27.712247 0 0 -27.758996 -27.129758 0 0 0 0 0 0 0 0 0 0 0 0 0 0 0 0 0 0 
0 0 0 0 0 0 0 0 0 0 0 0 0 0 0 -27.160695 -26.705296 -26.534985 -26.6797 -26.75382 0 0 -27.129758 -26.839469 0 0 0 0 0 0 0 0 0 0 0 0 0 0 0 0 0 0 
-26.948191 -26.961205 0 0 0 0 0 0 0 0 0 0 0 0 -27.160695 0 -26.534985 -26.451082 -26.75382 -26.75382 -27.188093 0 -26.839469 -26.544941 0 0 0 0 0 0 0 0 0 0 -27.304528 0 0 0 0 0 0 0 
0 -27.468683 -27.504348 0 0 0 0 0 0 0 0 0 0 0 0 -26.68287 -26.451082 -26.451082 -26.75382 -26.577989 -26.634452 -27.369994 -26.544941 -26.496556 0 0 0 0 0 0 0 0 0 -27.304528 -26.844309 0 0 0 0 0 0 0 
0 0 0 -27.23359 -27.174234 -26.972229 -26.798675 -27.420749 0 0 -27.493191 -27.117995 -26.721407 -26.543103 -27.114128 0 -26.451082 -26.920027 -26.577989 -26.634452 -27.02481 -27.609582 -26.496556 -26.856431 0 0 0 0 -27.694236 0 0 0 0 -26.844309 -27.040701 0 0 0 0 0 0 0 
0 0 -27.5214 0 -26.972229 -26.798675 -26.962929 -27.185469 -27.79227 -27.427043 -26.612264 -26.573054 -26.480269 -26.707465 -26.543103 -26.742012 0 0 0 -26.886602 0 -26.866102 -26.866102 -27.495965 0 0 0 -27.694236 -26.904526 0 0 0 0 -27.040701 0 0 0 0 0 0 0 0 
0 0 0 -27.5214 0 -26.962929 -27.185469 -27.79227 -27.683611 -27.210414 -26.352546 -26.378031 -26.483441 -26.480269 -26.362055 -26.414088 -26.578404 -26.42659 -26.334255 -26.413875 -26.886602 0 -27.452786 0 0 0 0 -26.904526 -26.744413 0 0 0 0 0 0 0 0 0 0 0 0 0 
0 0 -27.086325 0 0 0 0 0 0 -26.589842 -26.31846 -26.352546 -26.378031 -26.268414 -26.280963 -26.362055 -26.414088 -26.53023 -26.42659 -26.334255 -26.413875 -27.534445 0 0 0 0 0 -26.744413 -26.893983 0 0 0 0 0 0 0 0 0 0 0 0 0 
0 -27.086325 0 0 0 0 0 0 0 -26.667309 -26.370722 -26.31846 -26.801856 -26.429663 -26.268414 -26.280963 -26.466904 -26.610639 -26.53023 -26.648502 0 0 0 0 0 0 -26.492307 -26.489464 -26.781621 0 0 0 0 0 0 0 0 0 0 0 0 0 
0 0 0 0 0 0 -26.686654 -26.628755 -27.126597 -26.213626 -26.213626 0 -27.680098 -27.095935 0 0 0 0 0 0 0 0 0 0 0 0 -26.333839 -26.492307 -26.489464 0 0 0 0 0 0 0 0 0 0 0 0 0 
0 -26.722054 0 0 0 -26.686654 -26.628755 -26.640253 -26.643836 -26.213626 -26.218287 -26.373127 -26.762022 0 0 0 0 0 0 0 0 0 0 0 0 0 -26.686947 -26.333839 0 0 0 0 0 0 0 0 0 0 0 0 0 0 
0 -26.528317 -26.85145 -26.599725 0 -27.103443 -26.640253 -26.643836 -26.643836 -26.218287 -26.290175 -26.420466 -26.48592 -26.847865 -27.17853 0 -26.75382 -26.749959 -26.820649 0 0 0 0 0 0 0 0 -26.686947 0 0 0 0 0 0 0 0 0 0 0 0 0 0 
0 -27.441088 -26.493211 -26.573462 -26.599725 -27.212236 -26.941539 -26.643836 -26.919501 -26.290175 -26.30306 -26.469901 -26.549964 -26.639998 -26.488129 -26.578612 -26.749959 -26.820649 0 0 0 0 0 0 0 0 0 0 0 0 0 0 0 0 0 0 0 0 0 0 0 0 
0 0 -26.786584 -26.493211 -26.573462 -26.982309 -26.941539 -26.770405 -26.822745 -26.30306 -26.348202 -26.434297 -26.413026 -26.488129 -26.578612 -26.255553 0 0 0 0 0 0 0 0 0 0 0 0 0 0 0 0 0 0 0 0 0 0 0 0 0 0 
0 -27.164051 -26.880302 -26.786584 -27.790278 -26.982309 -26.770405 -26.822745 -26.85963 -26.348202 -26.434297 -26.413026 -26.610639 -26.610408 -26.255553 -26.307222 0 0 0 0 0 0 0 0 0 0 0 0 0 0 0 0 0 0 0 0 0 0 0 0 0 0 
0 0 -27.164051 -26.880302 0 0 0 0 0 0 0 0 0 0 0 -26.379724 0 0 0 0 0 0 0 0 0 0 0 0 0 0 0 0 0 0 0 0 0 0 0 0 0 0 
