NCOLS 42
NROWS 41
XLLCORNER 276826.32
YLLCORNER 3833378.9
CELLSIZE 10
NODATA_VALUE -9999
0 0 0 0 0 0 0 0 0 -25.697449 0 0 0 0 0 0 0 0 0 0 0 0 0 0 0 0 0 0 0 0 0 -24.032706 -22.399482 -22.898905 -22.537118 -22.826542 0 0 0 0 0 -33.406871 
0 0 0 0 0 0 0 0 0 -29.716133 -25.697449 0 0 0 0 0 0 0 0 0 0 0 0 0 0 0 0 -30.075027 0 0 -23.154261 -22.574785 -22.576869 -22.399482 -22.898905 -22.537118 -22.826542 0 0 0 -33.406871 0 
0 0 0 0 0 0 0 0 0 0 -33.377439 0 0 0 0 0 0 0 0 0 0 0 0 0 0 0 -23.005383 0 0 -24.592979 -22.508514 -23.154261 -22.574785 -22.576869 0 0 0 0 0 0 0 0 
0 0 0 0 0 0 0 0 0 0 0 0 0 0 0 0 0 0 0 0 0 0 0 0 0 0 -22.464823 -23.005383 -23.568564 -22.542766 -22.79291 -22.508514 -23.597429 0 0 0 0 0 0 0 0 0 
0 0 0 0 0 0 0 0 0 0 0 0 0 0 0 0 0 0 0 0 0 0 0 0 0 -22.479288 -22.647254 -22.464823 0 -23.568564 -22.542766 -22.79291 0 0 0 0 0 0 0 0 0 0 
0 0 0 0 0 0 0 0 0 0 0 0 0 0 0 0 0 0 0 0 0 0 0 0 0 -22.704825 -22.479288 -22.647254 0 0 0 0 0 0 0 0 0 0 0 0 0 0 
0 0 0 0 0 0 0 0 0 0 0 0 0 0 0 0 0 0 0 0 0 0 0 0 0 -23.166957 -22.704825 0 0 0 0 0 0 0 0 0 0 0 0 0 0 0 
0 0 0 0 0 0 0 0 0 0 0 0 0 0 0 0 0 0 0 0 0 0 0 0 0 -22.73635 -22.507433 0 0 0 0 0 0 0 0 0 0 0 0 0 0 0 
0 0 0 0 0 0 0 0 0 0 0 0 0 0 0 0 0 0 0 0 0 0 0 0 0 -22.507433 -22.907017 0 0 0 0 0 0 0 0 0 0 0 0 0 0 0 
0 0 0 0 0 0 0 -33.418824 -23.713528 0 0 0 0 0 0 0 0 0 0 0 0 0 0 0 0 -22.907017 0 0 0 0 0 0 0 0 0 0 0 0 0 0 0 0 
0 0 -26.296364 -24.353332 -23.805888 -23.3482 -22.831943 -22.787028 -33.418824 -23.713528 0 0 0 0 0 0 0 0 0 0 0 0 0 0 0 0 0 0 0 0 0 0 0 0 0 0 0 0 0 0 0 0 
-33.454117 -24.745837 -23.096598 -25.306894 -24.353332 -23.805888 -23.3482 -22.831943 -22.787028 0 0 0 0 -23.904965 0 0 0 0 0 0 0 0 0 0 0 0 0 0 0 0 0 0 0 0 0 0 0 0 0 0 0 0 
0 -33.454117 -24.745837 -23.096598 -25.306894 -25.43786 -26.520081 -29.47453 0 0 0 0 -24.092852 -23.260961 -23.904965 0 0 0 0 0 0 0 0 0 0 0 0 0 0 0 0 0 0 0 0 0 0 0 0 0 0 0 
-25.455835 -22.947989 -22.563091 -24.661644 0 0 0 0 0 0 0 0 0 -24.092852 -23.260961 0 0 0 0 0 0 0 0 0 0 -24.654245 0 0 0 0 0 0 0 0 0 0 0 0 0 0 0 0 
0 -22.563091 -22.385219 -22.754981 -22.972613 -23.281265 -23.8732 -23.209836 -22.658412 -26.865568 -26.865568 -26.111374 0 0 0 0 0 0 0 0 0 0 0 0 -24.654245 -23.625991 0 0 0 0 0 0 0 0 0 0 0 0 0 0 0 0 
0 -22.385219 -22.496871 -22.972613 -23.281265 -23.330356 -23.1691 -22.658412 -22.403534 -22.578266 -22.899752 -23.21137 -23.137757 -22.627064 0 0 0 0 0 0 0 0 0 0 -23.625991 0 0 0 0 0 0 0 0 0 0 0 0 0 0 0 0 0 
0 -22.496871 -22.520999 -23.543213 -23.330356 -23.1691 -22.901451 -22.403534 -22.578266 -22.899752 -22.762517 -23.071375 -22.627064 -22.443554 0 0 0 0 0 0 0 0 0 0 0 0 0 0 0 0 0 0 0 0 0 0 0 0 0 0 0 0 
-32.501526 -22.520999 -22.510553 0 0 -33.396901 -24.234907 -22.676128 -23.017706 -22.762517 -23.071375 -23.831873 -22.443554 -22.64031 0 0 0 0 0 0 0 0 0 0 0 0 0 0 0 0 0 0 0 0 0 0 0 0 0 0 0 0 
0 -22.510553 -22.439168 0 0 0 -30.944948 -26.102542 0 -31.430852 -24.802245 0 -22.64031 -22.718346 0 0 0 0 0 0 0 0 0 0 0 0 0 0 0 0 0 0 0 0 0 0 0 0 0 0 0 0 
0 -22.439168 -31.2036 0 0 0 -25.033726 0 0 0 0 -26.804365 -22.976092 -23.289049 -26.211099 -30.321327 0 -23.359719 -33.396402 0 0 0 0 0 0 0 0 0 0 0 0 0 0 0 0 -25.190862 0 0 0 0 0 0 
0 0 0 0 0 0 -24.047965 -25.033726 0 0 0 0 -23.80931 -26.211099 -30.321327 0 -23.359719 -22.648573 -22.415835 0 0 0 0 0 0 0 0 0 0 0 0 0 0 0 -25.190862 -33.414343 0 0 0 0 0 0 
0 0 0 0 0 0 -24.33892 -24.047965 0 0 0 -25.009819 -23.498412 0 0 -27.778329 -22.648573 -22.415835 -22.423583 0 0 -31.669611 0 0 0 0 0 0 0 0 0 0 0 0 -33.414343 -24.852472 0 0 0 0 0 0 
0 0 0 0 0 0 0 -24.33892 0 0 -25.009819 -23.498412 -23.406796 0 0 0 -33.376939 -22.423583 -22.684612 0 -31.669611 0 0 0 0 0 0 0 0 0 0 0 0 0 -24.852472 -25.830958 0 0 0 0 0 0 
0 0 0 0 0 -26.607321 0 0 0 0 0 -23.406796 0 0 0 -33.376939 -23.224576 -22.684612 -22.669022 0 0 0 0 0 0 0 0 0 0 0 0 0 0 0 -25.830958 0 0 0 0 0 0 0 
0 0 0 0 -26.607321 0 -24.981624 0 0 -26.084991 -28.376425 0 0 0 0 -23.224576 -22.880666 -22.669022 -22.429876 0 0 0 0 -33.448655 0 0 0 0 0 0 0 0 0 0 0 0 0 0 0 0 0 0 
0 0 0 0 0 -24.981624 0 0 -26.084991 -28.376425 0 0 0 0 0 0 -22.909609 -22.429876 -22.951769 -33.436235 0 0 -33.448655 -25.60667 0 0 0 0 0 0 0 0 0 0 0 0 0 0 0 0 0 0 
0 0 0 0 0 0 0 0 0 0 0 0 0 0 0 -25.885519 -23.376379 -22.903157 -23.296047 -23.539481 0 0 -25.60667 -23.867704 0 0 0 0 0 0 0 0 0 0 0 0 0 0 0 0 0 0 
-24.379724 -24.449941 0 0 0 0 0 0 0 0 0 0 0 0 -25.885519 0 -22.903157 -22.714049 -23.539481 -23.539481 -26.156112 0 -23.867704 -22.927276 0 0 0 0 0 0 0 0 0 0 -27.641765 0 0 0 0 0 0 0 
0 -31.524927 -32.944136 0 0 0 0 0 0 0 0 0 0 0 0 -23.305795 -22.714049 -22.714049 -23.539481 -23.010169 -23.162694 -28.832703 -22.927276 -22.813514 0 0 0 0 0 0 0 0 0 -27.641765 -23.888015 0 0 0 0 0 0 0 
0 0 0 -26.663577 -26.016263 -24.511149 -23.704352 -30.041027 0 0 -32.464386 -25.507313 -23.428901 -22.922795 -25.475399 0 -22.714049 -24.234907 -23.010169 -23.162694 -24.827135 -33.406372 -22.813514 -23.939794 0 0 0 0 -33.431263 0 0 0 0 -23.888015 -24.931282 0 0 0 0 0 0 0 
0 0 -33.377439 0 -24.511149 -23.704352 -24.459406 -26.129153 -33.457094 -30.213954 -23.101023 -22.997506 -22.7771 -23.383358 -22.922795 -23.498412 0 0 0 -24.074664 0 -23.982073 -23.982073 -32.580336 0 0 0 -33.431263 -24.159105 0 0 0 0 -24.931282 0 0 0 0 0 0 0 0 
0 0 0 -33.377439 0 -24.459406 -26.129153 -33.457094 -33.428278 -26.395245 -22.520006 -22.56761 -22.78412 -22.7771 -22.537572 -22.637957 -23.011239 -22.663214 -22.486864 -22.637531 -24.074664 0 -30.987042 0 0 0 0 -24.159105 -23.506687 0 0 0 0 0 0 0 0 0 0 0 0 0 
0 0 -25.256148 0 0 0 0 0 0 -23.041006 -22.458903 -22.520006 -22.56761 -22.374125 -22.394856 -22.537572 -22.637957 -22.89177 -22.663214 -22.486864 -22.637531 -33.381933 0 0 0 0 0 -23.506687 -24.109031 0 0 0 0 0 0 0 0 0 0 0 0 0 
0 -25.256148 0 0 0 0 0 0 0 -23.258468 -22.553784 -22.458903 -23.716608 -22.669491 -22.374125 -22.394856 -22.747885 -23.096598 -22.89177 -23.202977 0 0 0 0 0 0 -22.803925 -22.797546 -23.639954 0 0 0 0 0 0 0 0 0 0 0 0 0 
0 0 0 0 0 0 -23.317507 -23.146638 -25.579629 -22.287457 -22.287457 0 -33.427283 -25.329958 0 0 0 0 0 0 0 0 0 0 0 0 -22.48612 -22.803925 -22.797546 0 0 0 0 0 0 0 0 0 0 0 0 0 
0 -23.431042 0 0 0 -23.317507 -23.146638 -23.179207 -23.18949 -22.287457 -22.294597 -22.558317 -23.568564 0 0 0 0 0 0 0 0 0 0 0 0 0 -23.318416 -22.48612 0 0 0 0 0 0 0 0 0 0 0 0 0 0 
0 -22.887212 -23.91836 -23.067184 0 -25.389053 -23.179207 -23.18949 -23.18949 -22.294597 -22.410296 -22.650783 -22.789632 -23.903067 -26.058944 0 -23.539481 -23.52595 -23.790649 0 0 0 0 0 0 0 0 -23.318416 0 0 0 0 0 0 0 0 0 0 0 0 0 0 
0 -30.621876 -22.805961 -22.998549 -23.067184 -26.41557 -24.344664 -23.18949 -24.232295 -22.410296 -22.432211 -22.754384 -22.939594 -23.178479 -22.79456 -23.011775 -23.52595 -23.790649 0 0 0 0 0 0 0 0 0 0 0 0 0 0 0 0 0 0 0 0 0 0 0 0 
0 0 -23.658469 -22.805961 -22.998549 -24.568566 -24.344664 -23.598766 -23.799083 -22.432211 -22.512059 -22.679013 -22.635833 -22.79456 -23.011775 -22.353227 0 0 0 0 0 0 0 0 0 0 0 0 0 0 0 0 0 0 0 0 0 0 0 0 0 0 
0 -25.917401 -24.045772 -23.658469 -33.456598 -24.568566 -23.598766 -23.799083 -23.953685 -22.512059 -22.679013 -22.635833 -23.096598 -23.095969 -22.353227 -22.43937 0 0 0 0 0 0 0 0 0 0 0 0 0 0 0 0 0 0 0 0 0 0 0 0 0 0 
0 0 -25.917401 -24.045772 0 0 0 0 0 0 0 0 0 0 0 -22.570834 0 0 0 0 0 0 0 0 0 0 0 0 0 0 0 0 0 0 0 0 0 0 0 0 0 0 
