NCOLS 89
NROWS 110
XLLCORNER 677881.89
YLLCORNER 4377654.9
CELLSIZE 10
NODATA_VALUE -9999
0 0 -26.555146 -26.229843 0 -28.156665 -26.236565 -26.327963 -27.601241 -34.731017 -26.217862 -30.122293 -30.114778 -26.904044 -26.236515 -26.628063 -26.505985 -26.459897 -26.354894 -26.73337 -27.631333 -27.780631 -26.45243 -26.658098 -26.760299 -26.867556 -26.357479 -26.886642 -26.626842 -26.50102 -26.382397 -39.513846 -32.511157 -27.720781 -26.758434 -27.923211 -29.076275 -29.467951 -28.181835 -28.121974 -28.029564 -27.520343 -26.612884 -26.632818 -26.671011 -26.896361 -31.807926 -39.491443 -30.20055 -26.343126 -27.672805 -27.813976 -27.199547 -26.670294 -32.00961 -33.535775 0 -27.483183 -36.873655 -38.278809 -31.225988 -26.695226 -27.467933 -28.285363 -30.790054 -28.439785 -39.539118 -39.521423 0 -39.447953 -39.462935 -39.444943 -39.517077 -30.041825 -39.517841 -35.968954 -32.146408 -27.28711 -27.91673 -27.418305 -27.574982 -29.349093 -31.479386 -39.477667 0 0 0 0 0 
0 -26.698637 -26.329794 -26.256165 -26.229843 -26.957754 -26.326786 -26.196812 -26.196812 -27.601241 -26.256982 -26.217862 -26.40883 -26.992719 -26.211156 -26.236515 -26.482202 -26.505985 -26.459897 -26.354894 -26.522744 -26.440165 -26.308052 -26.45243 -26.658098 -26.760299 -26.36785 -26.357479 -26.637645 -26.599486 -26.299072 -26.382397 -27.182081 -26.708373 -26.346519 -26.239787 -26.39444 -26.594606 -26.801928 -26.864234 -27.867563 -27.065855 -26.72732 -26.612884 -26.632818 -26.671011 -26.896361 -31.807926 -27.557268 -26.593683 -26.343126 -27.375349 -27.199547 -26.558374 -26.670294 -27.344302 -27.900269 -26.497289 -26.588359 -26.978474 -26.858024 -26.323651 -26.436462 -26.595956 -26.498464 -26.580401 -26.509319 -27.483956 -27.394297 -27.572567 -30.713778 -39.462935 -39.444943 -32.044351 -30.041825 -30.747491 -28.452674 -26.745531 -27.196368 -27.554586 -27.418305 -27.574982 -28.81591 -29.312716 -30.036765 -29.354568 -27.856349 0 0 
-30.736531 -26.428466 -26.410316 -26.329794 -26.256165 -26.927449 -26.549068 -26.239071 -26.196812 -31.854631 -26.347623 -26.261054 -26.313879 -27.776426 -26.263124 -26.211156 -26.44661 -26.482202 -26.350539 -26.396199 -26.402846 -26.457752 -26.396338 -26.308052 -26.611721 -26.837302 -26.385968 -26.36785 -26.80453 -26.637645 -26.263591 -26.299072 -26.765586 -26.483307 -26.239787 -26.239065 -26.300134 -26.312488 -26.373598 -26.451218 -27.768353 -27.803395 -27.065855 -26.72732 -27.213152 -27.882988 -27.152445 -26.939064 -27.214065 -26.97979 -26.326271 -26.626947 -26.47255 -26.558374 -26.558374 -27.900269 -27.105209 -26.588359 -26.540962 -26.547935 -27.26009 -26.436462 -26.595956 -26.498464 -26.580401 -26.509319 -26.471888 -27.257913 -27.572567 -28.653052 -29.095533 -39.129609 -39.488795 -27.786409 -27.54787 -27.248519 -27.064598 -26.558733 -26.745531 -27.196368 -27.554586 -29.945726 -33.050807 -30.036765 -29.354568 -27.856349 -27.194215 -30.21467 0 
-26.800194 -26.399778 -26.428466 -26.410316 -26.376252 -27.177026 -26.669419 -26.3026 -26.239071 -27.419911 -26.900079 -26.330955 -26.261054 -27.91673 -26.316209 -26.237361 -26.267047 -26.669022 -27.000642 -26.350539 -26.396199 -26.402846 -26.457752 -26.396338 -26.697126 -26.555283 -26.371746 -26.385968 -26.608259 -26.632092 -26.283137 -26.263591 -26.683509 -26.588958 -26.239065 -26.300134 -26.312488 -26.373598 -26.451218 -26.425221 -27.067165 -29.453112 0 -31.779667 -39.484792 -39.106735 -26.68644 -27.100306 -27.175126 -26.893098 -26.273185 -26.326271 -26.398486 -26.47255 -26.558374 -27.105209 -27.012674 -26.458384 -26.492934 -26.407951 -27.122636 -26.608276 -26.567086 -26.639434 -26.643665 -26.471888 -26.503648 -27.137976 -27.72352 -29.095533 -29.43943 -35.368907 -29.623301 -27.136772 -27.371671 -27.476094 -27.248519 -27.046579 -26.558733 -27.465741 -29.495901 -39.4875 -32.021773 -29.159671 -28.6428 -27.194215 -27.212175 -30.693194 0 
-26.911714 -26.800194 -26.399778 -26.542992 -26.485835 -27.966841 -27.177026 -26.397805 -26.3026 -30.911769 -27.419911 -26.330955 -26.30456 -33.612023 -27.436175 -26.274451 -26.237361 -28.376989 -29.67283 -26.819367 -27.522394 -27.140737 -26.974713 -26.614386 -26.643646 -26.620466 -26.555283 -26.371746 -26.660718 -26.608259 -26.376427 -26.283137 -27.344702 0 -26.523083 -26.677782 -26.682414 -26.630221 -26.425221 -26.723288 -27.964102 -29.797669 -39.488501 -29.248817 -27.716181 -27.172014 -26.497947 -26.68644 -26.62276 -26.4616 -26.20521 -26.273185 -26.357961 -26.398486 -26.9946 -39.489972 -26.458384 -26.492934 -26.407951 -26.32303 -26.858938 -26.567086 -26.639434 -26.538805 -26.871105 -26.503648 -26.548815 -26.553621 -27.059649 -27.422327 -27.664785 -28.985782 -28.49718 -27.711495 -27.136772 -27.371671 -27.476094 -27.761178 -27.046579 -31.348244 -31.205162 -28.679829 -29.159671 -28.319341 -27.539949 -27.212175 -26.755969 -27.244869 0 
-27.816458 -26.911714 -27.024256 -26.651826 -26.542992 0 -30.254394 -26.404724 -26.3026 -29.149969 -28.209447 -26.30456 -26.243035 -28.601673 -27.209835 -26.258276 -26.230195 -27.4128 -27.257703 -26.937465 -26.580864 -39.486146 -36.098307 -26.769108 -27.360837 -26.643646 -26.620466 -26.567143 -26.669598 -26.660718 -26.856169 -26.376427 -27.216224 0 -27.565695 -26.981281 -26.65735 -26.535405 -26.594512 -26.509457 -27.799944 -27.950186 -26.98548 -26.797649 -26.904298 -27.017835 -26.476179 -26.497947 -26.461062 -26.454388 -26.240864 -26.20521 -26.392881 -26.924259 -27.53785 -27.391632 0 -27.445465 -26.32303 -26.858938 -26.820797 -26.938518 -26.538805 -26.570224 -27.154921 -26.548815 -26.553621 -26.647562 -27.278652 -27.27016 -27.135914 -27.257843 -28.365777 -28.49718 -27.711495 -36.988189 -39.531168 -27.27317 -27.79308 -28.417212 -27.987101 -26.799174 -26.969979 -26.89218 -26.670334 -26.669657 -26.513001 -26.857894 -33.673516 
0 -27.816458 -39.499679 -26.587058 -26.600651 -30.447205 -26.885251 -26.3026 -26.255238 -28.209447 -27.95661 -26.243035 -26.220588 -26.617073 -26.673414 -26.230195 -26.276603 -27.212435 -27.004203 -26.580864 -26.38108 0 0 -26.869628 -26.769108 -27.612913 -27.056425 -26.819992 -26.567143 -27.441771 -27.58438 -26.28604 -26.519447 -27.444909 -27.224008 -26.65735 -26.48475 -26.472362 -26.375401 -26.272881 -26.670971 -27.001885 -27.169827 -26.98548 -26.797649 -26.904298 -26.491388 -26.476179 -26.592265 -26.461062 -26.316515 -26.240864 -26.831686 -27.598745 -26.757212 -27.53785 -27.445465 -27.333184 -26.601451 -26.820797 -26.952942 -27.025792 -26.570224 -26.555023 -27.821736 -27.511991 -26.647562 -26.963931 -27.27016 -27.135914 -27.257843 -27.402615 -28.110483 -28.449746 -28.628641 -27.983783 -27.851932 -27.800231 -27.27317 -27.326992 -27.07015 -26.519962 -26.799174 -26.670334 -26.669657 -26.513001 -26.415889 -26.587456 -28.08094 
0 0 0 -26.600651 -26.477004 -36.571302 -26.767277 -26.255238 -26.22115 -28.808901 -27.448154 -26.220588 -26.230171 -26.521898 -26.686524 -26.276603 -26.250507 -27.004203 -26.994031 -26.38108 -26.303332 -27.866019 0 -26.904479 -26.646079 0 -27.778806 -26.902201 -27.205634 -28.156047 -26.888737 -26.264088 -26.28604 -26.776063 -27.153033 -26.48475 -26.472362 -26.375401 -26.272881 -26.33606 -26.348445 -26.616702 -26.721346 -27.049011 -27.393694 -27.53806 -26.580684 -26.491388 -26.664707 -26.629676 -26.409126 -26.316515 -27.258615 -26.956536 -26.528732 -26.757212 -27.333184 -26.601451 -26.619139 -26.269316 -27.025792 -27.059102 -26.555023 -26.488009 -27.166381 -27.512801 -26.963931 -27.688575 -27.794363 -27.707352 -27.402615 -27.590409 -27.945982 -27.400961 -26.879627 -26.8704 -26.979068 -26.940551 -26.508218 -26.755286 -26.708818 -26.68736 -26.519962 -26.733418 -26.603704 -26.415889 -26.484927 -26.623759 -27.055964 
-27.951696 -26.608259 -32.551414 -26.477004 -26.394399 -26.430592 -27.239741 -26.22115 -26.226772 -34.343685 -27.495163 -26.230171 -26.244007 -26.533368 -26.620125 -26.250507 -26.191145 -27.068883 -26.787627 -26.303332 -26.282737 -26.927068 -27.437089 -26.646079 -26.528584 -28.180628 -28.326513 -26.755387 -26.565424 -30.499515 -27.330199 -26.26317 -26.264088 -26.588513 -26.776063 -26.554097 -26.748597 -26.519459 -26.33606 -26.348445 -26.616702 -26.721346 -26.930201 -27.481034 -27.344943 -27.836411 -26.607408 -26.580684 -26.816669 -26.735665 -26.444666 -26.409126 -26.916527 -26.963972 -26.405342 -26.528732 -27.017468 -26.619139 -26.269316 -26.231083 -26.567186 -26.876144 -26.488009 -27.166381 -27.060446 -27.10321 -27.279159 -27.610956 -29.051586 -28.51583 -27.212826 -26.914447 -26.835071 -26.948736 -26.779548 -26.801957 -26.730238 -26.617293 -26.439223 -26.508218 -26.755286 -26.708818 -26.68736 -26.910683 -26.701983 -26.484927 -26.450452 -26.489725 -27.787433 
-26.858217 -26.608587 0 -26.394399 -26.430592 -26.347784 0 -26.226772 -26.271937 -26.338754 -28.394643 -26.244007 -26.249676 -26.570873 -26.589512 -26.191145 -26.18698 -26.752692 -26.900797 -26.282737 -26.300706 -26.835133 -26.716832 -26.528584 -26.441975 -28.02127 -27.886608 -26.53724 -26.374914 -34.291575 -32.253703 -26.302503 -26.26317 -26.644879 -26.991455 -27.110757 -26.519459 -26.538278 -26.383274 -26.338998 -26.31138 -26.831778 -27.730524 -33.543331 -34.16558 -28.857625 -28.04508 -26.607408 -26.858155 -26.820947 -26.837706 -26.444666 -26.970021 -26.916527 -26.370678 -26.405342 -26.721576 -26.443565 -26.231083 -26.190861 -26.427549 -26.623018 -26.709063 -27.060446 -27.10321 -27.034965 -27.257913 -27.736382 -31.800463 -28.483168 -26.862912 -26.835071 -26.917085 -26.959097 -26.831839 -26.779548 -26.801957 -26.730238 -26.617293 -26.439223 -26.697255 -26.795848 -26.885598 -27.023977 -26.932353 -26.450452 -26.484968 -26.312995 -35.689008 
-26.760853 -26.586448 0 -28.592707 -26.347784 -26.36417 0 -26.271937 -26.338754 -26.405306 -39.534337 -26.249676 -26.31493 -26.2422 -26.628588 -26.18698 -26.203008 -26.646412 -26.89972 -26.300706 -26.519734 -26.716832 -26.706289 -26.441975 -26.35697 -27.835814 -27.953562 -26.374914 -26.390185 -28.150091 -26.973745 -26.335895 -26.28509 -28.871806 -28.458017 -27.131869 -26.634063 -26.383274 -26.338998 -26.31138 -26.22204 -26.306938 -26.403834 -26.593153 -27.088525 -27.415192 -27.655383 -26.586052 -26.987766 -26.858155 -26.914781 -26.489311 -26.961057 -26.970021 -27.052582 -26.370678 -27.734514 -26.659926 -26.190861 -26.243017 -26.28781 -26.383326 -26.549951 -26.425622 -27.034965 -27.257913 -26.799882 -26.767017 -28.808901 -27.797936 -26.822862 -26.862912 -27.002286 -26.969104 -26.988026 -26.831839 -26.928174 -26.916862 -26.985136 -26.757975 -27.279376 -27.409712 -26.566062 -26.685773 -26.731682 -26.484968 -26.312995 -26.248147 -27.915871 
-26.737203 -26.700371 0 0 -26.36417 -26.42119 0 0 -26.405306 -26.513584 0 -26.31493 -26.2422 -26.293129 -26.645857 -26.203008 -26.217715 -26.225008 -26.833591 -26.519734 -26.564731 -26.706289 -26.7482 -26.35697 -26.303496 -27.213739 -27.511484 -26.390185 -26.409015 -26.973745 -26.92188 -26.28509 -26.238401 -28.576723 -39.484439 -26.645764 -27.131869 -26.667301 -26.353925 -26.22204 -26.306938 -26.403834 -26.420194 -26.423323 -26.459532 -26.810277 -27.415192 -26.698875 -26.586052 -27.08304 -27.187305 -26.524798 -26.489311 -27.218786 -26.944883 -26.403451 -32.004152 0 -26.243017 -26.28781 -26.268078 -26.381673 -26.425622 -26.394013 -26.94774 -26.799882 -26.767017 -26.935716 -28.996087 -28.287605 -26.864168 -26.822862 -27.212565 -27.062243 -26.988026 -27.318542 -27.939127 -29.595021 -27.302787 -27.633694 -28.014414 -27.995711 -26.520609 -26.566062 -26.685773 -26.467073 -26.248147 -26.2836 -26.761498 
-26.867556 -26.867556 0 0 -26.32845 -26.39999 -31.054777 -39.505559 -26.550676 -26.543777 0 0 -26.293129 -26.329553 -26.738167 -26.217715 -26.225008 -26.236788 -26.928976 -26.564731 -26.332172 -26.394743 -26.760299 -26.303496 -26.298479 -26.288815 -27.156282 -26.409015 -26.407156 -26.92188 -26.642803 -26.238401 -26.216527 -27.019766 -27.158895 -26.694295 -26.632464 -35.284119 -27.547657 -26.425839 -26.502113 -26.420194 -26.423323 -26.459532 -26.681857 -26.816256 -27.354955 -26.576045 -26.698875 -27.028363 -27.178994 -26.584731 -26.524798 -26.635115 -26.509584 -26.380124 -26.403451 -32.004152 -26.424741 -26.268078 -26.315701 -26.441767 -26.394013 -26.42819 -26.608719 -27.405148 -26.935716 -39.45285 -33.229225 -29.665672 -26.743738 -26.864168 -27.268019 -27.212565 -27.357073 -27.417414 -29.595021 -31.705156 -28.437575 -27.302787 -27.856807 -27.374261 -26.434956 -26.520609 -26.956333 -26.904914 -26.2836 -26.415361 -26.823251 
-27.195734 -27.102833 0 -29.023379 -26.298834 -26.32845 -28.276299 -31.054777 -26.728635 -26.632109 0 0 -26.329553 -26.381531 -27.046579 -26.68011 -26.236788 -26.24619 -26.808796 -26.332172 -26.394743 -26.39323 -28.389572 -26.298479 -26.288815 -26.305385 -27.11592 -26.407156 -26.399212 -26.423744 -26.601451 -26.216527 -26.209773 -26.841516 -26.883311 -26.511443 -26.348364 0 0 -26.840764 -26.653259 -26.544433 -26.478836 -26.536359 -26.645617 -28.686208 -28.942572 -26.889928 -26.576045 -26.857209 -27.378878 -26.461978 -26.444027 -26.366405 -26.392335 -26.32291 -26.380124 -28.374988 -27.170859 -26.315701 -26.333784 -26.411311 -26.350871 -26.439873 -26.49707 -28.300898 -28.843942 -39.44748 0 -33.229225 -26.56916 -26.743738 -26.676664 -26.878087 -26.939651 -26.6003 -26.764885 -26.927411 -26.905423 -26.741782 -26.69732 -26.760068 -26.405444 -26.434956 -27.235195 -39.504383 -26.508986 -26.60682 -27.706109 
-26.788728 -27.195734 -27.52445 -26.835751 -26.281889 -26.298834 -27.6925 -32.348696 -27.023791 -26.910243 0 0 -26.43499 -26.41302 -28.425525 -26.680726 -26.24619 -26.273586 -26.937076 -26.868558 -26.39323 -26.34967 -35.877335 -28.669369 -26.305385 -26.444149 -27.569614 -26.399212 -26.423744 -26.431456 -26.709888 -26.209773 -26.206587 -26.222328 -27.059848 -26.348364 -26.287626 -34.075013 0 -27.27238 -26.544433 -26.478836 -26.44926 -26.360915 -26.34921 -27.345183 -30.03821 -27.223212 -26.889928 -27.817336 -27.488654 -26.251928 -26.308735 -26.357893 -26.366405 -26.355447 -26.32291 -27.206472 -26.950454 -26.333784 -26.348558 -26.350871 -26.439873 -26.361383 -26.2933 -26.938166 -28.294115 -35.272676 0 -26.870467 -26.563265 -26.56916 -26.75706 -26.676664 -26.6003 -26.764885 -26.652919 -26.740662 -26.610101 -26.554955 -26.582348 -26.615223 -26.463201 -26.405444 -27.742818 -28.265105 -26.72054 -26.588743 0 
-26.509181 -26.788728 -26.638367 -26.581462 -26.269084 -26.281889 -27.408392 -31.721064 -26.87973 -27.174576 -28.34245 -38.933979 -26.524079 -26.529862 0 -27.160683 -26.273586 -26.312531 -27.835664 -26.85216 -26.34967 -26.375064 -28.669369 0 -26.444149 -26.448563 -28.571438 -29.447836 -26.431456 -26.516452 -26.84969 -26.206587 -26.222328 -26.204749 -27.104128 -26.287626 -26.285415 -26.300377 -30.316229 -26.513094 -27.145659 -26.44926 -26.360915 -26.34921 -26.289954 -26.503974 -26.772081 -26.899684 -26.844666 -26.662852 -26.460648 -26.209611 -26.251928 -26.308735 -26.357893 -26.344693 -26.355447 -27.171467 -26.806657 -26.348558 -26.287297 -26.444149 -26.361383 -26.2933 -26.296845 -26.433911 -26.520357 -26.792913 -27.335551 -26.870467 -26.586128 -26.369065 -26.607588 -26.75706 -26.801757 -26.652919 -26.740662 -26.81658 -26.745433 -26.610101 -26.554955 -26.582348 -26.615223 -26.463201 -28.249751 -27.338958 -26.588743 -26.51559 0 
-26.673012 -26.509181 -26.454892 -26.564731 -26.300026 -26.269084 -27.132721 -29.003264 -26.446081 -26.574798 -26.956942 -28.030544 -26.502941 -26.524079 -34.017641 -27.438005 -26.334238 -26.339927 0 -27.984132 -26.375064 -26.378206 0 -34.663984 -26.448563 -26.37644 -32.976702 0 -26.516452 -26.573615 -27.199037 -26.594418 -26.204749 -26.193119 -27.028503 -26.285415 -26.300377 -26.298289 -27.646206 -26.490161 -26.404971 -26.986946 -26.518457 -26.289954 -26.360667 -26.27811 -26.324204 -26.389989 -26.457103 -26.455176 -26.444368 -26.242021 -26.209611 -26.384626 -26.424989 -26.299353 -26.344693 -26.605225 -26.49853 -26.287297 -26.186326 -26.379401 -26.483327 -26.296845 -26.433911 -26.520357 -26.712712 -26.735258 -26.741612 -26.668467 -26.586128 -26.391308 -26.369065 -26.533166 -26.407774 -26.40543 -26.422665 -26.546622 -26.625765 -26.686252 -26.631791 -26.70744 -26.771026 -26.704943 -28.03843 -27.129547 -26.51559 -26.434714 -39.532086 
-26.957754 -26.196282 -26.320566 -26.454892 -26.564731 -26.300026 -28.698089 -33.510698 -26.372034 -26.446081 -26.574798 -26.956942 -26.538586 -26.502941 -27.117024 -26.648455 -26.322674 -26.35816 0 -29.991079 -26.378206 -26.405962 0 -39.475546 -26.37644 -26.433486 -37.427723 0 -26.573615 -26.68196 -29.441527 -26.684878 -26.193119 -26.201062 -26.965291 -27.344302 -26.298289 -26.301932 -27.207182 -26.404971 -26.410735 -26.40335 -39.477843 -26.384475 -26.27811 -26.324204 -26.389989 -26.452975 -26.499236 -26.457103 -26.455176 -26.248675 -26.242021 -26.409773 -26.43167 -26.291946 -26.299353 -26.650436 -26.314926 -26.186326 -26.190553 -26.282337 -26.32013 -26.391491 -26.355895 -26.712712 -26.735258 -26.741612 -26.905931 -26.76189 -26.668467 -26.391308 -26.391308 -26.438412 -26.467064 -26.40543 -26.492407 -26.450974 -26.524786 -26.866457 -26.686252 -27.156223 -27.562443 -28.327953 -28.348544 -26.964796 -26.434714 -26.354236 -36.646453 
-26.653335 -26.201576 -26.196282 -26.493375 -26.754201 -26.629465 -27.989378 -27.958308 -26.686732 -26.372034 -27.23838 -27.318696 -26.581912 -26.538586 -26.663125 -26.575238 -26.340954 -26.322674 -28.701319 -27.277638 -26.362474 -26.408238 -39.513787 -27.364127 -26.346503 -26.494999 0 0 -26.68196 -26.822083 0 -27.306785 -26.201062 -26.224628 -27.038728 -27.931989 -26.301932 -26.321209 -26.941532 -26.725916 -26.365142 -26.270526 0 -39.477843 -26.739861 -26.458654 -26.464966 -26.499236 -26.411589 -26.35824 -26.338357 -26.326275 -26.248675 -26.395581 -26.452176 -26.288745 -26.291946 -26.664453 -26.754277 -26.190553 -26.282337 -26.32013 -26.318791 -26.328192 -26.236446 -26.874176 -28.713661 -30.305525 -34.374646 -28.489467 -27.057663 -26.403631 -26.391308 -26.438412 -26.438412 -26.467064 -26.450974 -26.524786 -26.459607 -26.479446 -26.692018 -27.639271 -28.098512 -27.3252 -27.822472 -26.865859 -26.354236 -26.356655 -26.733637 
-26.590437 -26.22539 -26.201576 -26.731706 -27.032691 -26.765975 -26.629465 -27.439839 -27.224938 -26.432821 -26.841673 -27.368262 -26.960607 -26.581912 -26.511837 -26.623724 -26.351467 -26.340954 -27.218325 -26.983205 -26.31184 -26.362474 -27.000642 -26.786256 -26.330518 -26.346503 -28.5779 0 -26.809609 -26.822083 0 -31.801954 -26.224628 -26.261866 -27.133518 -28.389066 -26.321209 -26.351221 -26.725916 -26.658789 -26.270526 -26.219928 -29.57226 -39.482025 -27.365117 -27.153977 -26.492557 -26.383971 -26.227418 -26.239413 -26.242255 -26.274952 -26.326275 -26.412816 -26.570109 -26.644879 -26.288745 -26.719093 -28.35467 -26.31235 -26.343931 -26.318791 -26.328192 -26.236446 -26.212733 -26.363373 -26.486254 -26.873905 -26.971482 -26.83233 -26.81191 -26.313247 -26.383645 -26.45628 -26.438412 -26.682496 -26.591396 -26.459607 -26.479446 -26.606364 -27.043482 -27.794648 -27.986926 -27.330826 -27.300685 -26.703361 -26.544183 -26.307884 -26.646221 
-26.615895 -26.256369 -26.22539 -26.981068 -27.790519 -26.721415 -26.765975 -27.15121 -27.439839 -26.543123 -26.432821 -39.492032 -26.833591 -26.239172 -26.453065 -26.511837 -26.623724 -26.351467 -26.702114 -26.699503 -26.270828 -26.31184 -26.550542 -26.607441 -26.333104 -26.330518 -27.807729 -31.084384 -26.731991 -26.809609 0 0 -26.286334 -26.304634 -27.461944 -28.306777 -26.351221 -26.362358 -26.700784 -26.549416 -26.219928 -26.188467 -27.222284 -28.13403 -26.71114 -26.900294 -26.618155 -26.492557 -26.319247 -26.227418 -26.239413 -26.242255 -26.274952 -26.329616 -26.688492 -26.760478 -26.702595 -31.44633 -35.291764 -26.492503 -26.583597 -26.425726 -26.398838 -26.212733 -26.264047 -26.43883 -26.438966 -26.510148 -26.614871 -26.666631 -26.41671 -26.216473 -26.313247 -26.383645 -26.45628 -26.682496 -29.424296 -28.042119 -27.663435 -27.043482 -27.794648 -28.70488 -27.780771 -27.407163 -27.330826 -26.940434 -26.57455 -26.284964 -26.577274 
-26.734325 -26.300345 -26.256369 -27.153564 -29.579626 -26.552564 -26.721415 -27.055388 -27.15121 -26.728165 -26.543123 -26.675227 -26.486883 -26.237111 -26.239172 -26.57656 -26.588589 -26.265351 -26.641816 -26.554328 -26.510217 -26.270828 -26.55392 -26.550542 -26.607441 -26.333104 -27.799657 -28.815208 -26.672471 -26.731991 0 -30.672789 -26.338261 -26.402666 -28.306777 -29.049112 -26.362358 -26.406481 -26.850426 -26.646282 -26.188467 -26.185505 -26.535977 -26.708506 -26.528126 -26.385961 -27.265318 -26.618155 -26.589789 -26.319247 -26.398944 -26.424517 -26.5955 -26.935173 -26.999799 -26.835009 -26.760196 -26.965043 0 -26.583597 -26.425726 -26.435065 -26.612485 -26.264047 -26.366977 -26.380675 -26.510148 -26.624449 -26.668309 -26.444307 -26.351046 -26.303745 -26.216473 -26.396449 -26.736914 -27.239604 -29.424296 0 -36.892731 -28.433895 -27.862323 -27.164936 -26.901337 -26.834114 -27.200887 -27.007566 -26.670573 -26.296012 -26.609878 
-27.065352 -26.369174 -26.300345 -27.819387 0 -26.360218 -26.552564 -26.77412 -27.055388 -26.950494 -26.728165 -26.535519 -26.550139 -26.249125 -26.237111 -26.598263 -26.568715 -26.294968 -26.265351 -26.641816 -26.554328 -26.275422 -26.506894 -26.55392 -26.740347 -26.494186 -27.440575 -27.953731 -28.815208 -26.672471 -39.489913 -29.776698 -26.471878 -26.402666 0 -34.060593 -26.406481 -26.494077 -27.009233 -26.82842 -26.185505 -26.22019 -26.456946 -26.475227 -26.385961 -26.302999 -26.97733 -27.337055 -27.13204 -26.844255 -31.289334 0 -27.302937 -27.03307 -26.722107 -26.537394 -26.498277 -26.760196 -26.969188 -27.086533 -26.435065 -26.426668 -26.845457 -26.366977 -26.380675 -26.558788 -26.624449 -27.042952 -26.93093 -26.668309 -26.444307 -26.351046 -26.303745 -26.874514 -27.070709 -27.883774 -27.107161 -27.343501 -28.433895 -26.698594 -26.628781 -26.665295 -26.733895 -26.901337 -26.834114 -26.885251 -26.716309 -26.331023 -26.720977 
-27.923263 -26.522865 -26.369174 -31.032236 0 -26.24833 -26.360218 -26.631932 -27.897393 -26.628763 -26.499822 -26.601612 -26.535519 -26.26692 -26.249125 -26.592452 -26.601772 -26.356519 -26.294968 -26.684027 -26.543123 -26.28531 -26.275422 -26.682785 -26.72629 -26.520958 -26.494186 -28.946413 -31.022158 -26.735689 -34.854328 -30.871482 -26.79155 -26.471878 -27.768769 0 -26.494077 -26.598914 -27.438096 -27.103534 -26.22019 -26.273586 -26.475227 -26.452847 -26.302999 -26.269113 -26.967733 -26.951776 -26.782439 -26.515226 0 0 -26.801216 -26.848955 -26.504278 -26.410787 -26.475487 -26.498277 -26.58686 -26.599343 -26.426668 -26.374323 -26.676685 -26.627208 -26.664238 -26.6435 -27.609003 -30.859943 -27.596032 -27.41024 -26.944962 -26.952338 -26.43397 -26.723079 -26.940943 -27.107161 -26.888632 -26.627104 -26.769737 -26.698594 -26.698594 -26.628781 -26.665295 -26.733895 -26.885251 -26.716309 -26.696245 -26.355901 -26.808012 
-31.431911 -26.696481 -26.522865 -37.724551 -27.715659 -26.208735 -26.24833 -26.905495 0 -26.382955 -26.572611 -26.499822 -26.601612 -26.282454 -26.26692 -26.834824 -26.744744 -26.362067 -26.356519 -26.600331 -26.580416 -26.302824 -26.28531 -26.708951 -26.799882 -26.564575 -26.520958 -29.037213 -29.52044 -26.718407 -26.735689 -39.470067 -30.012365 -27.148398 -27.724969 0 -26.598914 -26.700219 -26.672912 -27.709551 -26.273586 -26.336125 -26.452847 -26.480058 -26.269113 -26.241646 -26.951776 -26.89285 -26.515226 -26.41848 -36.581214 0 -26.650379 -26.801216 -26.848955 -26.504278 -26.410787 -26.475487 -26.599343 -26.495683 -26.374323 -26.321315 -26.627208 -26.558429 -26.478552 -26.377763 -27.456848 0 -27.90911 -27.471283 -27.023327 -26.934941 -26.421143 -26.43397 -26.723079 -26.888632 -26.627104 -26.604755 -26.702224 -26.80787 -26.698594 -27.892938 -28.136656 -28.822954 -27.596145 -26.863209 -26.716082 -26.393018 -26.950199 
-28.921621 -28.586764 -26.696481 -27.139585 -26.495542 -26.257158 -26.208735 -28.271717 -37.847645 -26.322905 -26.382955 -26.572611 -27.048524 -26.313269 -26.282454 -27.340628 -27.4289 -26.313399 -26.362067 -26.814047 -26.600331 -26.29777 -26.302824 -26.731777 -26.759046 -26.660699 -26.564575 -27.704902 -27.552555 -26.616231 -26.718407 -32.851739 -39.488442 -27.404361 -27.148398 0 -26.700219 -26.672912 -26.858318 -36.107352 -26.336125 -26.436496 -26.337477 -26.387565 -26.241646 -26.227852 -26.296826 -26.955079 -26.41848 -26.377226 -28.347811 -27.483468 -26.721507 -26.650379 -27.274896 -27.303013 -27.12381 -26.921353 -26.495683 -26.472807 -26.321315 -26.233464 -26.528819 -26.478552 -26.377763 -26.323349 -26.577579 -26.765742 -26.905968 -27.005949 -26.895188 -26.790469 -26.345151 -26.421143 -26.762791 -26.949414 -26.604755 -26.769239 -27.067165 -27.635944 -28.079755 -27.892938 -26.761916 -26.7666 -26.721553 -26.53196 -26.58399 -26.374939 -26.864803 
-26.859298 -26.829607 -26.45581 -26.601291 -26.509181 -26.495542 -26.257158 -33.98926 0 -26.328977 -26.322905 -26.896859 -27.352681 -26.386894 -26.313269 -28.619793 -27.456566 -26.312402 -26.313399 -26.830829 -26.715923 -26.298171 -26.29777 -26.752667 -26.825601 -26.481584 -26.625453 -26.51397 -26.582693 -26.492471 -26.616231 -27.033353 -27.511586 -27.074174 -27.404361 0 0 -26.909802 -26.858318 0 -26.436496 -26.337477 -26.483172 -26.412054 -26.227852 -26.296826 -26.281738 -27.12113 -26.377226 -26.367043 -26.382663 -27.076326 -26.568701 -26.402889 0 0 -30.342806 -27.12381 -26.723264 -26.402803 -26.233464 -26.26494 -26.303683 -26.364159 -26.323349 -26.311569 -26.682434 -26.928403 -27.39292 -26.905968 -26.964342 -26.746987 -26.382968 -26.345151 -26.683405 -26.996005 -27.197066 -27.087581 -27.32918 -27.062843 -27.24921 -27.002597 -26.761916 -26.761916 -26.53196 -26.58399 -26.512791 -26.283828 -26.56429 
-26.79991 -26.859298 -26.494565 -26.45581 -26.601291 -26.509181 -27.048037 0 -39.536683 -26.480457 -26.328977 -26.973032 -28.625889 -26.440939 -26.386894 -29.822108 -28.00707 -26.347784 -26.312402 -27.068377 -26.830829 -26.301924 -26.298171 -27.345183 -27.01857 -26.29547 -26.387153 -26.457168 -26.51397 -26.335875 -26.492471 -26.692124 -27.033353 -26.806917 -27.074174 -29.858702 -39.463819 -26.922295 -26.947103 0 0 -26.483172 -26.665727 -26.478653 -26.515402 -26.281738 -26.269731 -27.089681 -26.367043 -26.382663 -26.385401 -27.1939 -26.402889 -26.365284 -26.465273 0 -29.101488 -28.063026 0 -28.893529 -26.26494 -26.303683 -26.361105 -26.272917 -26.273423 -26.235079 -26.55377 -26.673916 -26.825843 -27.135285 -26.809144 -26.708929 -26.416188 -26.382968 -27.076018 -27.249279 -27.914941 -27.32918 -27.062843 -27.24921 -27.422596 -27.232901 -27.002597 -26.761916 -29.643187 -26.618969 -26.628273 -26.272578 -26.476229 
-27.275472 -26.79991 -26.539616 -26.494565 -26.617918 -27.088998 -27.304217 -28.249079 -27.648009 -26.994907 -26.433486 -26.594011 -32.348696 -26.566574 -26.440939 -26.61139 -29.67283 -26.405233 -26.347784 -28.19441 -27.068377 -26.363953 -26.301924 -35.539181 -27.417948 -26.319875 -26.29547 -26.387153 -26.457168 -26.418604 -26.335875 -26.503591 -26.692124 -26.634223 -26.806917 -28.132216 -29.858702 -27.133575 -26.922295 0 0 -26.760991 -26.661551 -26.675267 -26.5877 -26.269731 -26.268898 -27.057267 -27.085019 -26.385401 -26.376848 -27.229274 -26.365284 -26.465273 -26.427906 0 -27.355036 -26.828055 -27.448619 0 -26.838484 -26.361105 -26.272917 -26.273423 -26.235079 -26.202123 -26.486233 -26.739643 -27.034538 -26.895188 -26.614118 -26.579313 -26.490694 -26.416188 -27.101595 -27.479093 -29.368085 -28.103402 -27.614528 -27.628978 -28.00832 -27.422596 -27.232901 -27.231488 -28.222721 -26.905168 -26.858089 -26.881172 -37.491438 
-27.672433 -27.275472 -26.578482 -26.539616 -26.919139 -27.391889 -26.714563 -27.304217 -27.56787 -27.648009 -26.513117 -26.433486 -39.475546 -26.75851 -26.369779 -26.446876 -29.311744 -26.47251 -26.405233 -26.478217 -27.794791 -26.30857 -26.328737 -26.355733 -28.099098 -26.357672 -26.302475 -27.15168 -26.865161 -26.517458 -26.418604 -26.787353 -26.696373 -26.699026 -26.634223 -26.779467 -27.064748 -27.572896 -27.133575 0 0 -26.565466 -26.760991 -27.184252 -26.692676 -26.268898 -26.276241 -27.085019 -27.223013 -26.376848 -26.369513 -27.082573 -27.001885 -26.427906 -26.388593 0 -26.828055 -27.21629 -26.765897 0 0 -26.942988 -26.409267 -26.295907 -26.202123 -26.177858 -26.394868 -26.590283 -26.959831 -26.918279 -26.856039 -26.614118 -26.579313 -26.490694 -27.701432 -29.079483 -39.522715 -32.463236 -29.609971 -28.663698 -29.226523 -28.00832 -28.408956 -30.496825 -26.905168 -26.71779 -27.145019 -27.011313 0 
-27.667491 -27.100681 -26.471129 -26.578482 -26.963889 -26.913559 -26.57656 -26.714563 -27.456566 -27.56787 -26.581013 -26.513117 -28.35467 -29.771019 -26.405962 -26.369779 -36.522018 -26.543908 -26.478217 -26.522623 -28.071547 -26.328737 -26.355733 -26.371997 -27.417325 -26.302475 -26.300405 -26.240106 -27.158359 -26.602495 -26.517458 -26.84249 -26.722246 -26.736842 -26.44926 -26.78727 -26.779467 -26.799089 -27.572896 -27.341665 -27.178871 -26.54362 -26.565466 -31.159941 -26.983248 -26.276241 -26.297162 -27.378878 -27.257633 -26.369513 -26.370635 -27.001885 -27.181524 -26.388593 -26.366846 0 0 -26.765897 -26.72294 0 -39.510732 -26.786776 -26.682868 -26.322591 -26.177858 -26.201095 -26.197586 -26.458757 -26.921692 -27.091156 -26.918279 -26.856039 -26.909106 -26.829577 -27.85011 -28.066804 -27.238924 -27.244114 -27.118907 -27.05219 -26.960894 -27.283232 -27.986052 -29.34413 -26.71779 -26.577697 -26.875294 -26.758204 0 
0 -26.857014 -26.347409 -26.471129 -26.697773 -26.868223 -26.620808 -26.57656 -27.534817 -27.881575 -26.586296 -26.581013 -28.023263 -28.35467 -26.501376 -26.405962 0 0 -26.562759 -26.568142 -30.183421 -28.729743 -26.371997 -26.411829 -27.369092 -26.300405 -26.240106 -26.236198 -26.550569 -26.718018 -26.528052 -26.662677 -26.894868 -26.722246 -26.427419 -26.44926 -26.763565 -26.571697 -26.609557 -26.91175 -27.341665 -26.717197 -26.54362 -30.97456 -28.411015 -26.297162 -26.321998 -39.459397 -28.700672 -26.370635 -26.479915 -27.386673 -27.306785 -26.366846 -26.41072 0 0 -26.72294 -26.736361 0 -30.071722 -27.210549 -26.786776 -26.735569 -26.201095 -26.197586 -26.302094 -26.467015 -26.687255 -27.061843 -27.361658 -27.126671 -26.927563 -26.909106 -27.264113 -27.351223 -26.836557 -27.238924 -27.088945 -26.960894 -27.009368 -27.140045 -27.803828 -27.959668 -26.577697 -26.482449 -26.549456 -26.503053 0 
-26.907315 -26.857014 -26.322767 -26.347409 -26.617411 -26.697773 -26.67442 -26.620808 -27.30196 -27.847687 -26.54747 -26.586296 -27.383358 -28.023263 -26.651637 -26.501376 0 0 -26.668626 -26.676847 -37.544632 -30.829783 -26.411829 -26.450767 -27.145949 -27.21003 -26.236198 -26.237966 -26.413299 -26.528052 -26.647172 -26.391994 -28.061518 -26.789225 -26.566816 -26.427419 -26.571697 -26.609557 -26.788205 -26.83995 -26.942791 -27.207053 -26.717197 -29.004063 -26.804071 -26.298937 -26.298937 -27.214654 -28.131209 -26.454251 -26.484479 -34.228095 -30.085727 -26.41072 -26.521247 0 0 -26.736361 -26.791356 0 -28.066236 -26.754125 -27.210549 0 0 -26.302094 -26.467015 -26.656623 -26.577549 -26.415422 -26.364235 -26.380771 -26.456022 -26.617969 -27.098966 -27.264113 -27.351223 -26.836557 -28.072498 -28.557742 -27.968556 -27.803828 -27.344462 -26.84717 -26.482449 -26.40524 -26.491099 -26.322942 -27.552063 
-26.831135 -26.856364 -26.322767 -26.322767 -26.939807 -26.577298 -26.329409 -26.46444 -26.589666 -26.887339 -26.57715 -26.54747 -28.014235 -29.949178 -26.711409 -26.651637 0 0 -26.816994 -26.803327 0 -39.481377 -26.450767 -26.501332 -27.383782 -27.070811 -26.237966 -26.251978 -26.406928 -26.530834 -26.391994 -26.395803 -27.251288 -26.566816 -26.799712 -26.477731 0 -32.343343 -27.79579 -27.634404 -27.602491 -27.636419 -26.589035 -26.382877 -26.407024 -26.249353 -26.298937 -26.873127 -27.041844 -26.399007 -26.454251 -28.698089 0 -26.521247 -26.632322 0 0 -26.791356 -26.82542 0 -27.084706 -26.431481 -26.715287 0 0 -27.059848 -26.656623 -26.577549 -26.561975 -26.529849 -26.408312 -26.364235 -26.380771 -26.456022 -26.617969 -27.469367 -27.877193 -30.657361 0 0 0 -27.741742 -26.84717 -26.673414 -26.40524 -26.491099 -26.322942 -26.245062 -26.3855 
-26.948098 -26.831135 -26.793442 -26.322767 -26.602897 -26.397455 -26.337386 -26.329409 -26.498607 -26.695194 -26.600172 -26.57715 -28.043413 -28.325555 -26.63909 -26.711409 0 0 -26.986644 -26.941375 0 0 -26.501332 -26.566474 -29.498069 -27.955762 -26.251978 -26.282323 -26.438233 -26.470736 -26.395803 -26.462404 -27.420805 -27.46043 -26.477731 -26.334829 0 0 -26.603994 -26.408445 -26.313043 -26.272275 -26.216541 -26.274337 -26.34594 -26.407024 -26.249353 -26.72587 -27.041844 -26.459102 -26.399007 -30.882019 -28.698089 -26.644547 -26.682992 0 0 -26.815018 -26.876893 -29.148212 -26.779898 -26.356671 -26.431481 0 0 0 0 -35.471129 -35.645173 -30.209953 -27.549038 -28.29645 -28.032556 -27.584157 -27.224672 -27.335709 -28.653988 -39.476607 -38.490194 0 0 0 0 -28.028537 -26.492396 -27.00042 -27.04469 -26.634955 -28.558571 
-26.841046 -26.874955 -26.863573 -26.372034 -26.602897 -26.473899 -26.397455 -26.337386 -26.808796 -26.659636 -26.495542 -26.583115 -26.575531 -26.641816 -26.531484 -26.63909 -32.042733 -35.119067 -26.914299 -26.986644 0 0 -26.566474 -26.730096 0 -39.508028 -26.282323 -26.357033 -26.470736 -26.467248 -26.462404 -26.479375 -27.46043 -27.092847 -26.334829 -26.309234 -28.180839 -28.39795 -26.745753 -26.603994 -26.408445 -26.311875 -26.272275 -26.216541 -26.274337 -26.34594 -26.320703 -26.621286 -26.72587 -26.459102 -26.459102 -27.884718 -30.882019 -26.520874 -26.644547 -39.457687 -32.601235 -26.544249 -26.815018 -27.526203 -26.830951 -26.365954 -26.356671 0 0 0 0 0 0 0 -39.474839 -36.91908 -31.650875 -33.416906 -39.198713 0 0 -39.503325 -39.476607 0 0 0 0 0 -27.798366 -27.04469 -27.920318 -26.961262 -33.287582 
-26.99887 -26.841046 -26.874955 -26.273752 -26.372034 -26.473899 -26.473899 -26.422372 -26.636028 -26.462916 -26.439223 -26.358046 -26.334437 -26.375751 -26.440337 -26.531484 -26.778929 -27.63725 -26.858971 -26.914299 0 0 -26.730096 -26.967982 0 0 -26.357033 -26.482449 -26.467248 -26.505147 -26.479375 -26.467557 -27.394986 -27.162297 -26.309234 -26.305629 -27.168797 -26.974755 -26.541351 -26.308562 -27.264538 -29.047465 -26.393032 -26.369162 -26.377378 -26.365237 -26.382481 -26.320703 -26.807003 -27.146532 -26.513082 -26.513082 -27.234182 -27.111468 -26.520874 -27.314701 -27.669835 -26.431794 -26.544249 -27.008782 -27.004203 -26.395969 -26.365954 0 0 0 0 0 0 0 0 0 0 0 0 0 0 0 -39.503325 0 0 0 0 0 0 -30.051984 -34.28853 -29.585882 0 
-27.963419 -26.99887 -26.886294 -26.222217 -26.273752 -26.383932 -26.473899 -26.422372 -26.422372 -26.636028 -26.462916 -26.351905 -26.358046 -26.334437 -26.375751 -26.440337 -26.665864 -26.778929 -27.63725 -26.858971 0 0 -26.912229 -26.988199 0 0 -26.525543 -26.503985 -26.505147 -26.582017 -26.467557 -26.458552 -27.508353 -27.223278 -26.305629 -26.325269 -26.974755 -27.03978 -26.308562 -26.279456 -26.715265 -26.524079 -26.406891 -26.393032 -26.58715 -26.610646 -26.785189 -26.591149 -27.067014 -27.295087 -26.515073 -26.513082 -27.789809 -27.0317 -26.440991 -26.993725 -27.117522 -26.846535 -26.431794 -26.921579 -27.008782 -26.394164 -26.395969 0 0 0 0 0 0 0 0 0 0 0 0 0 0 0 0 0 0 0 0 0 0 0 0 0 0 
-35.08237 -27.963419 -26.781627 -26.246701 -26.222217 -26.493052 -26.828389 -26.350702 -26.422372 -26.929358 -26.922898 -26.313443 -26.351905 -26.395227 -26.478927 -26.588897 -26.640541 -26.799061 -27.339038 -26.994031 -30.890482 -30.949469 -29.748471 -26.912229 0 0 -26.953828 -26.718956 -26.582017 -26.782901 -26.458552 -26.437308 -28.450278 -27.270876 -26.325269 -26.333537 -27.05028 -26.855779 -26.279456 -26.293594 -26.524079 -26.491228 -26.297424 -26.199382 -39.469065 -31.046865 -26.794951 -26.8848 -27.251704 -27.134487 -26.451046 -26.515073 -26.77585 -27.0317 -26.455094 -26.440991 -26.872486 -26.86983 -26.379166 -26.994995 -26.921579 -26.550878 -26.394164 -39.473779 0 0 0 0 0 0 0 0 0 0 0 0 0 0 0 0 0 0 0 0 0 0 0 -28.58706 0 
-33.412034 -28.944491 -26.721184 -26.369295 -26.246701 -27.715659 -27.644407 -26.376252 -26.350702 -26.929358 -26.486463 -26.266454 -26.313443 -26.557202 -26.57379 -26.525556 -26.503288 -26.627086 -26.775317 -26.745901 -26.962123 -27.206795 -29.006865 -27.067518 -29.252563 -28.345128 -27.959838 -26.953828 -27.041219 -26.865526 -26.437308 -26.429118 -35.447341 -27.397578 -26.333537 -26.356779 -28.008141 -27.187992 -26.293594 -26.329741 -26.491228 -26.450524 -26.199382 -26.17261 -26.907899 -27.534087 -26.746024 -26.794951 -27.175677 -26.850587 -26.321091 -26.451046 -26.696395 -26.77585 -26.455094 -26.455094 -26.646301 -26.872486 -26.435074 -26.379166 -27.036962 -27.042614 -26.784616 -27.586607 0 0 0 0 0 0 0 0 0 0 0 0 0 0 0 0 0 0 0 0 0 0 -28.58706 -27.364622 0 
-28.836715 -27.070912 -27.106076 -26.567001 -26.369295 0 -39.524946 -26.370082 -26.376252 -26.895081 -26.486463 -26.486463 -26.266454 -26.700263 -26.584186 -26.503288 -26.623793 -26.594778 -26.683302 -26.663769 -26.745901 -26.903682 -27.109392 -26.557477 -26.814812 -27.164095 -28.229087 -26.619853 -27.468125 -27.426552 -26.429118 -26.595626 -26.798439 -30.335298 -26.356779 -26.440113 -35.933852 -28.578489 -26.329741 -26.330349 -26.606184 -26.464784 -26.17261 -26.17312 -26.534568 -26.535723 -26.566275 -26.655708 -27.568306 -26.890104 -26.404304 -26.321091 -26.560593 -26.838484 -26.381699 -26.455094 -26.538573 -26.646301 -26.470138 -26.435074 -26.999047 -27.036962 -27.280683 -26.784616 0 0 0 0 0 0 0 0 0 0 0 0 0 0 0 0 0 0 0 0 0 0 0 -26.613017 -28.460987 
-27.347316 -26.704305 -26.814047 -26.742783 -26.562339 0 0 -26.297966 -26.360506 -26.578927 -26.468392 -26.290641 -26.730947 -26.667025 -26.543293 -26.634812 -26.594778 -26.687695 -26.779305 -26.712712 -26.663769 -26.759557 -26.898466 -26.61144 -26.557477 -26.814812 -27.164095 -26.706731 -26.619853 -28.131008 -26.607981 -26.798439 -27.029629 0 -26.440113 -26.606608 -26.618969 0 -26.330349 -26.431654 -26.308183 -26.569131 -26.17312 -26.191536 -26.535723 -26.425149 -26.454032 -26.291065 0 -29.030687 -26.507966 -26.404304 -27.312332 -26.829943 -26.333759 -26.381699 -26.538573 -27.151269 -26.47053 -26.470138 -27.060048 -26.999047 -28.219442 -27.281629 0 0 0 0 0 0 0 0 0 0 0 0 0 0 0 0 0 0 0 0 0 0 0 0 0 
-26.351637 -26.217401 -26.74499 -26.562339 -26.440595 0 -28.120197 -26.250619 -26.247839 -26.616905 -26.578927 -26.325607 -26.290641 -26.667025 -26.667025 -26.543293 -26.75767 -26.8043 -26.869059 -26.867489 -26.712712 -26.812963 -26.86387 -26.792439 -26.61144 -27.013447 -27.447876 -26.758485 -26.706731 -27.889451 -28.131008 -26.870198 -26.878942 0 -26.606608 -26.618969 -27.030146 0 -26.431654 -26.308183 -26.3887 -26.869193 -26.191536 -26.227476 -26.226758 -26.472075 -26.291065 -26.241222 -28.172651 -27.655019 -26.354938 -26.507966 -26.743468 -26.596981 -26.381183 -26.333759 -26.695172 -27.151269 -29.015704 -26.47053 -26.971775 -27.834918 -29.012886 -28.219442 0 0 0 0 0 0 0 0 0 0 0 0 0 0 0 0 0 0 0 0 0 0 0 0 0 
-26.24896 -26.232041 -26.610068 -26.440595 -26.393917 -27.22361 -29.263851 -26.236119 -26.223937 -26.786256 -26.616905 -26.397889 -26.325607 -27.27195 -26.667025 -26.832852 -28.184216 -27.607857 -27.307845 -27.180103 -26.931237 -27.027286 -27.006936 -27.004025 -26.792439 -27.374177 -27.752154 -26.655175 -26.758485 -27.645606 -27.889451 -27.010046 -26.870198 0 0 -27.030146 -27.566129 0 0 -26.3887 -26.462498 -27.484249 -26.227476 -26.226758 -26.266385 -26.435015 -26.241222 -26.22656 -26.277307 -27.079466 -26.298202 -26.307101 -27.261852 -26.743468 -26.420687 -26.381183 -27.244663 -28.18612 -26.455424 -28.020365 -28.020365 0 -39.518957 -29.012886 0 0 0 0 0 0 0 0 0 0 0 0 0 0 -26.928861 -27.977179 -30.058542 -39.533281 -32.543816 -26.584156 -27.273529 0 0 0 0 
-26.262695 -26.25261 -26.65714 -26.393917 -27.01733 -27.001085 -29.411872 -26.223937 -26.223449 -26.215945 -26.786256 -26.479192 -26.397889 -33.771919 -27.542791 -26.832852 -26.832852 -27.204412 -26.642053 -26.736794 -27.030711 -27.21485 -27.44834 -27.52106 -27.344462 -27.887397 -27.616147 -26.653127 -26.655175 -27.656719 -28.583211 -27.013812 -27.010046 0 0 -27.546067 -27.696699 0 0 -26.462498 -26.536499 -27.860941 -27.404885 -26.266385 -26.321676 -26.518659 -26.22656 -26.277307 -26.247307 -26.943303 -26.259038 -26.212123 -26.26687 -27.219181 -26.491217 -26.420687 -27.470516 -29.310772 -26.649275 -26.455424 -28.020365 0 0 -39.518957 0 0 0 0 0 0 0 0 0 0 0 0 -27.104884 -26.610679 -26.42057 -26.928861 -27.362151 -27.607857 -26.584156 -26.490662 -26.413549 -26.404826 -26.730191 0 0 
-26.28477 -26.28477 -26.689249 -26.984492 -27.001085 -26.857014 -39.457274 -26.223449 -26.215945 -26.217296 -26.79568 -26.491078 -26.434538 -26.609738 0 -27.55373 -26.832852 -27.204412 -27.204412 -26.642053 -26.601179 -26.41582 -26.36785 -26.363332 -26.359266 -26.412032 -26.506871 -26.562619 -26.653127 -27.830305 -28.289693 -26.734707 -27.013812 -31.367322 -39.531109 -26.588421 -26.992676 -27.148925 -30.096851 -26.559245 -26.537483 -28.84753 -28.022719 -26.321676 -26.356322 -26.597645 -26.590623 -26.247307 -26.237186 -26.850234 -26.212123 -26.224179 -26.193949 -28.119401 -27.219181 -26.491217 0 0 -28.538753 -26.649275 0 0 0 0 0 0 0 0 0 0 0 0 0 0 -28.958773 -26.880039 -26.583386 -26.465888 -26.392478 -26.42057 -27.031842 -27.15321 -26.490662 -26.413549 -26.404826 -26.401835 -26.323525 -26.320735 0 
-26.31898 -26.294467 -27.05391 -27.118685 -26.857014 -26.729106 0 -27.190059 -26.217296 -26.226499 -27.005098 -26.434538 -26.609738 -26.451805 0 -34.927882 -26.641415 -26.997105 -27.204412 -27.62312 -26.75332 -26.534973 -26.3977 -26.359266 -26.392376 -26.408512 -26.425791 -26.506871 -26.562619 -26.813695 -26.76243 -26.476119 -26.734707 -26.998959 -26.833806 -26.343963 -26.588421 -26.992676 -27.148925 -26.904769 -26.559245 0 -39.448189 -26.356322 -26.412763 -26.774067 -26.690557 -26.237186 -26.235015 -26.784616 -26.621491 -26.193949 -26.182551 -27.167407 -28.52117 -30.692218 0 0 0 -28.538753 0 0 0 0 0 0 0 0 0 0 0 0 0 0 -26.507818 -26.67205 -26.535088 -26.515532 -26.465888 -26.392478 -26.929933 -27.058606 -26.59423 -26.595014 -26.401835 -26.323525 -26.320735 -26.186779 0 
-26.35103 -26.31898 -27.351871 -27.35838 -26.729106 -26.675834 0 -27.388464 -26.226499 -26.23336 -26.940983 -27.054993 -26.451805 -26.430345 -34.927882 -32.35943 -26.490726 -26.641415 -26.997105 -27.62312 -26.542353 -26.75332 -26.809609 -26.836805 -26.694659 -26.787792 -26.902851 -26.995522 -26.806196 -26.551281 -26.479121 -26.353936 -26.476119 -26.534479 -26.520285 -26.401635 -26.343963 -26.694402 -27.531692 -26.894017 -26.904769 -30.106542 -39.499973 -26.42942 -26.473969 -27.013402 -26.841171 -26.235015 -26.248237 -26.828237 -26.637537 -26.182551 -26.185155 -26.734587 -26.943619 -31.475398 -28.666531 0 0 0 0 0 0 0 0 0 0 0 0 0 0 0 0 0 -26.365314 -26.507818 -26.63218 -26.535088 -26.515532 -26.575297 -36.541676 -39.445769 -26.977753 -26.974082 -26.648324 -26.430756 -26.186779 -26.210979 -27.162602 
-26.337437 -26.35103 -27.068377 -27.673674 -26.675834 -26.637285 -39.486146 -27.544269 -26.23336 -26.242461 -27.129886 -27.621371 -26.430345 -26.418325 -32.35943 -29.567179 -26.505679 -26.43332 -37.779625 -29.543655 -26.542353 -26.542353 -27.380312 -27.105913 -27.906046 -26.999091 -26.608489 -26.496829 -26.388318 -26.396721 -26.436268 -26.384632 -26.353936 -26.543436 -26.534479 -26.520285 -26.401635 -27.914129 -32.399097 -26.720126 -26.894017 -27.96069 -30.106542 -26.653108 -26.560384 -27.39879 -27.073357 -26.248237 -26.26271 -26.762894 -26.648492 -26.185155 -26.195406 -26.659116 -26.811005 -28.196118 -27.112454 0 0 0 0 0 0 0 0 0 0 0 0 0 0 0 0 -27.724573 -26.399622 -26.365314 -26.802128 -26.63218 -27.105913 -27.184874 0 0 -28.054013 -28.279978 -27.14091 -26.665511 -26.210979 -26.231926 -26.403778 
-26.349995 -26.337437 -27.045125 -28.267153 -26.637285 -26.642547 -28.318388 -27.011857 -26.242461 -26.270861 -27.621371 -28.131008 -26.418325 -26.401477 -29.567179 -28.603774 -26.43332 -26.386417 -30.120036 -35.060493 -26.520705 -26.542353 -27.497743 -34.906742 -26.839107 -26.909326 -26.608981 -26.439317 -26.32879 -26.388318 -26.396721 -26.436268 -26.384632 -26.614085 -26.598263 -26.649481 -26.889788 -26.825269 -26.835813 -26.573265 -26.720126 -28.016754 -27.96069 -26.86387 -26.733084 -29.432629 -27.379384 -26.26271 -26.284 -26.781356 -26.689439 -26.195406 -26.208553 -26.638439 -26.840827 -27.112454 -26.654966 0 0 0 0 0 0 0 0 0 0 0 0 0 0 0 0 -27.693897 -26.765664 -26.399622 -27.186556 -27.673425 -26.752642 -27.105913 0 0 -28.403569 -28.52823 -30.136649 -28.56297 -26.369186 -26.299767 -26.553666 
-26.43307 -26.349995 -27.371588 -34.405836 -26.642547 -26.638909 -28.876931 -27.668724 -26.303047 -26.261387 -28.128194 -28.234383 -26.401477 -26.391885 -30.420204 -28.746018 -26.386417 -26.400608 -32.332664 -28.585282 -26.541182 -26.4764 -27.497743 0 -26.76979 -26.839107 -26.717607 -26.542248 -26.33821 -26.32879 -26.312263 -26.33204 -26.326214 -26.399601 -26.425005 -26.448822 -26.481698 -26.514744 -26.565325 -26.691551 -26.573265 -27.327148 -28.370747 -26.860707 -26.86387 -32.976702 -31.151697 -26.284 -26.290757 -27.112345 -26.817882 -26.208553 -26.22253 -26.607065 -26.856624 -26.654966 -26.512465 0 0 0 0 0 0 0 0 0 0 0 0 0 0 0 0 -29.423257 -27.693897 -26.507578 -26.753798 -27.64309 -28.87071 -26.752642 -39.522246 0 -28.52823 -27.980128 -28.201473 -27.82365 -26.906732 -26.834978 -28.84072 
-27.340628 -26.43307 -31.135286 0 -26.638909 -26.717288 -30.336131 -27.236345 -26.266984 -26.231565 -28.569682 -28.76046 -26.391885 -26.400288 -28.892416 -28.426829 -26.400608 -26.415185 -28.585282 -28.66307 -26.465782 -26.399665 0 0 -26.76979 -26.76979 -27.254139 -26.635509 -26.332848 -26.33821 -26.345537 -26.312263 -26.33204 -26.326214 -26.399601 -26.425005 -26.448822 -26.481698 -26.514744 -26.565325 -26.691551 -26.966242 -27.327148 -27.851172 -26.860707 -27.488458 -27.651748 -26.31885 -26.294841 -27.346788 -26.933626 -26.22253 -26.235496 -26.613701 -26.878565 -26.512465 -26.456354 0 0 0 0 0 0 0 0 0 0 0 0 0 0 0 -33.007027 -39.533574 -29.423257 -26.415315 -26.507578 -27.90139 -27.64309 -26.703668 -32.345127 -39.522246 -27.980128 -28.201473 -27.13878 -27.419375 -26.858122 -26.655746 0 
0 -26.765456 -29.34116 0 -26.816403 -26.921767 -27.395331 -26.867223 -26.231565 -26.211394 -29.458933 -29.212287 -26.400288 -26.408305 -29.461055 -28.189726 -26.415185 -26.399353 -28.66307 -28.446825 -26.399665 -26.364694 -30.728592 0 -26.79641 -26.624276 -39.447421 -27.254139 -26.394605 -26.332848 -26.481677 -26.506883 -26.435519 -26.375319 -26.397854 -26.407597 -26.433569 -26.487556 -26.55883 -26.627086 -26.729341 -26.815518 -26.966242 -27.035915 -26.533128 -27.095233 -27.488458 -26.492729 -26.319771 -26.563884 -27.11114 -26.235496 -26.256807 -26.670174 -26.792885 -26.456354 -26.444999 0 0 0 0 0 0 0 0 0 0 0 0 0 0 0 -31.700833 -33.007027 -39.533574 -26.363116 -26.415315 -27.711625 -27.90139 -26.585931 -26.703668 -32.345127 -32.327338 -27.13878 -26.994863 -26.875736 -26.655746 -26.689944 -28.280222 
-39.49615 -26.67442 -26.765456 0 -29.625629 -27.112619 -27.460335 -27.213739 -26.211394 -26.217736 -26.280523 -30.739515 -26.408305 -26.451407 -26.463058 -27.695552 -26.399353 -26.376893 -28.446825 -27.504031 -26.364694 -26.364517 -29.384246 -32.711158 -26.588175 -26.423768 -27.94397 0 -26.374727 -26.394605 -26.664903 -26.772927 -26.455259 -26.482687 -26.455094 -26.397854 -26.407597 -26.468372 -26.556899 -26.626494 -26.716218 -26.857177 -26.981708 -27.126896 -27.035915 -26.533128 -27.764758 -27.593553 -26.383111 -26.535634 -27.484835 -26.256807 -26.296261 -26.25107 -26.703559 -26.444999 -26.460038 -34.812839 0 0 0 0 0 0 0 0 0 0 0 0 0 0 -29.749717 -31.700833 -39.540085 -26.334328 -26.363116 -27.46043 -28.283438 -26.529638 -26.585931 -28.601673 -36.334122 -26.994863 -26.875736 -26.933587 -26.778714 -26.595689 -28.089298 
-28.264878 -26.612053 -26.67442 -31.392972 0 -27.247277 -27.112619 -26.807639 -26.223073 -26.273586 -26.283661 0 -26.451407 -26.463058 -26.502459 -27.700406 -26.376893 -26.321956 -26.425783 -27.7891 -26.364517 -26.375232 -28.631707 -30.395241 -26.423768 -26.392854 -26.850907 -27.1366 -26.374727 -26.321008 -28.535331 -33.113027 -26.365137 -26.455259 -26.569389 -26.613717 -26.75337 -26.851774 -26.867289 -26.907607 -26.926611 -27.217668 -27.347512 -27.313095 -27.505234 -27.202359 -28.865243 -27.49279 -26.392096 -26.383111 -28.899104 -26.296261 -26.25107 -26.302678 -26.692995 -26.460038 -26.457622 -26.40643 0 0 0 0 0 0 0 0 0 0 0 0 0 -32.657706 -29.749717 -29.749717 -31.507465 -26.309739 -26.334328 -27.426552 -28.864516 -26.40662 -26.529638 -29.124243 -28.601673 -29.949869 -26.933587 -26.778714 -26.76686 -26.51438 -27.440494 
-28.847889 -26.817882 -26.612053 -32.058955 0 -26.824757 -26.706068 -26.556378 -26.591675 -26.274317 -26.273586 -39.452555 0 -26.502459 -26.64065 -27.097257 -26.321956 -26.425783 -26.396463 -28.584394 -26.375232 -26.410742 -26.402767 -29.231143 -26.392854 -26.423871 -26.95812 -26.808623 -26.321008 -26.233054 -29.663887 0 -26.485229 -26.365137 -26.557794 -27.11719 -28.619489 -28.024533 -27.852844 -27.596709 -27.42 -27.093588 -27.062243 -26.981409 -26.748225 -26.830004 -26.710693 -26.792579 -26.520742 -26.392096 -28.319818 -29.871278 -26.302678 -26.366786 -27.07443 -26.457622 -26.40643 -26.403935 0 0 0 0 0 0 0 0 0 0 0 0 0 -27.559851 -29.348099 -29.749717 0 -26.303998 -26.309739 -27.667121 -28.675064 -26.341759 -26.40662 -27.507446 -29.734825 0 -31.675031 -27.475901 -26.945635 -26.485281 -27.228078 
-27.820855 -27.04755 -26.817882 -36.473191 0 -26.491335 -26.498277 -26.555283 -26.556378 -26.316831 -26.274317 -34.017641 0 -26.64065 -26.847998 -28.18824 -27.120407 -26.396463 -26.370659 -30.973464 -26.410742 -26.402767 -26.432034 -29.5298 -26.423871 -26.439257 -26.359707 -26.712465 -26.233054 -26.203041 -26.720057 0 -26.494944 -26.356334 0 0 -26.761196 -28.09384 -27.596709 -27.42 -27.093588 -27.062243 -26.97073 -26.881104 -26.804558 -26.748225 -26.830004 -26.710693 -26.773961 -26.520742 -29.951944 -29.018527 -26.364983 -26.347736 -27.711495 -29.45364 -26.396582 -26.420092 0 0 0 0 0 0 0 0 0 0 0 0 0 -26.877916 -27.559851 -29.348099 -29.293861 -26.303998 -26.303998 -27.950354 -27.825715 -26.308334 -26.341759 -27.246932 -28.740349 0 0 -33.222284 -28.081865 -26.682599 -28.384863 
-27.633694 -27.707869 -27.04755 -31.021041 -29.212745 -26.397385 -26.491335 -26.498277 -26.555283 -26.434237 -26.316831 0 0 -26.847998 -26.993681 0 -27.624639 -26.370659 -26.368403 -28.479894 -38.601778 -26.432034 -26.477974 -29.989668 -26.439257 -26.359707 -26.445403 -26.733966 -26.203041 -26.19968 -26.182632 -27.439289 -26.356334 -26.48423 -27.45132 -37.330196 -27.573335 -26.761196 -27.143975 -26.986212 -27.13855 -27.144729 -27.032644 -26.946984 -26.881104 -26.804558 -26.905568 -26.914114 -27.248174 -26.773961 -28.114239 -27.334367 -26.409282 -26.364983 -29.45364 -39.445651 -26.36046 -26.391335 0 0 0 0 0 0 0 0 0 0 0 0 0 -27.036248 -26.877916 -26.997017 -27.542369 -26.291882 -26.303998 -27.941128 -28.059261 -26.280004 -26.308334 -26.901193 -27.246932 -28.525401 -35.204605 -33.137772 -27.942966 -26.938791 -39.492619 
-27.523421 -27.633694 -27.707869 -27.961712 -27.652837 -26.430592 -26.397385 -26.732656 -26.894726 -26.486673 -26.434237 0 0 -26.884106 -26.979918 0 -31.052514 -26.368403 -26.470844 -28.3483 -39.466884 -26.477974 -26.604658 -37.979706 -39.470656 -26.445403 -26.458831 -26.980983 -26.19968 -26.182632 -26.177235 -27.03639 -26.48423 -26.549978 -26.478329 0 -27.06656 -26.910757 -27.628743 -27.143975 -26.986212 -27.238448 -27.621604 -27.918359 -28.396168 -28.479894 -27.741607 -27.650903 -26.891616 -27.248174 -27.256443 -27.273744 -26.490331 -26.409282 -29.196365 -28.146818 -26.329178 -26.36046 0 0 0 0 0 0 0 0 0 0 0 0 0 -27.508051 -26.823132 -27.008196 -26.948178 -26.385223 -26.291882 -26.755995 -28.423181 -26.256538 -26.280004 -26.638222 -26.901193 -26.949574 -28.522297 -27.942966 -26.938791 -26.588099 -27.43652 
-27.200823 -27.117024 -27.704001 -27.740801 -27.493185 -26.43583 -26.430592 -26.926687 -27.023791 -26.496196 -26.486673 -39.507264 0 -26.713028 -26.884106 0 0 -26.470844 -26.642858 -39.466884 0 -26.604658 -26.808188 -39.470656 -39.48173 -26.458831 -26.475026 -27.819827 -26.859462 -26.177235 -26.184703 -26.920114 -26.549978 -26.478329 -26.332917 -27.06656 -26.910757 -26.443739 -26.311445 -27.628743 0 -32.453994 -28.299257 -27.785279 -27.556087 -27.362645 -27.136829 -27.084393 -26.864068 -26.891616 -27.448712 -27.256443 -26.596886 -26.490331 -27.264751 -27.024767 -26.309578 -26.329178 0 0 0 0 0 0 0 0 0 0 0 0 0 0 -27.122357 -26.823132 -26.77042 -26.589573 -26.387871 -26.507909 -28.423181 -26.295915 -26.256538 -26.367419 -27.427093 -27.916567 -26.736914 -26.743419 -27.014997 -26.433978 -26.892558 
-27.096937 -26.842301 -26.965952 -27.554908 -27.24384 -26.517589 -26.43583 -26.956536 -27.210484 -26.485584 -26.496196 -28.185062 -28.303011 -26.483866 -26.713028 -28.274693 -27.510776 -26.392717 -26.498596 -29.482416 -29.716375 -26.634383 -26.725566 0 0 -26.475026 -26.733084 -28.5779 -27.094118 -26.184703 -26.201416 -26.765015 -29.902741 -26.332917 -26.356779 -27.228873 -27.072796 -26.311445 -26.269792 -39.519427 0 -27.136314 -32.453994 -28.299257 -27.785279 -27.556087 -27.362645 -27.136829 -27.084393 -26.864068 -27.386673 -27.709162 -26.617563 -26.596886 -26.759889 -26.733704 -26.322329 -26.309578 0 0 0 0 0 0 0 0 0 0 0 0 0 -29.190491 -27.008061 -26.653052 -26.747779 -26.77042 -26.417837 -26.387871 -27.770851 -26.295915 -26.266102 -26.266102 -27.171588 -27.047745 -26.362976 -26.736914 -26.743419 -26.446063 -26.990752 
-27.270726 -26.910978 -26.888737 -26.968855 -27.13901 -27.24384 -26.517589 -27.596709 -27.529616 -27.515544 -26.485584 -27.28367 -26.976737 -26.39282 -26.483866 -26.845995 -26.756501 -26.311879 -26.392717 -26.913448 -26.90314 -26.499435 -26.634383 0 0 -26.733084 -27.034301 -31.586533 -27.466503 -26.201416 -26.247312 -26.658021 -30.279401 -26.356779 -26.429461 -28.11642 -27.315161 -26.269792 -26.374342 -27.093641 -28.230409 -27.702202 -27.136314 -29.649077 -28.878766 -29.563237 -28.055884 -28.039535 -28.301132 -27.691739 -27.142816 -26.901805 -26.434446 -26.617563 -26.625435 -26.647116 -26.425606 -26.322329 0 0 0 0 0 0 0 0 0 0 0 0 0 -30.782703 -26.408785 -26.518719 -26.653052 -26.747779 -26.447523 -26.417837 -27.486008 -26.705428 -26.201662 -26.266102 -26.851421 -27.171588 -26.297711 -26.362976 -27.076018 -26.430017 -26.627732 
-27.762175 -26.888737 -26.968855 -26.957348 -27.241787 -27.13901 -26.833714 -27.820855 -27.210549 -27.033022 -26.405481 -26.84768 -26.764937 -26.885216 -26.39282 -26.62381 -26.491624 -26.275345 -26.311879 -26.541416 -26.742221 -26.538252 -26.499435 -36.861279 0 -26.649331 -26.817882 -30.239211 -29.21916 -26.250763 -26.314803 -26.869461 -27.395072 -26.429461 -26.520537 -27.315161 -29.492115 -26.374342 -26.432904 -28.230409 -29.523738 -26.882551 -27.522291 -28.085328 -29.388819 -26.569059 -26.470678 -26.465868 -26.50367 -26.488707 -26.577209 -26.587854 -26.589774 -26.434446 -26.559828 -26.625435 -26.647116 -26.425606 0 0 0 0 0 0 0 0 0 0 0 0 0 -37.615933 -26.380604 -26.408785 -26.518719 -26.819992 -26.448216 -26.447523 -27.412712 -26.581043 -26.183762 -26.201662 -26.851421 -27.09449 -26.242265 -26.297711 -26.741051 -26.605014 -26.701983 
-27.578791 -27.09747 -26.957348 -27.01678 -27.161459 -27.148925 -26.816049 -26.833714 -27.128248 -27.063394 -26.364535 -26.405481 -26.84768 -26.764937 -26.334308 -26.430394 -26.435796 -26.491624 -26.275345 -26.692591 -26.541416 -26.593683 -26.538252 -29.839664 -30.664098 -26.605485 -26.649331 -27.673177 -27.263335 -26.31132 -26.345934 -27.395072 -39.477137 -26.520537 -26.598866 -29.492115 -28.011362 -26.432904 -26.374758 -29.523738 -27.059202 -26.501733 -26.351878 -27.972858 -28.085328 -26.451922 -26.569059 -26.470678 -26.465868 -26.50367 -26.488707 -26.577209 -26.587854 -26.589774 -26.69959 -26.559828 -26.635384 -27.946821 0 0 0 0 0 0 0 0 0 0 0 0 0 -39.449664 -26.369319 -26.380604 -27.109174 -27.090313 -26.432249 -26.448216 -27.090682 -26.485 -26.165447 -26.183762 -26.762688 -27.09449 -26.25097 -26.242265 -27.100628 -29.976313 -30.158754 
-28.397734 -27.250664 -27.01678 -27.161459 -27.148925 -27.284327 -27.300235 -26.816049 -27.525068 -27.128248 -26.365965 -26.364535 -26.742319 -26.889262 -26.249007 -26.334308 -26.430394 -26.435796 -26.511269 -27.017284 -26.994863 -27.478221 -26.593683 -29.457343 -28.838576 -26.394137 -26.605485 -26.617208 -26.499302 -26.267341 -26.31132 -28.425264 -39.434408 -26.501555 -26.649593 -38.246215 -29.669844 -26.374758 -26.460272 0 -28.536755 -26.351878 -26.382598 -33.866733 -33.346889 -27.285058 -26.451922 -27.242676 -27.986577 -27.875633 -27.031229 -27.179055 -27.076223 -26.935018 -26.595233 -26.997281 -31.128285 0 -39.509204 0 0 0 0 0 0 0 0 0 0 0 0 -39.460046 -26.349329 -26.369319 -27.204091 -27.109174 -26.430312 -26.432249 -26.678801 -26.370088 -26.167603 -26.165447 -26.91608 -26.817853 -26.25097 -26.25097 -27.696444 -28.441795 0 
-28.057759 -27.915754 -27.493876 -27.391975 -27.732782 -27.98483 -28.335421 -27.667121 -28.426829 -27.425831 -26.401656 -26.365965 -26.822113 -26.533708 -26.2394 -26.249007 -26.449152 -26.758535 -26.432705 -26.511269 -27.047016 -27.134144 -26.68927 -27.870658 -26.917272 -26.560231 -26.394137 -26.375988 -26.396498 -26.28531 -26.267341 -27.01857 -28.425264 -26.379964 -26.501555 -27.93946 -28.392358 -26.512383 -26.49231 -28.536755 -39.518135 -26.382598 -26.41658 0 -29.724962 -27.00991 -27.285058 0 0 0 -32.998336 -39.539323 -39.167911 -37.669989 -31.944062 0 0 0 0 0 0 0 0 0 0 0 0 0 0 0 0 -35.31093 -26.350751 -26.349329 -27.165779 -27.204091 -26.376032 -26.430312 -26.518671 -26.339212 -26.192321 -26.167603 -28.3234 -26.487735 -26.217386 -26.25097 -27.696444 -26.941375 -28.441795 
-32.921077 -27.785844 -27.391975 -27.53806 -28.11781 -28.927305 -31.692206 0 -30.017364 -27.453376 -26.409817 -26.401656 -26.512372 -26.447177 -26.283223 -26.2394 -26.827478 -27.15729 -26.378968 -26.432705 -26.799967 -27.047016 -26.447345 -26.463686 -26.365166 -26.34687 -26.207266 -26.338815 -26.375988 -26.396498 -26.28531 -26.76556 -26.91441 -26.646245 -26.379964 -27.370838 -27.93946 -26.486369 -26.512383 -34.9776 -28.336146 -26.41658 -26.41658 -29.724962 -31.549445 -26.540884 -26.83839 0 0 0 0 0 0 0 0 0 0 0 0 0 0 0 0 0 0 0 0 0 0 -27.145833 -28.999671 -33.443814 -26.454141 -26.350751 -26.531797 -27.360345 -26.337134 -26.376032 -26.465187 -26.33185 -26.241359 -26.192321 -26.928479 -26.39574 -26.196866 -26.217386 -26.961549 -26.941375 -26.941375 
-27.974584 -27.63951 -27.53806 -27.179548 -26.892074 -26.958649 -27.069643 -26.924827 -26.99425 -26.885077 -26.351117 -26.409817 -26.461081 -26.508711 -26.330504 -26.283223 -27.146765 -27.00465 -26.372507 -26.378968 -26.891088 -26.679803 -26.215037 -26.265726 -26.26592 -26.271395 -26.193 -26.207266 -26.338815 -26.381428 -26.342834 -26.570714 -26.499888 -26.456696 -26.292331 -26.855098 -27.370838 -27.022261 -26.486369 -27.213087 -27.000509 -26.397777 -26.431159 -31.745825 -39.49362 -26.397112 -26.524262 0 0 0 0 0 0 0 0 0 0 0 0 0 0 0 0 0 0 0 0 0 0 -26.814988 -27.145833 -28.279057 -26.632304 -26.270315 -26.357423 -27.448526 -26.45047 -26.337134 -26.463087 -26.419624 -26.33185 -26.241359 -26.629009 -26.398331 -26.206198 -26.196866 -26.883587 -26.961549 -26.941375 
-27.974584 -27.974584 -27.179548 -26.892074 -26.958649 -27.069643 -26.924827 -26.906332 -27.063695 -26.818209 -26.318827 -26.351117 -26.447727 -26.461081 -26.366476 -26.330504 -27.078331 -26.806888 -26.31411 -26.372507 -26.435334 -26.322974 -26.177213 -26.215037 -26.265726 -26.26592 -26.231266 -26.193 -26.340722 -26.411124 -26.291087 -26.342834 -26.503715 -26.499888 -26.364594 -26.292331 -26.863672 -26.824064 -26.385328 -26.848285 -27.004203 -26.831349 -26.397777 -27.581161 -27.767661 -26.397112 -26.397112 0 0 0 0 0 0 0 0 0 0 0 0 0 0 0 0 0 0 0 0 0 0 -26.682269 -26.814988 -27.832237 -27.233237 -26.280879 -26.270315 -27.779928 -26.68262 -26.219253 -26.312354 -26.463087 -26.419624 -26.517411 -26.542587 -26.36815 -26.286975 -26.206198 -27.061893 -27.380143 -29.50622 
-28.945644 -27.974584 -39.479257 -27.769462 -27.243977 -27.117743 -26.906332 -27.021104 -27.130452 -26.879456 -26.304634 -26.318827 -26.470168 -26.447727 -26.440689 -26.366476 -26.562857 -26.445025 -26.240305 -26.31411 -26.305364 -26.291196 -26.185229 -26.177213 -26.301626 -26.309111 -26.231005 -26.231266 -26.415705 -26.445333 -26.297225 -26.291087 -26.472936 -26.503715 -26.3897 -26.364594 -26.729247 -26.832607 -26.372827 -26.385328 -26.848285 -27.004203 -26.349005 -26.769475 -27.071828 -26.58689 -26.397112 -28.100075 0 0 0 0 0 0 0 0 0 0 0 0 0 0 0 0 0 -39.456212 0 -29.314175 -27.441311 -26.462299 -26.682269 -26.939103 -26.900007 -26.270432 -26.280879 -27.201335 -26.784043 -26.213621 -26.219253 -26.487188 -26.475136 -26.405539 -26.390806 -26.345775 -26.36815 -26.373394 -26.481348 -32.188542 0 
0 -28.945644 -28.03091 -31.394261 -27.86571 -27.607742 -27.021104 -27.023791 -27.395159 -26.828025 -26.593699 -26.304634 -26.434596 -26.470168 -26.377694 -26.440689 -26.377991 -26.375326 -26.226027 -26.240305 -26.324241 -26.305364 -26.182425 -26.185229 -26.326139 -26.341212 -26.247196 -26.231005 -26.43691 -26.465705 -26.354092 -26.297225 -26.570671 -26.580968 -26.420061 -26.3897 -26.674964 -26.64317 -26.343032 -26.372827 -26.685252 -26.704525 -26.25625 -26.349005 -26.769475 -27.071828 -26.979578 -28.100075 0 0 0 0 0 0 0 0 0 0 0 0 0 0 0 0 0 -27.280901 -28.750033 -26.940669 -26.719368 -26.280446 -26.462299 -26.555474 -26.514169 -26.231619 -26.270432 -26.621235 -26.562437 -26.214394 -26.213621 -26.533292 -26.638511 -26.278158 -26.31522 -26.390806 -26.345775 -26.415529 -26.373394 0 0 
-31.479386 -27.813685 -29.298193 -28.03091 -29.311744 -27.193836 -27.023791 -26.778016 -27.052681 -26.909106 -26.79442 -26.360696 -26.563926 -26.75739 -26.677131 -26.377694 -26.438055 -26.377991 -26.254849 -26.226027 -26.2912 -26.278096 -26.19527 -26.182425 -26.333242 -26.334169 -26.288723 -26.247196 -26.492847 -26.498784 -26.404145 -26.354092 -26.701111 -26.78358 -26.366524 -26.420061 -26.503715 -26.483846 -26.242341 -26.343032 -26.395962 -26.344624 -26.245534 -26.25625 -26.650923 -27.003088 -27.182515 -26.979578 0 0 0 0 0 0 0 0 0 0 0 0 0 0 0 0 0 -26.589158 -26.941729 -26.594684 -26.445262 -26.236485 -26.280446 -26.398761 -26.347747 -26.196605 -26.231619 -26.424134 -26.51383 -26.25921 -26.214394 -26.615341 -26.973535 -26.173096 -26.278158 -26.31522 -26.393217 -26.350392 -26.415529 -28.830744 0 
-39.538443 -31.479386 -27.813685 -26.535545 -26.897394 -26.897038 -26.678108 -26.465724 -26.409386 -26.905459 -26.847298 -26.421213 -26.360696 -27.075146 -26.702639 -26.254335 -26.415025 -26.438055 -26.449922 -26.254522 -26.251042 -26.2912 -26.209217 -26.19527 -26.354894 -26.35091 -26.339999 -26.288723 -26.557946 -26.659251 -26.438284 -26.404145 -26.792245 -26.605063 -26.260341 -26.366524 -26.339917 -26.317969 -26.227935 -26.242341 -26.377283 -26.395962 -26.338794 -26.245534 -26.736193 -26.985136 -29.657356 0 0 0 0 0 0 0 0 0 0 0 0 0 0 0 0 0 -31.992991 -26.388412 -26.559981 -26.388887 -26.34454 -26.235457 -26.236485 -26.351062 -26.31871 -26.206561 -26.196605 -26.421686 -26.424134 -26.292086 -26.25921 -26.834084 -27.47919 -26.170947 -26.173096 -26.326191 -26.636584 -26.27946 -26.350392 -27.483078 -28.830744 
0 -39.538443 -34.988326 -26.428377 -26.535545 -26.766965 -26.562339 -26.409386 -26.751664 -26.795428 -26.905459 -26.64475 -26.421213 -27.261076 -26.824968 -26.239093 -26.254335 -26.440131 -26.310122 -26.153373 -26.254522 -26.251042 -26.297683 -26.209217 -26.346897 -26.394323 -26.366167 -26.339999 -26.626773 -26.644381 -26.401999 -26.438284 -26.441275 -26.368313 -26.205528 -26.260341 -26.344524 -26.339917 -26.277788 -26.227935 -26.399516 -26.377283 -26.437953 -26.338794 -27.170737 0 0 0 0 0 0 0 0 0 0 0 0 0 0 0 0 0 -28.33373 -29.264796 -27.506239 -26.923805 -26.388412 -26.376314 -26.376415 -26.237386 -26.235457 -26.411521 -26.351062 -26.241951 -26.206561 -26.372612 -26.376076 -26.219114 -26.292086 -26.691869 -26.924296 -26.184761 -26.170947 -26.927296 -27.389148 -26.214628 -26.27946 -27.15121 -31.784111 
0 0 0 -26.369422 -26.428377 -26.990541 -26.562339 -26.678108 -26.751664 -26.991803 -27.544903 -27.225803 -26.64475 -27.1758 -26.461609 -26.197783 -26.239093 -26.320379 -26.263231 -26.179884 -26.153373 -26.334605 -26.360707 -26.308705 -26.416764 -26.555583 -26.57866 -26.366167 -26.618104 -26.626773 -26.644381 -26.401999 -26.358632 -26.331392 -26.220916 -26.205528 -26.316849 -26.344524 -26.270987 -26.277788 -26.454617 -26.548801 -26.690916 -26.901697 0 0 0 0 0 0 0 0 0 0 0 0 0 0 0 0 0 0 -26.624328 -27.822031 -27.106672 -26.648138 -26.22614 -26.417443 -26.376314 -26.376415 -26.237386 -26.448581 -26.411521 -26.201911 -26.241951 -26.272239 -26.292787 -26.218003 -26.219114 -26.451552 -26.505384 -26.213568 -26.184761 -26.864201 -27.022168 -26.247429 -26.214628 -27.45132 0 
0 0 -35.761984 -26.318602 -26.369422 -26.881448 -26.990541 -27.479675 -27.060695 -26.79058 -28.256725 -29.554818 -27.225803 -26.50727 -26.376559 -26.201344 -26.197783 -26.321498 -26.320379 -26.188276 -26.179884 -26.369894 -26.334605 -26.327635 -26.308705 -26.453931 -26.511512 -26.334699 -26.567343 -26.641196 -26.504785 -26.22811 -26.319699 -26.341604 -26.331392 -26.220916 -26.436944 -26.429714 -26.481482 -26.270987 -26.589959 -27.52445 0 0 0 0 0 0 0 0 0 0 0 0 0 0 0 0 0 0 0 0 -26.515732 -26.624328 -26.822532 -26.49949 -26.239352 -26.22614 -26.584262 -26.619513 -26.262076 -26.540806 -26.329717 -26.250243 -26.201911 -26.289824 -26.272239 -26.292787 -26.218003 -26.393258 -26.37555 -26.231743 -26.213568 -26.728329 -26.901733 -26.315719 -26.256617 0 0 
0 -37.284874 -29.621557 -26.289772 -26.318602 -27.121075 -26.965456 -26.58052 -26.5955 -26.436327 -26.623621 -26.683654 -26.542353 -26.464373 -26.444359 -26.218434 -26.201344 -26.321269 -26.314215 -26.185502 -26.188276 -26.325635 -26.430271 -26.263139 -26.327635 -26.479742 -26.453931 -26.336732 -26.334699 -26.417821 -26.347244 -26.209689 -26.22811 -26.319699 -26.341604 -26.305641 -26.451326 -26.438958 -26.429714 -26.520309 0 0 0 0 0 0 0 0 0 0 0 0 0 0 0 0 0 0 0 0 0 0 -26.431555 -26.515732 -26.617834 -26.500965 -26.246494 -26.239352 -26.786009 -26.707041 -26.220769 -26.262076 -26.232005 -26.220284 -26.209488 -26.246534 -26.327668 -26.437443 -26.270358 -26.367294 -26.289634 -26.275876 -26.231743 -26.405415 -26.728329 -26.452004 -26.331514 0 0 
-30.630828 -28.238594 -30.103555 -26.291554 -26.289772 -26.850042 -26.586205 -26.289772 -26.436327 -26.501532 -26.329491 -26.300237 -26.600811 -26.53627 -26.464373 -26.212402 -26.218434 -26.299699 -26.321269 -26.238135 -26.185502 -26.484979 -26.584746 -26.255545 -26.263139 -26.461741 -26.577741 -26.297142 -26.336732 -26.321887 -26.316573 -26.244918 -26.209689 -26.365817 -26.428044 -26.485062 -26.305641 -26.992501 0 0 0 0 0 0 0 0 0 0 0 0 0 0 0 0 0 0 0 0 0 0 0 -28.191001 -26.34115 -26.431555 -26.555529 -26.480836 -26.24951 -26.246494 -26.758714 -26.698161 -26.177458 -26.220769 -26.229222 -26.232005 -26.220284 -26.209488 -26.420444 -26.379172 -26.211713 -26.270358 -26.273649 -26.289634 -26.275876 -26.356559 -26.405415 -26.799032 -26.452004 -27.94464 0 
-26.511478 -26.86936 -28.727105 -26.36678 -26.291554 -26.448038 -26.545024 -26.586205 -26.289772 -26.329491 -26.300237 -26.378676 -26.486862 -26.600811 -26.438779 -26.190732 -26.212402 -26.347924 -26.299699 -26.300493 -26.238135 -26.723125 -26.567985 -26.304935 -26.255545 -26.774014 -26.875294 -26.215551 -26.297142 -26.365627 -26.321887 -26.316573 -26.244918 -26.489194 -26.655936 -26.855423 -27.007161 0 0 0 0 0 0 0 0 0 0 0 0 0 0 0 0 0 0 0 0 0 -26.8576 -28.142132 -27.295756 -27.135171 -26.320571 -26.34115 -26.47174 -26.420868 -26.245595 -26.24951 -26.682971 -26.554873 -26.165566 -26.177458 -26.26902 -26.229222 -26.259529 -26.329987 -26.373215 -26.362364 -26.206185 -26.211713 -26.281488 -26.273649 -26.322845 -26.293518 -26.692294 -27.123251 -26.664257 -27.41537 -39.489678 
-26.455415 -26.511478 -27.831791 -26.538535 -26.250038 -26.323971 -26.657523 -26.545024 -26.395546 -27.166381 -26.719529 -26.486862 -26.630344 -26.600811 -26.438779 -26.221321 -26.190732 -26.342283 -26.39086 -26.317076 -26.300493 -26.547922 -26.683861 -26.36681 -26.304935 -27.083144 -26.626494 -26.177381 -26.215551 -26.306421 -26.382313 -26.527817 -26.396986 -27.057614 -31.561753 0 0 0 0 0 0 0 0 0 0 0 0 0 0 0 0 0 0 0 0 0 0 -28.787737 -26.8576 -26.8576 -27.259176 -27.295756 -26.331129 -26.320571 -26.43774 -26.47174 -26.263958 -26.245595 -26.554519 -26.44624 -26.172137 -26.165566 -26.249604 -26.325072 -26.1879 -26.259529 -26.343502 -26.325166 -26.215808 -26.206185 -26.329078 -26.371807 -26.514404 -26.539384 -27.176965 -27.567325 -26.738626 -26.664257 -35.503032 
-26.420931 -26.455415 -27.085175 -26.846662 -26.246002 -26.250038 -26.598914 -26.657523 -26.277423 -26.395546 -26.577283 -26.550059 -26.471858 -26.545024 -26.542496 -26.221321 -26.221321 -26.469962 -26.580849 -26.291938 -26.317076 -26.586509 -26.547922 -26.410473 -26.36681 -26.916862 -26.647357 -26.212703 -26.177381 -26.490523 -27.087633 -28.613422 -26.92237 0 0 0 0 0 0 0 0 0 0 0 0 0 0 0 0 0 0 0 0 0 0 -30.072457 -28.011362 -28.220971 -27.450201 -26.8576 -27.037057 -26.919889 -26.506257 -26.331129 -26.496632 -26.43774 -26.227485 -26.263958 -26.398803 -26.355822 -26.180819 -26.172137 -26.292324 -26.402444 -26.177993 -26.1879 -26.324801 -26.343502 -26.246117 -26.215808 -26.465984 -26.629131 -26.430863 -26.582799 -26.896218 -27.176965 -27.183941 -26.738626 0 
-26.427752 -26.420931 -26.766704 -26.791828 -26.278137 -26.246002 -26.464087 -26.548202 -26.209804 -26.277423 -26.622022 -26.471858 -26.545024 -26.496337 -26.59121 -26.516901 -26.279865 -26.279865 -26.860019 -26.444736 -26.291938 -26.484302 -26.586509 -26.343596 -26.410473 -26.835535 -26.800648 -26.254106 -26.212703 -28.941038 0 0 -39.517606 0 0 0 0 0 0 0 0 0 0 0 0 0 0 0 0 0 0 0 0 0 0 -26.796944 -27.258124 -27.08138 -26.989238 -26.526893 -26.939103 -26.919889 -26.704327 -26.506257 -26.591288 -26.496632 -26.173294 -26.227485 -26.348859 -26.362474 -26.197074 -26.180819 -26.325602 -26.349735 -26.170943 -26.177993 -26.366828 -26.324801 -26.276312 -26.246117 -26.540366 -26.626738 -26.50986 -26.430863 -26.634651 -26.896218 -27.086638 -27.158954 -27.802963 
-26.456668 -26.427752 -26.77625 -26.766704 -26.312259 -26.278137 -26.432589 -26.464087 -26.175393 -26.209804 -26.422412 -26.657906 -26.496337 -26.43055 -26.760888 -26.59121 -26.31333 -26.279865 -26.96525 -26.51431 -26.25237 -26.382442 -27.137804 -26.610084 -26.343596 -26.72183 -26.835535 -26.422238 -26.254106 -33.637783 0 0 0 0 0 0 0 0 0 0 0 0 0 0 0 0 0 0 0 0 0 -28.035122 0 -39.511437 -30.181871 -26.533469 -26.796944 -26.874548 -26.800563 -26.426265 -26.526893 -26.827387 -26.704327 -26.3361 -26.507544 -26.423752 -26.229916 -26.173294 -26.338865 -26.348859 -26.195625 -26.197074 -26.355508 -26.342195 -26.157018 -26.170943 -26.3515 -26.369519 -26.252184 -26.276312 -26.517589 -26.618172 -26.727531 -26.50986 -28.818372 -28.245498 -27.008872 -27.086638 -27.158954 
-26.424717 -26.456668 -26.92932 -26.77625 -26.259795 -26.294852 -26.368776 -26.432589 -26.164584 -26.175393 -26.343256 -26.422412 -26.43055 -26.405291 -26.468538 -26.712128 -26.391865 -26.31333 -26.713952 -26.51431 -26.30817 -26.25237 -26.950654 -26.532776 -26.397763 -26.714698 -27.217931 -26.84227 -26.476521 -27.692373 0 0 0 0 0 0 0 0 0 0 0 0 0 0 0 0 0 0 0 -37.48588 -30.483426 -26.937582 -27.677655 -27.128361 -27.109719 -26.449197 -26.533469 -26.517803 -26.562269 -26.335381 -26.426265 -26.466196 -26.494132 -26.3361 -26.3361 -26.274241 -26.269017 -26.166084 -26.292093 -26.341651 -26.324778 -26.195625 -26.348375 -26.300814 -26.239657 -26.157018 -26.337432 -26.430756 -26.234014 -26.252184 -26.490523 -26.70098 -26.641579 -26.727531 -26.87925 -27.030334 -26.904515 -27.008872 -28.50856 
-26.40455 -26.424717 -26.789115 -27.038919 -26.185094 -26.259795 -26.294852 -26.368776 -26.163047 -26.164584 -26.344951 -26.405517 -26.405291 -26.468538 -26.712128 -26.926193 -26.570671 -26.391865 -26.590824 -26.450938 -26.30817 -26.30817 -26.406701 -26.544985 -26.532776 -26.397763 -30.973464 -27.217931 -26.966242 -26.739134 0 0 0 0 0 0 0 0 0 0 0 0 0 0 0 0 0 -28.148862 -36.107352 -30.775618 -28.558612 -26.539359 -26.865526 -26.825058 -26.589712 -26.263646 -26.40442 -26.562647 -26.517803 -26.316462 -26.335381 -26.47629 -26.466196 -26.304142 -26.3361 -26.364841 -26.255762 -26.170153 -26.166084 -26.318323 -26.338195 -26.192839 -26.329818 -26.258394 -26.253786 -26.155275 -26.260287 -26.386424 -26.408445 -26.234014 -26.569806 -26.778848 -26.479844 -26.593059 -26.75795 -26.87925 -27.030334 -26.904515 -28.04175 
-26.41054 -26.40455 -27.067821 -27.110375 -26.162339 -26.185094 -26.260626 -26.382287 -26.156397 -26.163047 -26.366953 -26.57606 -28.679829 -27.441127 -27.740265 -29.310287 -26.918541 -26.570671 -26.438855 -26.503693 -26.3677 -26.30817 -26.435998 -26.406701 -26.544985 -26.752341 0 -33.243145 -27.290717 -27.964102 0 0 0 0 0 0 0 0 0 0 0 0 0 0 0 0 0 -27.116416 -28.148862 -28.360333 -27.41121 -26.438924 -26.539359 -26.477378 -26.385677 -26.297876 -26.263646 -26.40442 -26.562647 -26.237209 -26.316462 -26.433328 -26.460263 -26.273519 -26.304142 -26.254901 -26.255762 -26.201884 -26.170153 -26.336631 -26.318323 -26.179241 -26.192839 -26.224657 -26.258394 -26.168561 -26.155275 -26.360063 -26.386424 -26.290821 -26.559689 -26.665923 -26.717014 -26.479844 -26.593059 -26.75795 -27.162057 -27.508051 -39.471658 
-26.993943 -26.41054 -26.772795 -26.536729 -26.223354 -26.162339 -26.311629 -26.516913 -26.154587 -26.156397 -26.421323 -26.733465 -27.038441 -29.445205 -28.008141 -28.607986 -26.621902 -26.41615 -26.458459 -26.438855 -26.333443 -26.343507 -26.435998 -26.435998 -26.878736 -27.189934 0 0 -29.360062 -29.750963 0 0 0 0 0 0 0 0 0 0 0 0 0 0 0 0 0 0 -27.116416 -28.248631 -27.3335 -26.366596 -26.438924 -26.550582 -26.477378 -26.385677 -26.297876 -26.754176 -26.483514 -26.224798 -26.237209 -26.357174 -26.403581 -26.216693 -26.273519 -26.30468 -26.254901 -26.201884 -26.201884 -26.335206 -26.328651 -26.135929 -26.179241 -26.236763 -26.224657 -26.200142 -26.168561 -26.339467 -26.402042 -26.316099 -26.290821 -26.565042 -26.556268 -26.421757 -26.87124 -27.277566 -27.646447 -28.351235 0 
-26.836123 -26.314715 -26.491142 -26.358672 -26.278429 -26.181517 -26.244982 -26.441215 -26.205914 -26.154587 -26.394447 -26.509549 -26.555447 -27.36355 -26.885737 -27.157528 -26.612934 -26.621902 -26.41615 -26.458459 -26.222825 -26.333443 -26.343507 -26.435998 -39.443054 -26.878736 0 0 -29.120787 -29.360062 0 0 0 0 0 0 0 0 0 0 0 -29.160999 -27.697848 -28.669053 -27.792083 0 -39.016029 -33.046405 -26.677884 -27.757064 -26.992588 -26.77944 -26.366596 -26.551942 -26.550582 -26.376013 -26.396602 -26.624674 -26.593496 -26.282733 -26.224798 -26.360736 -26.332819 -26.282854 -26.216693 -26.299084 -26.337563 -26.210021 -26.201884 -26.334298 -26.253109 -26.147879 -26.135929 -26.238628 -26.382663 -26.228955 -26.200142 -26.470285 -26.567471 -26.298155 -26.316099 -26.486254 -26.439317 -26.332148 -26.421757 -26.673113 -26.659078 -26.638493 -30.697101 
-26.652447 -26.296611 -26.314715 -26.320325 -26.315604 -26.23516 -26.181517 -26.325993 -26.313482 -26.171533 -26.234327 -26.542496 -26.711252 -26.555447 -27.157528 -27.305424 -26.691403 -26.612934 -26.666966 -26.646264 -26.247727 -26.222825 -26.475757 0 -26.791162 -39.443054 0 0 -28.780182 -29.120787 0 0 0 0 0 0 0 0 0 0 -26.544761 -26.611688 -26.684421 -26.832729 -26.850298 -27.792083 -31.96606 -39.016029 -26.678516 -26.677884 -27.266454 -26.951014 -26.313556 -26.649537 -26.551942 -26.60987 -26.376013 -26.549443 -26.624674 -26.26957 -26.282733 -26.363443 -26.360736 -26.332819 -26.282854 -26.504515 -26.382235 -26.215327 -26.210021 -26.334298 -26.269039 -26.196649 -26.147879 -26.690831 -26.87778 -26.232946 -26.228955 -26.580028 -26.715923 -26.243557 -26.298155 -26.383098 -26.413686 -26.353404 -26.332148 -26.560495 -26.638493 -26.724379 -26.905698 
-26.452802 -26.267753 -26.296611 -26.344761 -26.320325 -26.262286 -26.23516 -26.360488 -26.325993 -26.177687 -26.171533 -26.531546 -26.575561 -26.887025 -27.305424 -27.245556 -27.063244 -26.691403 -26.698291 -26.483141 -26.461874 -26.247727 0 -32.614778 -26.704261 -26.791162 0 0 -28.744014 -28.780182 0 0 0 0 0 0 0 0 0 -26.852257 -26.282079 -26.544761 -26.611688 -26.684421 -26.832729 -26.850298 -28.14071 -31.96606 -26.75468 -26.678516 -27.764896 -26.972068 -26.303088 -26.313556 -26.712757 -26.832945 -26.307276 -26.646856 -26.765144 -26.612086 -26.26957 -26.315767 -26.363443 -26.385151 -26.321828 -26.265548 -26.302962 -26.21628 -26.215327 -26.284802 -26.269039 -26.269039 -26.196649 -27.016414 -26.985868 -26.222695 -26.232946 -26.577815 -26.699525 -26.22427 -26.243557 -26.422025 -26.383098 -26.413686 -26.353404 -26.864466 -26.895792 -26.694466 -27.057926 
-26.552604 -26.338698 -26.267753 -26.375757 -26.344761 -26.2194 -26.262286 -26.32965 -26.360488 -26.191263 -26.177687 -26.618189 -26.471789 -26.335401 -26.860412 -26.771711 -26.840983 -26.67203 -26.691466 -26.698291 -26.483141 -26.461874 -27.299711 -27.21629 -27.839255 -26.704261 0 0 -28.31815 -28.744014 0 0 0 0 0 0 0 -38.651225 -26.626355 -26.509641 -26.298155 -26.282079 -26.562773 -26.70835 -27.072541 -27.856044 -32.983178 -30.108037 -28.565009 -26.75468 -28.039904 -27.113717 -26.295528 -26.303088 -26.696245 -26.763152 -26.356604 -26.307276 -26.646856 -26.691128 -26.276586 -26.441767 -26.72183 -26.462129 -26.293441 -26.321828 -26.265548 -26.222234 -26.21628 -26.243991 -26.248743 -26.217531 -26.372446 -27.013994 -26.694061 -26.209779 -26.222695 -26.592374 -26.701394 -26.194687 -26.22427 -26.443321 -26.422025 -26.477367 -26.419195 -28.023626 -29.132047 -27.057366 -27.979607 
-27.163555 -26.346774 -26.338698 -26.477035 -26.451416 -26.208109 -26.2194 -26.330664 -26.41817 -26.214974 -26.191263 -26.540625 -26.40152 -26.238754 -26.335401 -26.840983 -26.67225 -26.765819 -26.67203 -26.691466 -26.767669 -26.327445 -26.676218 -27.040643 -27.21629 -27.091631 -39.484262 0 -28.31815 -28.31815 0 0 0 0 0 0 -28.119202 -26.60174 -26.699611 -26.626355 -26.425141 -26.298155 -26.980727 -28.319341 -27.267735 -30.010939 -39.484027 -32.983178 -30.108037 -28.300194 -27.290939 -27.655504 -26.318413 -26.295528 -26.842207 -27.069897 -26.381157 -26.356604 -27.077559 -26.941768 -26.276116 -26.276586 -26.395186 -26.351013 -26.203303 -26.293441 -26.351719 -26.367868 -26.222234 -26.27297 -26.243991 -26.248743 -26.217531 -27.013994 -26.466456 -26.19251 -26.209779 -26.552239 -26.673333 -26.170422 -26.194687 -26.399353 -26.486505 -26.465187 -26.477367 -28.679192 -28.241262 -26.866989 -27.88456 
-26.447896 -26.25156 -26.346774 -26.45491 -26.403509 -26.221336 -26.208109 -26.458096 -26.417914 -26.243297 -26.214974 -26.429518 -26.428979 -26.248765 -26.238754 -26.67225 -26.765819 -26.900545 -26.616029 -26.593402 -26.836185 -26.305186 -26.327445 -26.676218 -27.040643 -27.787824 -27.091631 0 0 0 0 0 0 0 0 0 -26.351226 -27.104182 -26.60174 -26.699611 -26.549978 -26.425141 -31.480717 -28.437575 -26.726547 -27.267735 -30.641079 -31.438456 -30.484317 -29.818874 -28.300194 -27.290939 -26.389976 -26.318413 -27.793507 -27.665153 -26.423061 -26.381157 -26.928976 -27.077559 -26.255103 -26.276116 -26.465417 -26.395186 -26.232629 -26.203303 -26.379446 -26.32763 -26.211356 -26.268569 -26.27297 -26.342865 -26.383815 -26.631296 -26.466456 -26.332021 -26.19251 -26.508825 -26.586753 -26.174801 -26.170422 -26.358132 -26.478511 -26.44207 -26.465187 -26.755969 -26.57656 -26.385902 -26.866989 
-26.398149 -26.306834 -26.25156 -26.437732 -26.410877 -26.251967 -26.221336 -26.44731 -26.458096 -26.252381 -26.243297 -26.458803 -26.429518 -26.219394 -26.248765 -27.272882 -26.900545 -27.184936 -27.234317 -26.616029 -26.593402 -26.479528 -26.305186 -26.712308 -27.176229 -27.988327 -28.843225 0 0 0 0 0 0 0 0 -26.945397 -26.601676 -26.351226 -27.104182 -27.375601 -26.564844 -26.549978 -27.003935 -26.764548 -26.553132 -26.726547 -28.729413 -28.983414 -28.030179 -28.072498 -28.0119 -27.369258 -26.460122 -26.389976 -28.952967 -28.382509 -26.485511 -26.423061 -28.519762 -27.571035 -26.2705 -26.255103 -26.482872 -26.489778 -26.256404 -26.232629 -26.373123 -26.399629 -26.297268 -26.211356 -26.495335 -26.567942 -26.288782 -26.383815 -26.356722 -26.332021 -26.332021 -26.664238 -26.428955 -26.278237 -26.174801 -26.515968 -27.064799 -26.397189 -26.44207 -26.565013 -26.42017 -26.315988 -26.385902 
-26.547935 -26.398149 -26.306834 -26.449779 -26.458365 -26.297483 -26.251967 -26.496621 -26.44731 -26.2551 -26.252381 -26.477226 -26.458803 -26.229166 -26.219394 -28.290855 0 0 0 -30.602277 -29.564362 -26.572814 -26.479528 -27.521778 -28.20815 -27.920481 0 0 0 0 0 0 0 0 -27.218852 -26.581223 -26.945397 -26.601676 -30.402099 -29.428458 -27.862631 -26.564844 -26.63779 -26.812465 -26.56916 -26.553132 -27.53367 -27.52065 -26.817113 -26.729553 -26.720517 -26.825058 -26.592203 -26.460122 -28.221189 -28.152962 -26.468382 -26.485511 -37.262349 -29.062767 -26.357859 -26.2705 -26.902526 -26.747507 -26.240564 -26.256404 -26.44802 -26.373123 -26.320803 -26.297268 -26.489056 -26.540819 -26.262661 -26.288782 -26.369428 -26.356722 -26.313351 -26.685252 -26.424669 -26.428955 -26.26871 -26.413602 -27.097524 -26.756679 -26.397189 -26.462821 -26.449278 -26.366834 -26.315988 
-26.609903 -26.547059 -26.382702 -26.43642 -26.449779 -26.458365 -26.297483 -26.487377 -26.496621 -26.268988 -26.2551 -26.570267 -26.694915 -26.274564 -26.229166 0 0 0 0 0 0 -26.490512 -26.572814 -27.285278 -27.521778 0 0 0 0 0 0 0 0 0 -39.483026 -27.218852 -26.581223 -26.787902 -26.824275 -28.756751 -27.959838 -26.305116 -26.706908 -26.63779 -26.812465 -26.56916 -27.160862 -27.53367 -27.082469 -26.817113 -26.729553 -26.720517 -26.909179 -26.592203 -27.427906 -28.221189 -26.525776 -26.468382 -39.442936 -37.262349 -26.410929 -26.357859 -26.832115 -26.595893 -26.251313 -26.240564 -26.473134 -26.504199 -26.284519 -26.320803 -26.521873 -26.489056 -26.255071 -26.262661 -26.396338 -26.369428 -26.287986 -26.313351 -26.424669 -26.424669 -26.290604 -26.26871 -26.655023 -26.571306 -26.264667 -26.523836 -26.462821 -26.449278 -26.366834 
-27.322947 -26.609903 -26.547059 -26.382702 -26.644216 -26.655632 -26.281362 -26.497103 -26.487377 -26.499778 -26.268988 -26.761941 -26.67175 -26.299942 -26.274564 0 0 0 0 0 -32.151434 -26.515862 -26.490512 -27.910888 0 0 0 0 0 0 0 0 0 -27.140737 -26.528076 -27.691866 -27.691866 -26.643408 -26.787902 -27.696061 -26.946349 -26.304084 -26.305116 -26.833068 -27.446855 -26.722847 -27.666383 -27.88236 -27.298514 -27.082469 -27.208863 -27.743222 -27.951872 -26.958812 -27.749709 -28.749028 -26.612651 -26.525776 0 0 -26.356283 -26.410929 -26.678189 -26.64784 -26.27555 -26.251313 -26.730616 -26.70369 -26.271388 -26.284519 -26.558512 -26.663827 -26.258377 -26.255071 -26.427752 -26.453521 -26.257931 -26.287986 -26.418915 -26.424669 -26.277443 -26.290604 -26.631402 -26.655023 -26.337993 -26.264667 -26.480969 -26.475798 -26.58905 
-27.598179 -27.303238 -26.517731 -26.556049 -26.506928 -26.424421 -26.272413 -26.281362 -26.497103 -26.589789 -26.30643 -26.689881 -26.537893 -26.477913 -26.299942 -37.53873 0 0 0 -38.490194 -29.041715 -27.123922 -26.515862 0 0 0 0 0 0 0 0 0 0 -26.38063 -26.818001 -26.528076 -27.691866 -26.49991 -26.643408 -27.065704 -26.789584 -26.354053 -26.304084 -27.28667 -27.670453 -26.690493 -26.722847 -28.210746 -27.88236 -27.298514 -27.326212 -29.142513 -28.787737 -27.810774 -28.294815 -28.200186 -26.887723 -26.612651 -27.176965 -28.241262 -26.288346 -26.356283 -26.578571 -26.663983 -26.278869 -26.27555 -26.662094 -26.612834 -26.282818 -26.271388 -26.726781 -26.78793 -26.255339 -26.258377 -26.485354 -26.489152 -26.306085 -26.257931 -26.517328 -26.713343 -26.277443 -26.277443 -26.699481 -26.631402 -26.268349 -26.337993 -26.462441 -26.480969 -26.915783 
-26.527004 -26.508768 -26.363122 -26.485521 -26.493624 -26.471602 -26.323809 -26.272413 -26.564307 -26.665982 -26.279304 -26.30643 -26.522139 -26.537893 -26.37428 -26.681116 0 0 0 0 -38.490194 -29.041715 -27.123922 0 0 0 0 0 0 0 0 0 -27.854671 -26.341516 -26.38063 -30.922481 0 -26.49991 -26.49991 -26.737926 -26.827296 -26.450794 -26.354053 -27.961883 -28.758435 -26.609606 -26.690493 -27.074379 -27.146415 -27.325356 -27.664417 -34.690673 -30.704935 -30.209168 -27.810774 -28.294815 -29.049112 -26.680295 -26.896824 -27.021567 -26.376314 -26.288346 -26.538779 -26.578571 -26.270922 -26.278869 -26.692782 -26.662094 -26.321214 -26.282818 -26.914484 -26.9552 -26.215304 -26.255339 -26.452294 -26.492998 -26.423077 -26.306085 -26.963848 -26.588743 -26.28557 -26.277443 -26.908777 -26.706289 -26.219686 -26.268349 -26.358729 -26.834207 -28.757424 
-26.78497 -26.527004 -26.486694 -26.363122 -26.485521 -26.493624 -26.416104 -26.323809 -26.649892 -26.611605 -26.283194 -26.279304 -26.564773 -26.522139 -26.469952 -26.37428 0 0 0 0 0 0 0 0 0 0 0 0 0 0 0 -27.557913 -26.524712 -26.513935 -26.341516 0 -34.368435 -26.410809 -26.49991 -26.796607 -26.737926 -26.656223 -26.450794 -28.905074 -29.323937 -26.417674 -26.609606 -27.076891 -27.074379 -27.146415 -27.325356 -28.684291 -28.41566 -29.500782 -30.209168 0 -39.485086 -26.885494 -26.680295 -26.726664 -26.599136 -26.23528 -26.331392 -26.569375 -26.398156 -26.270922 -26.640632 -26.71393 -26.588451 -26.321214 -27.459958 -27.133518 -26.200762 -26.215304 -26.430173 -26.452294 -26.560245 -26.423077 -26.700784 -26.598882 -26.382559 -26.28557 -26.779736 -26.706289 -26.256602 -26.219686 -26.554056 -28.313635 -39.523772 
-27.572458 -26.78497 -26.673856 -26.486694 -26.707551 -26.755413 -26.494554 -26.416104 -26.764393 -26.681198 -26.295026 -26.283194 -26.519208 -26.564773 -26.459691 -26.469952 0 0 0 0 0 0 0 0 0 0 0 0 0 0 -27.626747 -26.548975 -27.557913 -26.524712 -26.513935 -39.501973 -27.510574 -26.331787 -26.410809 -26.796607 -26.796607 -26.586235 -26.656223 -27.46441 -27.28711 -26.280119 -26.417674 -26.889297 -27.076891 -27.109174 -27.966669 -29.510583 -28.684291 -28.41566 -32.036268 -32.628377 0 -27.540264 -26.71875 -26.793973 -26.726664 -26.219665 -26.23528 -26.542418 -26.569375 -26.318778 -26.484812 -26.640632 -26.796101 -26.425967 -26.67171 -26.612585 -26.292275 -26.200762 -26.685814 -26.982392 -26.548415 -26.699698 -26.661434 -26.700784 -26.516641 -26.382559 -26.461402 -26.482099 -26.256602 -26.256602 -27.438921 -29.496443 0 
-27.527339 -27.15121 -26.926231 -26.707817 -26.965952 -26.858546 -26.43567 -26.494554 -26.733227 -26.65489 -26.296121 -26.295026 -26.49048 -26.519208 -26.597091 -26.459691 -32.843429 0 0 0 0 0 0 0 0 0 0 0 0 0 -26.371783 -27.335314 -26.548975 -27.649455 -27.391546 -26.974755 -26.733871 -26.254275 -26.331787 -26.666907 -26.796607 -26.586235 -26.586235 -27.063544 -26.621954 -26.282606 -26.280119 -26.948377 -29.631463 -26.982606 -27.109174 -29.592732 -29.510583 -31.545355 -32.628377 -30.722656 -30.756496 -27.199738 -26.877916 -26.71875 -26.793973 -26.200128 -26.219665 -26.524603 -26.656413 -26.327037 -26.318778 -26.583567 -27.370922 -26.365184 -26.425967 -26.555529 -26.585566 -26.320826 -26.466716 -28.012618 -27.244526 -26.548415 -26.813666 -26.661434 -26.510448 -26.516641 -26.47761 -26.461402 -26.3589 -26.256602 -27.850717 -30.270494 0 
-27.790803 -27.312713 -26.689966 -26.648231 -26.644915 -26.671211 -26.389444 -26.43567 -26.553037 -26.509135 -26.325105 -26.296121 -26.54277 -26.764108 -27.217405 -26.597091 0 0 0 0 0 0 0 0 0 0 0 0 0 -26.802185 -26.310549 -26.371783 -27.335314 0 -26.433245 -26.594168 -26.481215 -26.42167 -26.254275 -26.594309 -27.030428 -26.512046 -26.586235 -26.769134 -26.593902 -26.42182 -26.282606 -32.181761 0 -26.782874 -26.982606 -28.495523 -29.444153 -31.087823 -30.722656 -29.381204 -28.68461 -27.452909 -27.199738 -26.877916 -26.814518 -26.184545 -26.200128 -26.501577 -26.749219 -26.342647 -26.327037 -27.196368 -32.368402 -26.292014 -26.365184 -26.650304 -26.555529 -26.360794 -26.320826 -27.406023 -27.138378 -26.325049 -26.506178 -26.972948 -27.267592 -26.510448 -26.607114 -26.47761 -26.374131 -26.3589 -27.850717 -31.885164 0 
-27.036866 -26.927754 -26.892815 -26.689966 -26.648231 -26.644915 -26.383847 -26.389444 -26.586326 -26.553037 -26.406906 -26.325105 -26.784998 -27.039972 -27.807294 -28.321249 0 0 0 0 0 0 0 0 0 0 0 0 -26.521343 -26.473055 -26.450048 -26.310549 -31.122465 -27.369507 -26.297127 -26.432854 -26.391328 -26.481215 -26.42167 -26.917421 -27.507346 -27.343182 -26.512046 -26.769134 -26.769134 -26.593902 -26.42182 0 -38.517904 -26.570498 -26.782874 -28.751709 -28.495523 -27.335235 -27.626864 -27.394814 -27.189244 -27.174331 -27.397491 -26.955079 -26.623431 -26.180759 -26.184545 -26.517197 -27.069846 -26.325551 -26.342647 -27.206408 -27.284254 -26.259538 -26.292014 -26.678618 -26.650304 -26.334958 -26.360794 -27.502029 -27.143685 -26.37705 -26.325049 -29.523738 -27.499135 -26.262756 -26.447673 -26.664101 -26.846091 -26.374131 -27.279812 -31.885164 0 
-27.036866 -27.036866 -26.927754 -26.507373 -26.742172 -26.717333 -26.650886 -26.383847 -26.619513 -26.628571 -26.641579 -26.406906 -27.024023 -28.09384 0 0 0 0 0 0 0 0 0 0 0 0 -27.012129 -26.367359 -26.430962 -26.521343 -26.473055 -26.450048 -26.749468 -26.586997 -26.231131 -26.297127 -26.432854 -26.391328 -26.464335 -26.42257 -26.878805 -27.032503 -26.395525 -26.770052 -26.769134 -27.010905 -26.911345 -30.830816 -27.704902 -27.388379 -26.570498 -27.660498 -27.536594 -26.759505 -27.335235 -27.189244 -27.174331 -27.420447 -27.442508 -27.288506 -26.760504 -26.196364 -26.180759 -26.629886 -28.15091 -26.291023 -26.325551 -27.109283 -27.087371 -26.265851 -26.259538 -26.684566 -26.763462 -26.338804 -26.334958 -27.156519 -26.993287 -26.422665 -26.37705 -28.465266 -27.256303 -26.240216 -26.262756 -26.578482 -26.779736 -26.563321 -27.253512 0 0 
-27.863246 -27.036866 -27.322095 -26.641798 -26.507373 -26.774093 -26.789391 -26.73064 -26.906404 -26.847202 -26.89501 -26.692761 0 0 0 0 0 0 0 0 0 0 0 0 0 -29.355566 -26.225625 -26.456382 -26.367359 -26.430962 -26.406079 -26.536806 -26.478329 -26.478177 -26.224351 -26.231131 -26.371361 -26.491035 -26.365131 -26.464335 -26.754277 -26.828025 -26.374106 -26.395525 -26.770052 -27.010905 -26.911345 -26.911345 -27.552341 -27.51108 -26.46534 -27.273385 -26.941414 -26.763669 -26.759505 -27.378542 -27.420447 -27.719449 -27.626864 -28.863062 -27.288506 -26.225222 -26.196364 -26.961836 -29.266213 -26.27077 -26.291023 -27.073765 -27.109283 -26.259285 -26.265851 -26.714495 -26.813754 -26.346535 -26.338804 -26.787902 -26.921052 -26.465043 -26.422665 -27.867563 -27.198273 -26.304684 -26.240216 -26.550542 -27.09534 -26.699937 -26.563321 0 0 
-27.327929 -27.126615 -27.322095 -26.684317 -26.641798 -27.426823 -27.323956 -27.261922 -26.73064 -28.393373 -35.242299 0 0 0 0 0 0 0 0 0 0 0 0 -33.419344 -26.380604 -26.266432 -26.233481 -26.225625 -26.456382 -26.766287 -26.313866 -26.406079 -26.489778 -26.47759 -26.233484 -26.224351 -26.462271 -26.603445 -26.32603 -26.365131 -26.67151 -26.703756 -26.370118 -26.374106 -26.901661 -27.294641 -26.738602 -26.911345 -27.74727 -27.101649 -26.377675 -26.46534 -26.576354 -26.625678 -26.634687 -27.013129 -27.580939 -27.042277 -26.691255 -26.917346 -27.720629 -26.276593 -26.225222 -27.955085 -27.63939 -26.260708 -26.27077 -27.051896 -27.155454 -26.235302 -26.259285 -26.675854 -26.836991 -26.343915 -26.346535 -26.823222 -26.787902 -26.529489 -26.465043 -27.282721 -27.192575 -26.327592 -26.304684 -27.214392 -27.984132 -26.623897 -26.699937 0 0 
-29.907471 -27.327929 -27.126615 -26.684317 -26.684317 -27.547763 -28.366769 -31.556276 -28.417989 0 0 0 0 0 0 0 0 0 0 0 0 0 -26.943816 -26.286527 -26.288967 -26.380604 -26.266432 -26.233481 -26.622383 -26.596965 -26.279498 -26.313866 -26.437885 -26.428881 -26.233832 -26.233484 -26.475798 -26.480661 -26.293655 -26.32603 -26.57031 -26.505656 -26.31022 -26.370118 -26.787737 -27.183817 -26.7284 -26.738602 -27.74727 -26.815872 -26.352642 -26.377675 -26.745802 -26.576354 -26.592919 -26.634687 -27.042277 -26.691255 -26.701372 -26.437045 -26.909179 -26.572902 -26.276593 -28.004574 -26.926611 -26.34261 -26.260708 -26.698658 -27.132494 -26.207362 -26.235302 -26.683033 -26.896753 -26.330814 -26.343915 -27.05455 -26.823222 -26.515108 -26.529489 -27.352681 -27.282721 -26.357253 -26.327592 -27.17092 -27.214392 -26.644381 -26.623897 0 0 
0 -29.907471 -28.231291 -27.074993 -26.684317 0 0 0 0 0 0 0 0 0 0 0 0 0 0 0 -26.900545 -26.306492 -26.250299 -26.251313 -26.286527 -26.288967 -26.501979 -26.385882 -26.539758 -26.497563 -26.266555 -26.279498 -26.426789 -26.42039 -26.244369 -26.233832 -26.399735 -26.388252 -26.259879 -26.293655 -26.343706 -26.404949 -26.479793 -26.31022 -26.802898 -27.817482 -27.107378 -26.7284 -26.924107 -26.815872 -26.388352 -26.352642 -26.741831 -26.749667 -26.619972 -26.592919 -27.225337 -26.701372 -26.437045 -26.543607 -26.757568 -27.042952 -26.508012 -26.903104 -26.681692 -26.547523 -26.344225 -26.445016 -26.96707 -26.258489 -26.207362 -26.59434 -27.122134 -26.310814 -26.330814 -26.913892 -27.076993 -26.431415 -26.515108 -27.551701 -27.352681 -26.37308 -26.357253 -27.157112 -27.17092 -26.67181 -26.644381 0 0 
0 0 -39.467356 -28.231291 -27.074993 0 0 0 0 0 0 0 0 0 0 0 0 0 0 0 -37.162089 -26.900545 -26.306492 -26.250299 -26.251313 -26.834145 -26.724146 -26.608637 -26.559439 -26.539758 -26.497563 -26.266555 -26.469356 -26.466803 -26.42039 -26.244369 -26.446716 -26.399735 -26.388252 -26.259879 -26.371245 -26.343706 -26.404949 -26.479793 -34.026195 -39.45863 -39.447126 -27.107378 -28.159968 -26.924107 -26.815872 -26.388352 -27.087843 -27.043868 -27.091262 -26.619972 -28.157903 -27.599765 -27.511586 -27.019168 -27.060589 -27.739599 -28.305128 -26.508012 -28.236376 -26.681692 -26.692867 -26.344225 -27.608086 -26.96707 -26.436063 -26.377069 -27.995182 -27.516563 -26.310814 -26.910133 -27.36553 -28.067751 -26.431415 -27.323335 -27.551701 -28.175374 -26.37308 -26.874616 -27.211134 -29.88795 -26.67181 0 0 
