NCOLS 41
NROWS 57
XLLCORNER 277407.98
YLLCORNER 3857441.5
CELLSIZE 10
NODATA_VALUE -9999
0 0 0 0 0 0 0 0 0 0 0 0 0 0 0 0 0 0 0 0 0 0 0 0 0 0 0 0 0 0 0 0 0 0 0 0 0 0 0 0 0 
0 0 0 0 0 0 0 0 0 0 0 0 0 0 0 0 0 0 0 0 0 0 0 0 0 0 0 0 0 0 0 0 0 0 0 0 0 0 0 0 0 
0 0.011640245 0 28.673163 0 0 0 0 0 0 0 0 0 0 0 0 0 0 0 0 0 0 0 0 0 0 0 0 0 0 0 0 0 0 0 0 0 0 0 0 0 
0 0 0 2.220446e-16 0 0 0 0 0 0 0 0 0 0 0 0 0 0 0 0 0 0 0 0 0 0 0 0 0 0 0 0 0 0 0 0 0 0 0 0 0 
19.077057 0 0 0 0 0 0 93.361609 0 0 0 0 0 0 0 0 0 0 0 0 0 0 0 0 0 0 0 0 0 0 0 0 0 0 0 0 0 0 0 0 0 
30.19209 -1.7763568e-15 0 0 25.908936 64.039137 22.711961 32.530682 37.535679 0 0 0 0 0 0 0 0 0 0 0 0 0 0 0 0 0 0 0 0 0 0 0 0 0 0 0 0 0 0 0 0 
0 -3.5527137e-15 0 0 4.4408921e-16 -3.5527137e-15 3.5527137e-15 0.030582499 51.43321 0 0 0 0 0 0 0 0 0 0 0 0 0 0 0 0 0 0 0 0 0 0 0 0 0 0 0 0 0 0 0 0 
0 0 0 0 0 -3.5527137e-15 0 3.5527137e-15 1.7763568e-15 0 0 0 0 0 0 0 0 0 0 0 0 0 0 0 0 0 0 0 0 0 0 0 0 -3.5527137e-15 0 0 0 0 0 0 0 
0 0 0 0 0 0 0 0 0 0 0 0 0 0 0 0 0 0 0 0 0 0 0 0 0 0 0 0 0 3.5527137e-15 0 0 0 3.5527137e-15 0 0 0 0 0 0 0 
0 0 0 0 0 0 0 17.693659 0 0 0 0 0 0 0 0 0 0 0 0 0 0 0 0 0.017388149 0 -3.5527137e-15 0.033987432 3.5527137e-15 0 0 0 3.5527137e-15 -3.5527137e-15 0.056701913 0.025387354 0 0 0 0 0.66583974 
0 0 0 0 0 0 0 0 0 0 0 0 0 0 0 0 0 0 0 0 0 0 0 0 0 -3.5527137e-15 3.5527137e-15 -3.5527137e-15 0.06973331 0.018742611 0 0 0.054542084 0.0085927773 0.012829497 0 0 0 0 0 0 
0 0 0 0 0 0 0 0 0 0 0 6.8221247 5.4938373 0 0 0 0 0 0 0 0 0 0 0.023426166 0.0032876135 0 -7.1054274e-15 0.014985766 0.14100148 0.053815543 0 0.026826791 0.099101049 0.031519428 0.033363656 0.003570873 0 3.5527137e-15 3.5527137e-15 -3.5527137e-15 0 
0 0 0 0 0 0 0 0 0 0 0 0 35.390961 0 10.811353 0 0 0 0 0 0 3.5527137e-15 0 0.013121148 0.0024355853 -3.5527137e-15 -7.1054274e-15 0.039039169 0 0.038329803 3.5527137e-15 0.073641586 0.060750728 0.014875194 0.040609884 -3.5527137e-15 0 0.026078358 0 0 0 
0 0 0 0 0 0 0 0 0 0 0 0 0 0 0 0 0 0 0 1.7763568e-15 0 0.025892375 0 0.028741122 0.0095609311 0.039969573 -7.1054274e-15 0.074704711 0.048045036 0.02460922 0.29100632 0.0322164 0.14307497 0 3.5527137e-15 0 0 -7.1054274e-15 0 3.5527137e-15 0 
0 0 0 0 0 0 0 0 0 0 0 0 0 0 0 0 0 0 0 0 0 0.011634718 0.085990102 0.00086263035 0.045401163 0.059162254 0.1719735 0.039845098 0.017398653 0.1086583 0.17943148 0 0.020437863 0.11180465 0.037620562 -1.0658141e-14 0.093305316 0.10809881 0 0 -3.5527137e-15 
0 0 0 0 0 0 0 0 0 0 0 0 -1.7763568e-15 17.327524 0 0 0 0 0 0 0 0.0045211706 0.051855439 0.13693439 7.1054274e-15 0.031174225 0.036979901 0.095740834 0.20099478 0.25339218 0 0.06707442 0.42894629 0.1710554 0.019422869 0.075413686 0.065092333 0.079119858 0 3.5527137e-15 0.028712574 
0 0 0 0 0 0 0 0 0 0 0 0 0 -8.8817842e-16 0 0.065796529 0 0 0 0.048219763 0.044930795 0.007320116 0.040600271 0.096016852 0.14114132 0.05816841 0.29877657 0.58514332 0.0011556224 0.16771754 0.11572455 0.078851097 0.36058757 0.089990667 0.16847402 0.10138691 0.020794571 0 0.041413098 7.1054274e-15 0.047116602 
0 0 3.5527137e-15 7.1054274e-15 0 0 0 0 0 0 0 0 0 0 0 0 0 0 3.5527137e-15 0 0.019092311 0.015423575 -7.1054274e-15 0.033740601 0.16828143 0.03895358 1.1736623 0.44154748 0 0 0.23049489 0.11476609 0.39871136 0.17596583 0.088964236 0 0.090427712 0.068550728 0.053593326 -7.1054274e-15 0 
3.5527137e-15 0 0 0.041400555 0.00024703232 0 0 0 0 0 0 0 0.059186431 -3.5527137e-15 0 0 -3.5527137e-15 0 3.5527137e-15 -3.5527137e-15 0 3.5527137e-15 0.064957903 0.053646144 0.038739944 0.24468051 0.60624219 0.38076775 0 0.20752319 0.28702382 0.64056365 0.549354 0.045390629 0.053468887 0.060937841 0 0.058189066 0.19912802 -3.5527137e-15 7.1054274e-15 
0 0.070568766 0.064786055 0.031903483 3.5527137e-15 -3.5527137e-15 0 0 0 0 0 -7.1054274e-15 -3.5527137e-15 0 0 0 0 0.017150236 0.049271236 0.0054782333 3.5527137e-15 -3.5527137e-15 0 0.01098644 0.11093337 3.5527137e-15 0.53255378 1.444831 0 0 0.034564121 0.45511855 0.30417442 0.186164 0 0.00097368932 0.072780535 0.055016525 0.17090001 0.055239115 -7.9936058e-15 
161.55504 0.11201466 0.1639017 0.003249273 0.0018080007 0 0.00054834318 0 0 0 3.5527137e-15 3.5527137e-15 0.055162291 0.041913639 0.060331391 0.052311767 0.020643578 0 0 0 0.022222331 0.029074906 0 3.5527137e-15 0.046529227 0.11088783 1.5621278 0.86517897 0.035468108 0.67062074 0.044553603 0.61195016 0.72289939 0.048709905 0 0.027950148 0.26671038 0 0.28660637 0.075925477 0.056192356 
1178.0663 0.067245738 0.069761999 0.049319577 0 0 0 -8.7430063e-16 0 0 -3.5527137e-15 3.5527137e-15 3.5527137e-15 0.10230925 0.053600191 0.1036362 0.034992649 0.030034708 0.014272474 0.021790402 0 0 0 0.075587396 0.024406486 0.074911196 0.42061445 1.932759 4.6254544 0.69158748 0 0.83467509 0.49535194 0.037629102 0.016153593 0.010466692 0.049292323 0.02298452 0.34444123 0.26931916 0.026155944 
0.11587577 1.0658141e-14 0.023178181 0.0361942 -3.5527137e-15 0 0 0 0 0 0 3.5527137e-15 0 0 0.055544595 0.16875023 0.074344065 0.10009971 0.018238732 0.12128016 0 0 0 0 0 -3.5527137e-15 0 9.9146106 2.9102308 0.70261712 3.5527137e-15 0.34853864 0.75775974 0.031597553 0 0 0.0012857522 0.039865532 0.16396423 0.18637698 0 
0 0 0 0 0 0 0 0 0 0 -3.5527137e-15 0 -7.1054274e-15 0 7.1054274e-15 0.43848135 0.29917368 0.055242076 0.091669221 0.19670432 0.06748773 0 0 0 0.030856831 7.1054274e-15 0 3.5527137e-15 0.79213502 3.4191002 0.24560748 0.63765491 0.22994466 0.026152248 -3.5527137e-15 0 3.5527137e-15 0 0.42793474 0.42824515 0.038314383 
1.0080675 0 0 0 0 0 0 0 0 0 0 0 0.02872955 7.1054274e-15 0 -7.1054274e-15 1619.1101 0.083903748 0.23800307 0.010104598 0.0070418148 0 0 0 0.016514082 0 -3.5527137e-15 0.087545008 -3.5527137e-15 1.8932132 2.9100979 0.77716221 0 0.03750001 0 0 0 0 0 1.8244741 1.2059481 
0 0 0 0 0 0 0 0 0 0 3.5527137e-15 3.5527137e-15 0 0.04222583 0.10389413 0.18570285 0.082095413 0.1167637 0.19674604 0.015266829 0 0 0 0 0 3.5527137e-15 0.021136447 3.5527137e-15 0.0032495089 0.012594767 3.2341384 2.9897592 0.029297776 0.027520407 -3.5527137e-15 0.026194225 -3.5527137e-15 0 0 0.02201734 1.1249593 
0 0 0 0 0 0 0 0 -7.1054274e-15 0 0 0 0 0.030558431 0.038367414 0.13536128 0.34855894 0.47537934 0.012817638 0.012985069 0.025612643 0 0 0 0 0 0 0 0.01092646 3.5527137e-15 2.2337154 1.3474281 0.012424253 0.03984775 0.016696427 0 0 0 0 0 0 
0 0 0 0 0 0 0 0 0 0 0 0 0 0 0 0.016039209 0.12797738 0.47617695 0.24432942 0.095745399 0.0045760336 0 0 0 0 0 0 0 0 0.045320621 2.4572081 2.7221308 0.005619475 0.0046055018 -7.1054274e-15 0.049723556 0 0.028598115 -3.5527137e-15 7.1054274e-15 0.038466505 
0 0 0 0 0.039401149 0 0 0 0.0085727612 0.031731144 0 0.063097445 0 7.1054274e-15 0 0 0.23707362 0.77690571 103.1823 7.7527579 0 0.010025095 0 0 0 7.1054274e-15 0 0.0301958 0.014106335 0.0070411484 0.012094967 8.1979034 4.3590278 0.07358537 0.023955939 0.038971453 0.0440955 0 3.5527137e-15 3.5527137e-15 0 
0 -3.5527137e-15 -3.5527137e-15 3.5527137e-15 0.0042255085 0.024301153 0.036268272 0.057520403 -3.5527137e-15 0.051835018 0 0 0.058479837 0 3.5527137e-15 0 0.004407374 0.61454889 1.0965876 0 0.035508486 0 0 -3.5527137e-15 0 0 0 0.028605178 0 0.097608015 0.016941962 0.17260181 2.2262133 0.10096738 0.036075385 0.098044573 0.034660356 -3.5527137e-15 0.027783385 0 0.02175501 
-3.5527137e-15 0 0 3.5527137e-15 0.0068021904 0.0096963358 0.072538776 0.12192829 -1.0658141e-14 0.159452 0.019664121 0.067882875 0 0 0 0 0.029864302 0.0058623647 1.2575083 0.95012801 2.8648063 0.032868533 0 0 0 0.032156549 0 0.065671314 0.042997271 0 0.11169229 66.460743 8953.2437 0.035606075 0 0 0 0 0.034296453 0.013960192 -3.5527137e-15 
3.5527137e-15 3.5527137e-15 7.1054274e-15 -3.5527137e-15 7.1054274e-15 0.036618486 0.022782566 0.3307631 0.065485965 0.13260511 0.050775472 0 0.022767574 0 3.5527137e-15 0 3.5527137e-15 0.013465662 0.024679527 9.2397361 1.5851743 -3.5527137e-15 0 0 0 0.033053221 0 0.038947779 0.04736778 0.03294551 0.083393753 0.082089364 380.15254 22.098188 3.5527137e-15 0 0 0 0.019709043 0 0.041836887 
0 0 0.0057845514 0.035763729 0 0.010756802 3.5527137e-15 0.23126492 0.32511617 0 0.14760458 0.099747388 0.094990693 0 0 0.0027036448 0 3.5527137e-15 7.1054274e-15 -3.5527137e-15 0.58546652 2.3509882 0.12842018 -3.5527137e-15 3.5527137e-15 0.050340206 0 0.10400606 0 0.050861369 0.031649392 0.16024165 71.122406 41.47987 0 0 0 0 0.02644368 0.056406668 0 
0 0 0.09442175 0.059894104 0.0293887 0.063489952 0 0.1356264 0.22288432 0.10773229 0 0.08856648 3.5527137e-15 0 3.5527137e-15 0 0 0 0 -3.5527137e-15 1.0658141e-14 1.0975212 5.083408 0 3.5527137e-15 0.081899599 0 0.045407482 0.077908698 0.036919955 0.048601797 39.094389 54.417257 -3.5527137e-15 0 0 0 3.5527137e-15 3.5527137e-15 0.065358328 0.058876159 
0 0.10928638 0 0.13196701 3.5527137e-15 0 0.08408034 0.73995275 1461.0877 0 -3.5527137e-15 0.018331738 0.032693077 -3.5527137e-15 3.5527137e-15 0 0 0 0 0 0 9.3273004 1.0784414 3.5527137e-15 0 3.5527137e-15 0.020228158 0 0.061669081 0.14156186 0.035546121 0.2595148 0 0 0 0 0 0.042651254 0 0.04372429 0.06438008 
44.224676 0.097457699 0.050340383 0.27452277 0.071332894 0.069082848 0.10760351 0 0.75030663 0.72755424 0.61867398 0.053527495 0.032449743 0.077928571 0.1390672 0.013074884 0 0 0 0 0.022472856 0.024634282 0.01203838 2.9847236 3.5527137e-15 0.024911491 0.087665765 0.0010706769 0.038461014 0.068155886 0.09869658 0.15999364 0.0073097672 0 0 0 0.013709299 0.14277331 0.09577657 -3.5527137e-15 171.93457 
0 0 0.10227005 0.22891037 0.20226949 0.11606885 0 0.0098425253 0 0.80841394 0.78578164 1.1433411 0.28768087 7.1054274e-15 0.0057275938 0.043614614 0 3.5527137e-15 0.014173747 0 0 0 1.4349122 3728.9386 102.11684 0.057488918 0.079371226 0.041849495 3.5527137e-15 0.062520857 0.065499784 0.11598892 0.2285499 0 0 0 0.034251314 0.01105717 0.083379729 324.14507 9.1843904 
0 0 0.01822195 0.085371975 0.17804298 0.046095155 0 0.040598205 0.035545629 0.25839342 0 1.4529264 0.28089044 0.04748707 0 0.13208292 -7.1054274e-15 -3.5527137e-15 0 0 0 0 0 0.79458192 0 0.045013645 0.033983001 0.0057817705 0.14605791 0.091763852 0.12387074 839.80485 18.574383 0 0 0 0 0.064335372 25.626995 90.025753 0 
21.517606 0 0 0.17202803 0.27379005 0 -3.5527137e-15 0 0 0.25572215 0.013026562 0.42548799 0.96227163 0.010383509 0.040056798 0 0 0 0 -7.1054274e-15 0.018329118 0 0 0 79.224459 65.147946 33.789326 0.047402101 0.13377633 0.078513698 0.1066872 34.219526 498.44127 0.0018080003 0.00077590514 0 -7.1054274e-15 3.5527137e-15 -3.5527137e-15 -4.4408921e-16 31.027231 
0 0 3.5527137e-15 3.5527137e-15 0.55320677 0.18754665 0 0 0 0.060476101 0.070893469 1.3632185 1.5290962 0.0084103761 0.0029759007 0 0 0.10890085 3.5527137e-15 3.5527137e-15 0 0 0 0.1004586 246.10673 0 0 0 0.079418011 0.046029072 0.025206022 0 237.1795 0 0 0 0 0.018138176 0.033583987 0 28.505011 
0 0 0 3.5527137e-15 0.32190635 0.82279778 0.27224764 0.014977174 0.02973401 0.037299727 0.034467853 2.7150969 1.7597716 0.024876085 0.041579129 0.0069850393 0.054181367 0.065422641 0.024145511 0 0 -3.5527137e-15 -3.5527137e-15 0 80.4658 0 0 0 0 0.044730827 0.064053029 83.414124 98.985888 0 0 0 0 0 0.044417863 153.62326 0 
0 0 0 0 0.022352851 0.38687537 0.64761849 0.77498262 0.1558356 0.024175532 3.4014848 1.1257991 21.986861 0 0 0.019177675 0.043183774 0.050226746 0.049221824 0 0 0 0.011377947 7.1054274e-15 0 0 0 0 0 0.051173207 0.040810124 0.042720115 0 0 0 0 0 0 -1.7763568e-15 50.237171 0 
0 0 0.01753771 0 0 0 0 1.2594782 159.15739 0.32816861 1492.6393 85.703984 0 0 0 0 0 0.13064487 0.20030254 -3.5527137e-15 0.029720906 0 0.021905606 -3.5527137e-15 0.038728529 0.15664145 0 30.592741 0 3.5527137e-15 0.02876484 0.010539718 209.26536 0 55.056865 50.908249 43.597836 31.93976 40.044655 0 0 
0 0 0.016473 3.5527137e-15 0 0.10313199 0.11403908 0 1175.795 527.5219 978.28705 0 0 0 0 0.0053434173 3.5527137e-15 -3.5527137e-15 0.40925303 0.19703176 -7.1054274e-15 0 0.048293229 0.0033070314 0.056198528 257.25568 73.449859 0 0 0 0.10510146 142.63069 54.896153 0 0 0 0 0 0 0 0 
0 0 0.034513999 3.5527137e-15 -3.5527137e-15 0.03580524 0.0046879488 0.040903153 40.102389 0 16.090865 0 0 0 -3.5527137e-15 0 0.0027341971 0.0075985287 0.054290441 0.52693257 0 0.0099449647 0.10729473 0.065966046 0.35353303 134.60817 0 54.874484 0 0 -7.1054274e-15 0.011090046 108.55002 0 0 0 0 0 0 0 0 
0 0.022267196 0 0.052676553 7.1054274e-15 0.073585521 0.33910176 0.23962328 0.16555351 18.279239 0.017191978 0 0 0 0 0 0 0 0.032297901 0.15503219 418.78375 91.023855 95.958123 10.814364 0 0.0095145633 0.011662747 0 3.5527137e-15 -3.5527137e-15 -3.5527137e-15 -3.5527137e-15 113.94023 0 0 0 0 0 0 0 0 
0 0 3.5527137e-15 0.047064307 0.011325951 0.11837408 0.10481366 0.40337907 0.28486277 93.450913 139.65253 0.0087281984 0.0044429481 3.5527137e-15 0 0 0.023583256 0 0 732.73823 168.36987 0 205.19758 105.63456 19.231909 3.5527137e-15 0 0 -3.5527137e-15 3.5527137e-15 0 3.5527137e-15 93.432212 0 0 0 0 0 0 0 0 
0 0 0 0 0 0.012129884 0 0.33477607 9.2516471 942.75396 0.038573685 0 0 3.5527137e-15 0 0.080026667 0.083162175 0 0 0 0.014913956 0.074460657 124.50127 0 -7.1054274e-15 -3.5527137e-15 0 0 0 0 0 0 79.90978 0 0 0 0 0 0 0 0 
0 0 0 0 0 0 -3.5527137e-15 0 0.034259051 174.89631 137.25627 0 0.014042653 0 0.054637632 -1.7763568e-15 192.9082 27.277622 0 0 0 88.032159 0.094510218 0 3.5527137e-15 0 0 0 0 0 7.1054274e-15 0 54.26307 0 0 0 0 0 0 0 0 
0 0 0 0 0 0 0 0 -7.1054274e-15 61.303842 0 0.055473618 3.5527137e-15 0.071288277 0.079130995 -3.5527137e-15 16.606873 88.932267 0 0.01255477 0 0 0 0 3.5527137e-15 0 0 0 0 -7.1054274e-15 -7.1054274e-15 0.034783174 0.066859626 0 0.0279838 16.13523 0 0 0 0 0 
45.31415 3.5527137e-15 -3.5527137e-15 0 0 0 0 0 23.096345 3.5527137e-15 0 0.0073799294 20.883017 -3.5527137e-15 0.1437895 0.026890435 0.072897465 0.62124451 6.8512277 14.77702 77.58452 -3.5527137e-15 0 -3.5527137e-15 0 0 1.2696006 0 0.001620532 3.5527137e-15 -3.5527137e-15 7.1054274e-15 0.026559686 0.11394605 0.064815326 24.024436 0 0 0 0 0 
22.601083 0 3.5527137e-15 3.5527137e-15 0 0 0.0381876 0 0 0 0 0.065278075 0.10359416 42.889256 0.060984815 0.15340186 0.12581733 70.96598 0 0 298.62104 0 3.5527137e-15 0 0 0 0 0 0.028114304 0 0.068310142 61.557128 0 0.056542669 0.068402968 58.938858 0 0 0 0 0 
0 0 0.0038277764 26.048334 3.5527137e-15 0 0.019013907 0 0 0 -3.5527137e-15 0.12663413 264.45922 69.887845 117.99486 100.16255 160.22916 0 0 0 106.29033 -7.1054274e-15 3.5527137e-15 3.5527137e-15 0 0 0 0 0 0 3.5527137e-15 0.0032252646 0.011548606 -1.0658141e-14 576.1522 0 0 0 0 0 0 
1.247143 109.50951 41.672045 0 25.391847 0.0058591674 0 0.02827162 3.5527137e-15 0 0 0 69.678011 0 0 0 0 0 142.69452 1.2931531 0 3.5527137e-15 0 0 0 0 0 0 0 0 0 0 0.010681294 0.03927599 324.05328 0 0 0 0 0 0 
0.020688435 0.026985839 0.042545034 3.6587203 0.10432994 -7.1054274e-15 3.5527137e-15 0 0.035541198 0 0 0.0089943824 33.156841 0 0 0 0 0 0 93.614055 0.011088818 0 0 0 0 0 0 0 0 -3.5527137e-15 0 0 0 -3.5527137e-15 105.5533 0 0 0 0 0 0 
0 0 -3.5527137e-15 0.016884453 0 0.12309538 0.30589659 0.11353817 0.014065877 7.1054274e-15 -7.1054274e-15 0 23.759691 0 0 0 0 73.025955 0 3.5527137e-15 0.035370319 -3.5527137e-15 0 0 0 0 0 -3.5527137e-15 0.026778943 0.0077306379 0.01206992 0.040121141 0.12520639 0.035180501 151.64158 0 0 0 0 0 0 
0 0 0.017515868 0 0 0 892.10364 179.31216 92.809673 32.109012 0.088169505 72.903679 53.377636 0 0 0 0 0 0 53.549045 0 0 0 0 0 0 0.55481021 0 0.030256373 21.023305 0.05710332 59.86192 0.055257834 1.7763568e-15 169.85378 0 0 0 0 0 0 
