NCOLS 42
NROWS 41
XLLCORNER 276826.32
YLLCORNER 3833378.9
CELLSIZE 10
NODATA_VALUE -9999
0 0 0 0 0 0 0 0 0 0 24.911695 0 0 0 0 0 0 0 0 0 0 0 0 0 0 0 0 0 0 97.132599 138.73332 0 0.034719077 3.5527137e-15 0 -3.5527137e-15 0 0 0 0 0 0 
0 0 0 0 0 0 0 0 0 0 0 45.976905 0 0 0 0 0 0 0 0 0 0 0 0 0 0 22.916361 0 0 21.39461 0.039793091 0.025492655 0 0.065305096 3.5527137e-15 0 0 0 0 0 0 0 
0 0 0 0 0 0 0 0 0 0 0.0018605843 40.111587 0 0 0 0 0 0 0 0 0 0 0 0 0 169.2416 0 0 149.66346 -7.1054274e-15 0.013028252 0 0 0 0 0 0 0 3.1940827 0 35.084738 47.066351 
0 0 0 0 0 0 0 0 0 0 0 59.544837 0 0 0 0 0 0 0 0 0 0 0 0 47.042092 44.475024 -7.1054274e-15 0 0.018151674 0.038067787 0 -3.5527137e-15 0 0 0 0 0 0 0 0 0 0 
0 0 0 0 0 0 0 0 0 0 0 0 0 0 0 0 0 0 0 0 0 0 0 0 20.619018 0.04921335 0.013144545 0.0080001823 -2.220446e-16 0 0 0 0 0 0 0 29.381724 28.799434 0.012454661 0 0 0 
0 0 0 0 0 0 0 0 0 0 0 0 0 0 0 3.7567121 0 0 0 0 0 0 0 0 21.625403 3.5527137e-15 0 0 0 25.11755 0 0 0 3.6041621 40.109574 45.292605 0 0 31.068387 41.071983 26.047806 0 
0 0 0 0 0 0 0 0 0 0 0 0 0 0 8.2674104 0 42.293061 0 0 0 0 0 0 0 49.906565 0 0 0 3.1081298 12.16746 0 0 0 0 0 0 0 0 0 0 23.00411 0 
0 0 0 0 0 0 0 0 0 0.40899004 0 0 0 0 0 0.016086531 34.347638 0 0 0 0 22.216798 0 0 26.815552 0 0 0 8.8348714 0 0 23.495903 0 0 0 0 0 0 0 0 0 0 
0 0 0 0 0 0 0 0 0 0 32.228169 0 0 0 0 32.020257 0 0 0 0 22.097869 0 7.8030944 13.881484 3.5527137e-15 0 0 0 0 45.466802 31.05288 0 0 0 0 0 0 0 0 0 0 0 
0 0 0 0 0 0 0 0 0 0 48.437281 0 0 0 0 0 0 0 0 0 0 7.9220229 0 0 55.366113 3.5527137e-15 0 0 0 0 0 0 0 0 0 0 0 0 0 0 0 0 
0 0 0 0 0 0 0 0 0 0 31.719533 0 0 0 0 0 0 0 0 0 0 0 0 0 55.403181 37.224351 0 0 0 0 0 0 0 0 0 0 0 0 0 0 0 0 
0 0 0 0 0 0 0 0 0 3.5527137e-15 2.63936 0 25.979893 0 0 0 0 0 0 0 0 0 0 0 0 3.2821012 0 0 0 0 0 0 0 0 0 0 0 0 0 0 0 0 
67.510423 0 0.03339268 0.069910726 58.260205 0.022468692 0.018375495 0.028512576 0 25.926727 58.367387 0 0 0 3.5527137e-15 0 0.44219228 0 0 0 0 0 0 0.6291631 0 0 0 0 0 0 0 0 0 0 0 0 0 0 0 0 0 0 
0 0.025727483 0.045418342 0.081584379 80.341866 856.53959 296.66638 118.13329 67.004673 157.30552 0 92.807308 3.5527137e-15 0 -3.5527137e-15 4.5171942 19.519776 24.645634 0 0 0 0 3.3045302 0 0 0 0 0 0 0 0 0 0 0 0 0 0 0 0 0 0 0 
0 0.016036668 0.018419727 0.053979531 -1.0658141e-14 -1.0658141e-14 0.047030317 0.043827343 0.058487192 0.036523059 3.5527137e-15 0.040567729 -7.1054274e-15 0.036518626 415.48579 0 0 0 0 0 0 0 49.812517 0 0 0 0 0 0 0 0 0 0 0 0 0 0 0 0 0 0 0 
1.7763568e-15 0 0.041845465 0.038750565 -7.1054274e-15 -3.5527137e-15 0.020894735 0.028596792 0.019415393 0.047309729 0.023698406 0.015572599 0.05139612 0 117.97717 0 0 0 0 0 0 0 50.371849 78.985031 0 0 0 0 0 0 0 0 0 0 0 0 0 0 0 0 0 0 
0 0.038039313 0 0 3.5527137e-15 0.059093067 0.062712342 0 3.5527137e-15 -3.5527137e-15 0 0.051631024 0.02693352 -3.5527137e-15 53.210854 0 0 0 0 0 0 0 0 53.83265 0 11.131502 0 0 0 0 0 0 0 0 0 0 0 0 0 0 0 0 
0 0.0022150026 -3.5527137e-15 0 0 0.019148297 0 3.5527137e-15 0.020778404 0.012177199 -3.5527137e-15 0.028200144 -3.5527137e-15 0 632.31363 0 0 0 0 0 0 0 0 0 5.9581885 0 0 0 0 0 0 0 0 0 0 0 0 0 0 0 0 0 
0 -3.5527137e-15 0 0.024370486 1.3877788e-17 0 0.091221177 0 0.04921963 0.058263366 0.013003076 0.0095659561 0.0056906777 0.004834708 171.94701 669.53331 51.956195 33.357684 50.308063 0 0 0 0 0 0 0 0 0 0 0 0 0 0 0 0 0 0 0 0 0 0 0 
0 0 0 0 15.299479 0 0 0 0 0 3.5527137e-15 0 0.01343037 0.035727925 0.077697451 0.069294509 0 0.01037066 0 96.712235 0 0 0 0 0 0 0 0 0 0 0 0 38.338595 0 0 0 0 0 0 22.622429 0 0 
0 0 29.721881 0 0 0 0 0 2.7547493 0.74407002 0.0020360622 0.030668948 0.093610192 0.21802943 0.36547103 0 0.027020555 0.039888813 0.015020168 119.49884 35.941445 31.627206 47.224319 0 0 0 0 0 0 0 0 0 0 57.306467 0 0 0 0 21.190747 0 7.8186567 0 
0 0.76873176 0 0 0 0.99829946 0 0 50.097943 0 0.027728937 0.075920577 0.15965678 0.085749945 3.5527137e-15 0 0.041342976 0 0.063666697 -3.5527137e-15 53.119595 0.068074206 32.487886 27.528121 0 0 0 0 0 0 0 0 0 51.037798 0 0 0 0 0 24.070303 0 0 
0 0 0 8.4603812 0 28.244605 91.607844 5.3835259 37.466138 0.011825839 0.035640736 7.1054274e-15 0.11225665 0.0033585683 0 0.73245546 0.028202183 0.0015213136 0 0 -7.1054274e-15 51.189129 0.085781793 0 0 0 0 0 0 0 0 0 0 46.158697 0 0 0 0 0 0 14.683967 0 
0 0 0 0 3.5527137e-15 0 -1.7763568e-15 57.922772 4.2434378 0 -1.7763568e-15 0.03611849 0.052436171 3.5527137e-15 0 0.033860657 0.026242305 0 3.5527137e-15 121.09157 0 0 51.493746 119.381 0 0 0 0 0 0 0 0 0 48.974664 0 0 0 0 0 0 0 0 
0 0 0 0 0 0 0 -8.8817842e-16 0 -3.5527137e-15 0.071234582 3.5527137e-15 0 0 0 -3.5527137e-15 0 0.0082606288 0 -7.1054274e-15 163.09716 14.726471 99.160647 0.11168774 237.6316 0 0 0 0 0 0 0 0 52.48343 0 0 0 0 0 0 0 0 
0 0 0 0 0 0 -3.5527137e-15 22.369205 0 0 0.0041555072 0 0 0 3.2420847 0 0.035265621 0 0 0 3.5527137e-15 32.330947 0.15669697 0.077719179 207.96003 0 0 0 0 0 0 0 0 0 10.818969 0 0 0 0 0 0 0 
0 0 0 5.0891746 0 0 30.132682 0 0 0 0 0 0 0 0 0 0 0 7.1054274e-15 0.049405439 7.1054274e-15 0.050577708 0.062148135 0.040257338 107.97484 0 0 0 0 0 0 0 0 0 0 0 0 0 0 0 0 0 
0 0 0 0 0 0.0544115 0 0 0 0 0 0 0 0 0 0 3.5527137e-15 3.5527137e-15 0 0 0 0.054640415 0.082806594 0.11338253 51.419889 0 0 0 0.29066156 0 0 0 24.354012 0 0 0 0 0 0 0 0 0 
26.213646 0 0 -3.5527137e-15 2.7530152 0 0 0 0 0 0 0 0 0 0 0 0 0 0 3.5527137e-15 0.015316054 0.040190109 0.035301565 0.015230587 20.710048 0 0 0 0.033809706 44.858681 0 0 37.411421 0 0 0 0 7.5963764 0 26.783642 0 0 
0 51.511604 64.156599 0.022532378 -3.5527137e-15 0 0 0 0 0 0 0 0 0 0 0 0 0 3.5527137e-15 0.027354327 0.045512477 0.028168013 0.034164866 0.045498164 59.765618 0 0 0 0 58.667236 0 0 49.128457 0 0 0 0 0.51573664 26.369627 0 0 0 
0 0 0 0.024551159 0 0.053436774 3.5527137e-15 3.5527137e-15 0 -3.5527137e-15 0 3.5527137e-15 0 0 0 0 0 0.2296243 0 0 0 3.5527137e-15 -3.5527137e-15 0 140.30134 0 0 0 -3.5527137e-15 53.113098 0 0 51.937792 0 0 0 0 0 0 0 0 0 
0 0 0 0.12792346 7.9561393 0.078709125 3.5527137e-15 0.035833137 0 0 0 0 0.0069325029 0 0 0 0.020640985 0 0 0.01359373 0 0.031301523 0 64.69939 0 0 0 0 -3.5527137e-15 45.302188 0 0 47.647497 0 8.6479026 0 0 0 0 0 0 0 
0 0 0.10342718 0.17781679 416.4211 309.69181 164.03171 74.918685 173.09075 0.036586144 0 3.5527137e-15 0 0.094297616 0 0 3.5527137e-15 0.023408628 0 -7.1054274e-15 -3.5527137e-15 0 0.0030715666 10.739479 0 0 0 0 0 46.759833 0 0 0 3.1343956 0 0 0 0 0 0 0 0 
0 0 0.055669226 16.533643 27.956556 0.02736193 -7.1054274e-15 0.1250847 0.033521011 0.090396395 0.11940592 0.20338308 18.151542 0 -3.5527137e-15 0 0.031791818 0.052125996 0.01133736 -3.5527137e-15 0 3.5527137e-15 0.028616201 47.317429 0 0 0 0 0 36.704024 0 0 0 0 0 0 0 0 0 0 0 0 
8.5669698 9.2353275 12.205315 0 3.5527137e-15 0.042205484 0.075384386 -7.1054274e-15 0.038366395 0.039894582 0.18401604 44.687543 0.15392196 0.0966708 98.670069 334.78984 97.445671 52.595589 29.232091 3.2822516 58.959684 75.729084 0 27.51216 0 0 0 0 3.5527137e-15 38.917339 0 0 0 0 0 0 0 0 0 0 0 0 
0 0.0089858371 381.03471 0.0096821969 0 0.024312172 0.029947473 -3.5527137e-15 0.016513984 0.041018177 7.1054274e-15 0.12338631 -1.4210855e-14 0.12444385 438.46948 1272.1737 0 196.38623 30.345748 49.480811 3.0189896 0 96.957317 7.8620668 0 0 0 3.5527137e-15 96.172133 11.379909 0 0 0 0 0 0 0 0 0 0 0 0 
0 3.5527137e-15 0.077673663 -3.5527137e-15 0 -3.5527137e-15 3.5527137e-15 -3.5527137e-15 0.034062903 0.056523267 0.13307853 7.1054274e-15 3.5527137e-15 7.1054274e-15 0.027861349 0 0 7.1054274e-15 0.069136152 98.819632 0 0 0 0 0 0 0 0 61.33403 0 0 0 0 0 0 0 0 0 0 0 0 0 
0 7.1054274e-15 -3.5527137e-15 -3.5527137e-15 0 0 3.5527137e-15 0 0.011983029 0.036546184 0.036619967 -7.1054274e-15 1.0658141e-14 7.1054274e-15 0 0.039320529 0.050025645 -3.5527137e-15 0.041935591 14.887828 8.8775625 0 0 0 0 0 0 23.993301 0 0 0 0 0 0 0 0 0 0 0 0 0 0 
0 0 0 3.5527137e-15 0 -3.5527137e-15 0 -3.5527137e-15 0 0 0 0 0 0 3.5527137e-15 0.011383563 0.00059261692 0.01455895 42.031329 0 0 0 0 0 0 0 0 0 0 0 0 0 0 0 0 0 0 0 0 0 0 0 
5.222198 0 -3.5527137e-15 0 0 0 0 0 0 0 0 0 0 -3.5527137e-15 -3.5527137e-15 3.5527137e-15 8.6648317 0 0 0 0 0 0 0 0 0 0 0 0 0 0 0 0 0 0 0 0 0 0 0 0 0 
0 9.061798 0 0 0 0 0 0 0 0 0 0 0 0 0 0 23.816514 0 0 0 0 0 0 0 0 0 0 0 0 0 0 0 0 0 0 0 0 0 0 0 0 0 
