NCOLS 42
NROWS 41
XLLCORNER 276826.32
YLLCORNER 3833378.9
CELLSIZE 10
NODATA_VALUE -9999
0 0 0 0 0 0 0 0 0 0 0 0 0 0 0 0 0 0 0 0 0 0 0 0 0 0 0 0 0 0 0 0 -27.086817 -31.650051 -27.731985 -30.366223 0 0 0 0 0 0 
0 0 0 0 0 0 0 0 0 0 0 0 0 0 0 0 0 0 0 0 0 0 0 0 0 0 0 0 0 0 -41.796178 -27.952436 -27.965319 -27.086817 -31.650051 -27.731985 -30.366223 0 0 0 0 0 
0 0 0 0 0 0 0 0 0 0 0 0 0 0 0 0 0 0 0 0 0 0 0 0 0 0 -34.769139 0 0 0 -27.578954 -41.796178 -27.952436 -27.965319 0 0 0 0 0 0 0 0 
0 0 0 0 0 0 0 0 0 0 0 0 0 0 0 0 0 0 0 0 0 0 0 0 0 0 -27.365938 -34.769139 0 -27.763606 -29.899387 -27.578954 0 0 0 0 0 0 0 0 0 0 
0 0 0 0 0 0 0 0 0 0 0 0 0 0 0 0 0 0 0 0 0 0 0 0 0 -27.433891 -28.450392 -27.365938 0 0 -27.763606 -29.899387 0 0 0 0 0 0 0 0 0 0 
0 0 0 0 0 0 0 0 0 0 0 0 0 0 0 0 0 0 0 0 0 0 0 0 0 -28.935409 -27.433891 -28.450392 0 0 0 0 0 0 0 0 0 0 0 0 0 0 
0 0 0 0 0 0 0 0 0 0 0 0 0 0 0 0 0 0 0 0 0 0 0 0 0 -41.80979 -28.935409 0 0 0 0 0 0 0 0 0 0 0 0 0 0 0 
0 0 0 0 0 0 0 0 0 0 0 0 0 0 0 0 0 0 0 0 0 0 0 0 0 -29.244518 -27.573393 0 0 0 0 0 0 0 0 0 0 0 0 0 0 0 
0 0 0 0 0 0 0 0 0 0 0 0 0 0 0 0 0 0 0 0 0 0 0 0 0 -27.573393 -31.825011 0 0 0 0 0 0 0 0 0 0 0 0 0 0 0 
0 0 0 0 0 0 0 0 0 0 0 0 0 0 0 0 0 0 0 0 0 0 0 0 0 -31.825011 0 0 0 0 0 0 0 0 0 0 0 0 0 0 0 0 
0 0 0 0 0 0 -30.447725 -29.824284 0 0 0 0 0 0 0 0 0 0 0 0 0 0 0 0 0 0 0 0 0 0 0 0 0 0 0 0 0 0 0 0 0 0 
0 0 -40.320679 0 0 0 0 -30.447725 -29.824284 0 0 0 0 0 0 0 0 0 0 0 0 0 0 0 0 0 0 0 0 0 0 0 0 0 0 0 0 0 0 0 0 0 
0 0 0 -40.320679 0 0 0 0 0 0 0 0 0 -41.902096 0 0 0 0 0 0 0 0 0 0 0 0 0 0 0 0 0 0 0 0 0 0 0 0 0 0 0 0 
0 -32.839365 -27.881516 0 0 0 0 0 0 0 0 0 0 0 -41.902096 0 0 0 0 0 0 0 0 0 0 0 0 0 0 0 0 0 0 0 0 0 0 0 0 0 0 0 
0 -27.881516 -27.031309 -29.444648 -33.579031 0 0 -41.853663 -28.537373 0 0 0 0 0 0 0 0 0 0 0 0 0 0 0 0 0 0 0 0 0 0 0 0 0 0 0 0 0 0 0 0 0 
0 -27.031309 -27.519866 -33.579031 0 0 -41.812058 -28.537373 -27.102915 -27.974003 -31.667971 -41.855176 -41.778033 -28.300552 0 0 0 0 0 0 0 0 0 0 0 0 0 0 0 0 0 0 0 0 0 0 0 0 0 0 0 0 
0 -27.519866 -27.644332 0 0 -41.812058 -31.704155 -27.102915 -27.974003 -31.667971 -29.529695 -38.300036 -28.300552 -27.270298 0 0 0 0 0 0 0 0 0 0 0 0 0 0 0 0 0 0 0 0 0 0 0 0 0 0 0 0 
0 -27.644332 -27.589487 0 0 0 0 -28.682086 -35.293589 -29.529695 -38.300036 0 -27.270298 -28.397786 0 0 0 0 0 0 0 0 0 0 0 0 0 0 0 0 0 0 0 0 0 0 0 0 0 0 0 0 
0 -27.589487 -27.251177 0 0 0 0 0 0 0 0 0 -28.397786 -29.063738 0 0 0 0 0 0 0 0 0 0 0 0 0 0 0 0 0 0 0 0 0 0 0 0 0 0 0 0 
0 -27.251177 0 0 0 0 0 0 0 0 0 0 -33.693228 0 0 0 0 0 0 0 0 0 0 0 0 0 0 0 0 0 0 0 0 0 0 0 0 0 0 0 0 0 
0 0 0 0 0 0 0 0 0 0 0 0 0 0 0 0 0 -28.460513 -27.152715 0 0 0 0 0 0 0 0 0 0 0 0 0 0 0 0 0 0 0 0 0 0 0 
0 0 0 0 0 0 0 0 0 0 0 0 0 0 0 0 -28.460513 -27.152715 -27.184814 0 0 0 0 0 0 0 0 0 0 0 0 0 0 0 0 0 0 0 0 0 0 0 
0 0 0 0 0 0 0 0 0 0 0 0 0 0 0 0 0 -27.184814 -28.754431 0 0 0 0 0 0 0 0 0 0 0 0 0 0 0 0 0 0 0 0 0 0 0 
0 0 0 0 0 0 0 0 0 0 0 0 0 0 0 0 -41.868039 -28.754431 -28.623034 0 0 0 0 0 0 0 0 0 0 0 0 0 0 0 0 0 0 0 0 0 0 0 
0 0 0 0 0 0 0 0 0 0 0 0 0 0 0 -41.868039 -31.282609 -28.623034 -27.211316 0 0 0 0 0 0 0 0 0 0 0 0 0 0 0 0 0 0 0 0 0 0 0 
0 0 0 0 0 0 0 0 0 0 0 0 0 0 0 0 -31.882535 -27.211316 -32.945696 0 0 0 0 0 0 0 0 0 0 0 0 0 0 0 0 0 0 0 0 0 0 0 
0 0 0 0 0 0 0 0 0 0 0 0 0 0 0 0 0 -31.740804 0 0 0 0 0 0 0 0 0 0 0 0 0 0 0 0 0 0 0 0 0 0 0 0 
0 0 0 0 0 0 0 0 0 0 0 0 0 0 0 0 -31.740804 -29.022286 0 0 0 0 0 -32.297108 0 0 0 0 0 0 0 0 0 0 0 0 0 0 0 0 0 0 
0 0 0 0 0 0 0 0 0 0 0 0 0 0 0 0 -29.022286 -29.022286 0 -34.96715 -41.805252 0 -32.297108 -30.177402 0 0 0 0 0 0 0 0 0 0 0 0 0 0 0 0 0 0 
0 0 0 0 0 0 0 0 0 0 0 0 0 -32.188082 0 0 -29.022286 0 -34.96715 -41.805252 0 0 -30.177402 0 0 0 0 0 0 0 0 0 0 0 0 0 0 0 0 0 0 0 
0 0 0 0 0 0 0 0 0 0 -40.733932 -34.457864 -29.701505 0 -32.188082 0 0 0 0 0 0 0 0 0 0 0 0 0 0 0 0 0 0 0 0 0 0 0 0 0 0 0 
0 0 0 0 0 0 0 0 0 0 -27.639054 -27.908645 -29.787808 -29.701505 -27.734506 -28.380221 -35.012373 -28.575774 -27.470467 -28.377055 0 0 0 0 0 0 0 0 0 0 0 0 0 0 0 0 0 0 0 0 0 0 
0 0 0 0 0 0 0 0 0 -36.432992 -27.33882 -27.639054 -27.908645 -26.989344 -27.06862 -27.734506 -28.380221 -31.502184 -28.575774 -27.470467 -28.377055 0 0 0 0 0 0 0 0 0 0 0 0 0 0 0 0 0 0 0 0 0 
0 0 0 0 0 0 0 0 0 -41.899825 -27.826702 -27.33882 0 -28.62689 -26.989344 -27.06862 -29.366771 -40.320679 -31.502184 -41.846854 0 0 0 0 0 0 -30.045022 -29.959871 0 0 0 0 0 0 0 0 0 0 0 0 0 0 
0 0 0 0 0 0 0 -41.787861 0 -26.693784 -26.693784 0 0 0 0 0 0 0 0 0 0 0 0 0 0 0 -27.466846 -30.045022 -29.959871 0 0 0 0 0 0 0 0 0 0 0 0 0 
0 0 0 0 0 0 -41.787861 -41.822647 -41.833237 -26.693784 -26.716166 -27.853223 0 0 0 0 0 0 0 0 0 0 0 0 0 0 0 -27.466846 0 0 0 0 0 0 0 0 0 0 0 0 0 0 
0 -31.41056 0 -38.010696 0 0 -41.822647 -41.833237 -41.833237 -26.716166 -27.130117 -28.47757 -29.857303 0 0 0 0 0 0 0 0 0 0 0 0 0 0 0 0 0 0 0 0 0 0 0 0 0 0 0 0 0 
0 0 -30.072678 -34.498084 -38.010696 0 0 -41.833237 0 -27.130117 -27.22125 -29.438021 -32.611629 -41.821891 -29.920775 -35.035156 0 0 0 0 0 0 0 0 0 0 0 0 0 0 0 0 0 0 0 0 0 0 0 0 0 0 
0 0 0 -30.072678 -34.498084 0 0 0 0 -27.22125 -27.597301 -28.706458 -28.364474 -29.920775 -35.035156 -26.913019 0 0 0 0 0 0 0 0 0 0 0 0 0 0 0 0 0 0 0 0 0 0 0 0 0 0 
0 0 0 0 0 0 0 0 0 -27.597301 -28.706458 -28.364474 -40.320679 -40.263528 -26.913019 -27.252053 0 0 0 0 0 0 0 0 0 0 0 0 0 0 0 0 0 0 0 0 0 0 0 0 0 0 
0 0 0 0 0 0 0 0 0 0 0 0 0 0 0 -27.928209 0 0 0 0 0 0 0 0 0 0 0 0 0 0 0 0 0 0 0 0 0 0 0 0 0 0 
