NCOLS 88
NROWS 114
XLLCORNER 772875.31
YLLCORNER 3877126.5
CELLSIZE 10
NODATA_VALUE -9999
0 29.860714 -4.4408921e-16 3.5527137e-15 0 0 3.5527137e-15 7.1054274e-15 0.0031048475 23.250826 139.61116 0 0.0081105888 -3.5527137e-15 0.023586733 0.03781718 0.010539289 0.061615899 0.17953756 0.17510888 4.4408921e-15 -8.8817842e-16 0.040680849 0.072642604 0.15449961 0.079618447 0.1292682 0.04247671 0.088560904 0.1272238 0.26237447 0.72346698 1.0994316 0.239772 0.47208803 0.024580942 0.27095611 0.08498511 15.279771 15.508029 0.13867654 0.18349547 0.098384029 0.18176478 0.21726315 0.20542092 0.016991277 0 0 0 0 0 36.28014 0.1545453 0.16332311 0.14681082 0.21587013 0.13343227 0.088070359 0.092043726 0.37562748 0.55678961 0.22080245 0.35186611 0.35025674 0.29944524 0.28923197 0.22916572 0.31976163 0.43905685 0.6406654 0.59191381 0.6894886 1.8951459 3.2999623 3.2631702 1.1512152 0.67715576 -3.5527137e-15 1.0630161 0.61470126 0.80762628 0 0.3540935 0.24033436 0.41277606 0.24680999 0.35550442 
55.485263 0 7.1054274e-15 0 0 -3.5527137e-15 -3.5527137e-15 -3.5527137e-15 -3.5527137e-15 0.049696958 0.014114585 0.0046025025 7.1054274e-15 0.055117102 -1.0658141e-14 3.5527137e-15 0.052670219 0.13123665 0.13924623 0.11229983 7.1054274e-15 0.087084582 0.16835519 0.22145193 0.11418998 0.050313465 0.027887889 0.042153613 0.078652201 0.36938582 0.80714461 0.95876138 1.7563214 0.38059745 7.1054274e-15 0.49457566 0.23025972 0.20389097 1.5689912 29.910035 14.407641 0.2585257 0.21037241 0.29310381 0.23414792 0.21294818 0.19763678 0.10860743 -3.5527137e-15 60.032346 6.5269586 123.87701 0.059936976 -3.5527137e-15 0 0.10207853 0.18481777 0.16290965 0.20246282 0.19131785 0.21937714 0.32984486 0.41184802 0.36455391 0.19006731 0.20475891 0.23080726 0.28384195 0.20939068 0.80363688 0.0089903908 0.51716506 0.87396665 2.894801 4.6398009 2.7856147 0.77999208 1.2323795 1.3064535 0.96803892 0.70812458 0.65544376 0 0.39007348 0.42098645 0.53388842 0.40556415 0.30018444 
0 0 0 0 0 0 0 0 0 0.0069462542 0 0.055424848 0.034990186 -3.5527137e-15 0 3.5527137e-15 0 0 0.094481777 0.036815766 0.16275317 0.23551893 0.034042053 0.12431374 0.17630501 0.059521572 0.22108847 0.093378041 6.154272 1.3212537 0.46647608 0.28398009 -3.5527137e-15 0 0.40451587 0.086183603 0.23863866 0.37051847 0.50473142 4.6433157 21.241425 0.12602869 0.030364882 0.037375919 0.15804219 0.46292244 0.089243947 0.086999636 0.11892995 25.722167 247.38379 2.9976022e-15 0.046691842 0.14814954 0.10977388 0 0.12948714 0.088297747 0.081298725 0.17988418 0.25570643 0.2305172 0.10329381 0.16847419 0.2851146 0.21285823 0.24053786 0.19038024 0.34331225 0.0040446672 0.40230333 0.8993346 1.021815 3.7515373 2.7959033 3.3710474 0.68823041 0.63554754 0.38024094 0.59755964 0.44751686 0.17333706 0 0.17529814 0.43809918 0.40550308 0.43926067 0.84544227 
0 -3.5527137e-15 0 0 0 0 0 0 0 0 0 4.3620375 0.025696269 0.070707087 0.054433014 0.046808368 0.080808619 0.049727073 7.1054274e-15 0.034998507 0.1391909 0.18623274 0.12665902 0.15099441 -3.5527137e-15 0.15133886 0 0.63441279 0.9307857 0.23989722 0.34167231 7.1054274e-15 0.26471423 0.24828758 0.20120567 0.14468837 0.38709464 0.35177326 1.5146031 13.49189 17.319512 0.34809914 0.10303003 0.21739914 0.062643329 0.028573232 0.24976295 0.030506406 0.28039784 -9.8532293e-16 0.20355465 0.10959956 0.068745607 -3.5527137e-15 0.091112316 0.14614415 0.091949015 0.17203326 0.18534052 0.52532505 0.36449236 0.23879475 0.27998257 0.20514609 0.13953507 0.1811497 0.33293004 0.28748036 0.2677459 0.0049957555 0.42879991 0.92094441 1.2101788 2.1045505 1.8519071 0.51983173 1.3176039 0.69763393 0.88143997 0.30184465 0.32453427 0.27980233 0.1904152 0.22096261 0.31020103 0.42787914 0.83059392 0.051447706 
3.1086245e-15 7.1054274e-15 0 0 0 0 0 0 0 0 0.008237392 21.140464 21.285071 0 0 3.5527137e-15 -3.5527137e-15 0.076158687 0.096386801 0.071304936 0.1144481 0.16410923 0 0.10915317 0.15444254 0.15247819 0.30311346 1.1814483 0.35726953 0.17812332 0.43118936 0 0.050431624 0.064962323 0.11709612 0.55997502 0.45554048 0.40549658 0.59299216 14.583449 19.572151 2.1316282e-14 0.47910887 1.3937388 0.219786 0.30911454 0.10389801 0.3094756 0.1160298 0 0.21183287 0.1589148 0.043398129 0.033215939 0.053262678 0.090930716 0.095454515 0.13075154 0.18833237 0.30632183 7.1054274e-15 0.32910684 0.38512849 0.1740102 0.26927183 0.074976955 0.23484695 0.31810027 0.35231873 0.28213055 0.92110015 0.12613502 1.0596869 1.8718183 2.2261321 0.00112149 9.274723 0.38369504 0.24861315 0.28215253 0.37937172 0.28688907 0.12186431 0 0.10827758 1.6607059 1.1643843 1.0441745 
-4.3021142e-16 0.043392393 0 3.5527137e-15 0 0 0 0 0 0 0 53.715754 0 0 0 -3.5527137e-15 0.081761005 0.055395183 0.065378052 0.1791583 0.20953712 0 0.18794763 0.15794817 0.38772491 0.60122079 1.3863662 0.43791111 0.20174744 0.36075528 0.032793186 0.097210297 0.12124734 0.096171454 0.29622544 0.76561235 0.029762624 0.67599464 0.7347483 16.423145 13.544203 0.63615523 0.037639836 0.23777079 0.23854573 0.50163496 0.51447166 0.18813142 0.11546289 0.09929132 0.00029242059 0.092334655 0.057665256 0.099723073 0 0.074237107 0.072021417 0.13766847 0.097176845 0.28280659 0.26437071 0.19754164 0.11215155 0.29987 0.16723497 0.29794716 0.14818484 0.28385334 0.25830713 0.20092405 0.28310115 0.29372974 0.70972844 1.7646323 3.1094411 2.6285176 6.8205084 1.0093578 0.33493605 0.30305456 0.34669825 0.32256328 0.23460684 0 0.057683402 1.3098556 1.048989 0.65323068 
3.5527137e-15 0.036695526 3.5527137e-15 -7.1054274e-15 0 0 0 0 0 0 -3.5527137e-15 51.314852 0 0 0 0.059239081 0.03938351 0.10453514 0.08914666 1.4210855e-14 0.0075397016 0.29301037 0.32690261 0.40265861 0.86142567 1.0248782 0.13785553 0.1502538 0.10575126 0 0.20601863 0.060678269 0.26897792 0.29832593 0.34155921 0.64085904 0.62505152 0.67009918 0.54009771 2.492569 16.27373 5.7394146 0.035206302 0.085554896 0.034893375 0.2811835 0.29871778 0.24935805 0.17624726 0.2315055 0.037778228 0.10119973 0.12497136 0.11148466 0.1403526 0.14511967 0.076587302 0.10948853 0.088036339 0.10114261 0.20096981 0.14998402 0.10901865 0.12666244 0.16790785 0.10909844 0.066709333 0.1689528 0.17866808 0.1314027 0.18519709 0.26267086 0.46932405 1.8589577 0.68878139 2.4126461 4.3405917 0.75444821 0.42483373 0.3681679 0.1909613 0.40872552 0 0 0.098893737 1.1354334 1.3557921 0.20604156 
0.047776901 -1.4210855e-14 0 3.5527137e-15 0 0 0 0 0 0 0 0.03917739 0.04689784 0 0 0.11495574 0.12626674 0.14307275 0.12947199 0.16865152 0.21597073 0.080223766 0.4834238 0.82533274 0.70632809 0.22667415 0.18908476 0.116866 0 0.17040002 0.13566016 0.20872821 0.14137827 0.23549142 0.36727656 0.64475943 0.41085451 0.23012655 0.24207558 2.8920613 0.30264191 9.9988321 0.038558493 -1.4210855e-14 0.081013057 0.35098567 0.15135301 0.074694007 0.3158834 0.38952215 0.25213282 0 0.18636243 0.02678173 0.076987679 0.11979668 0.081659434 0.12591639 0.081985499 0.13640448 0.099204425 -3.5527137e-15 0.23422944 0.060751733 0.14583237 0.13744032 0.23690087 0.14065919 0.16016918 0.43720235 0.17026518 0.35426713 0.60889378 1.4363175 0.53012951 0.12362037 4.9621377 0.57858438 0.21423042 0.29721564 0.37084649 0.37762528 0.38295081 3.5527137e-15 0.092986225 1.1842579 0.15283373 0.036709508 
0.044909637 3.5527137e-15 3.5527137e-15 0.026465196 0 -7.1054274e-15 0 0 0 0 0 0 0 -3.5527137e-15 9.3258734e-15 0.03240734 0.059614464 0.096327158 0.049697865 -3.5527137e-15 -1.4210855e-14 0.10231229 0.44216714 0.0924636 0.16376337 0.33685848 0.1336861 0.011540166 0.10737884 0.1748734 0.15433196 0.1656317 0.22354377 0.20914809 0.50529523 0.23775155 0.36131574 0.06073191 1.2611425 1.7005777 13.892298 4.1838546 0.20209025 0.12889066 0.11534651 3.5527137e-15 0.079120917 0.34111711 0.30057528 0.19215087 0.055155782 0.35943067 3.5527137e-15 0.15652658 0.10510485 0.10067799 0.074013371 0.22302258 0.027322252 0.188982 0.051518962 0.058898004 3.5527137e-15 0.20330044 0.083274403 0.1390752 0.22541342 0.079748438 0.11183279 0.22243433 0.2421722 0.41427761 0.77388211 1.2482231 0.97184754 2.86314 0.54816658 0.42787249 0.085201758 0.41627834 0.4256715 0.37770231 0 -7.1054274e-15 0.083736235 0.12472879 0.64414295 0 
80.637085 0.048870128 0.048803613 0 0.018314765 0.014282629 -3.5527137e-15 0 0 0 0 -7.1054274e-15 -3.5527137e-15 0 3.5527137e-15 0 -7.1054274e-15 7.1054274e-15 1.4210855e-14 -3.5527137e-15 0.30510471 0.47483786 0.5627118 0.15653599 0.1583785 0.19930676 0.14197737 0.14876916 0.16786253 0 0.10086618 -3.5527137e-15 0.32258162 0.43124596 0.34676451 0.19708486 0.10044639 1.8337629 1.9818195 0.48477163 3.1549027 15.828047 0.10697006 0.10423658 0.21341697 0.1849339 0.032551123 0.094502705 0.033287315 3.5527137e-15 0.082921373 0.085217034 0.22319495 -3.5527137e-15 0.11605102 0.10426931 0.090043804 0.097872092 0.068916469 0.13996236 0.089074826 0.051678598 0.041103084 1.0658141e-14 0.033637588 0.13389639 0.14194888 0.29967263 0.19758397 0.2002159 0.32369084 0.6452421 0.37412774 0.78261314 1.3899487 3.8773659 0.40257943 0.24892112 0.29490609 0.16281251 0.38476953 0.093788284 3.5527137e-15 0.057486132 0.075238757 -3.5527137e-15 -1.7763568e-14 0.041436428 
203.41104 0.066315308 0.025126683 0.010462919 0.030021812 0.028183752 3.5527137e-15 3.5527137e-15 0 0 0 0 0 0 -3.5527137e-15 -3.5527137e-15 3.5527137e-15 0 -3.5527137e-15 0.31533032 0.29604196 -1.0658141e-14 0.055013651 0.1643498 0.079513696 0 0.10292904 0.064628691 0.025874405 0.17286809 0.32581615 0.076722719 0.036721403 0.070603786 -2.4868996e-14 0.16921467 1.6535975 0.90765164 0.45878346 0.2319371 0.48785488 16374.614 14.520325 0.035258911 0.092513283 0.20546969 0.11501956 0.07812715 0.065399028 0.052898609 0.056421115 0.089583061 0 0.28636863 0.095868855 0.044093748 0 0.079466689 0.057639193 0.059494647 0.031892258 0.053545739 0.11799242 0.10751932 0.31924664 0.12934434 0.13327887 0.32046263 0.13437096 0.21359631 0.50459022 0.32421661 0.38392436 1.0083115 1.5803149 0.65222641 0.87497129 0.30501679 0.52692025 0.096057484 0.21687885 0.17473319 0.22638937 0.030207442 0.037044176 0.055325387 0.14099127 1.4210855e-14 
167.27632 0.03110345 0.008041282 -7.1054274e-15 7.1054274e-15 -7.1054274e-15 0 0.013979161 0 0 0 0 0 0 0 -7.1054274e-15 -3.5527137e-15 -1.0658141e-14 0.24398636 0.32287928 0.19544795 0.10986487 -3.5527137e-15 0.039875774 0.036390493 0.041582105 -7.1054274e-15 0.17688194 -1.0658141e-14 0.1146185 0.11016744 0.038298203 0.062775283 0.055973597 0.26189537 1.6090546 1.3834954 0.48067722 0.094304237 0.44704403 0.55726271 8.0859304 3.0384115 0.14046153 0.075240574 0.060468434 0.16067061 0.026288919 0.033468108 0.0066571139 3.5527137e-15 0.022861291 1.4210855e-14 0.14723311 0 0.087891587 0.084031309 0 0.024764016 0.044926993 0.080917515 3.5527137e-15 0.095698413 0.16065578 0.11022787 0.1248568 0.057119616 0.16640443 0.32357731 0.25733541 0.55936489 0.32708337 0.65597448 1.1695833 0.10608701 0.65389719 0.45044541 0.21724212 0.42978932 0.11737851 0.27027197 0.16778095 0.16972656 0 0.039733814 0.076904838 0.17524967 -3.5527137e-15 
0.045409304 1.0658141e-14 7.1054274e-15 0.02607732 3.9968029e-15 0 0 0 0 0 0 0 0 0 0 -3.5527137e-15 0 -1.4210855e-14 0.1227912 0.085552496 0.088000406 0.063671772 0.067746622 7.1054274e-15 0.067568124 0.027644584 0.14829877 -3.5527137e-15 0.15789645 0.046415561 0.045722861 0.090763478 0.050579163 0.092913702 0.47456105 1.4984042 0.76034262 0.26265531 0.33098472 0.55322444 0.30518779 18.354932 3.2081573 0.13370074 0.11726084 0.046249487 0.075103664 0.039321698 0.068249936 0.086329911 0.074421205 0.072781472 0.043120637 0.044022296 0.084953325 0.0095568907 0.0086759215 0.023981576 0 0.0065474033 0.035672699 0 0.051095133 0.12233843 0.10819473 0.13881495 0.15535682 0.099329049 0.088686277 0.34226988 0.33435997 0.57673613 1.2995637 1.1487276 2.1983528 0.67139156 0.57310332 0.72511039 0.36468171 0.27820673 0.25074553 0.11700008 0.13214204 0.122472 0.044514613 0.050432171 0.15029955 0.021312415 
3.5527137e-15 -3.5527137e-15 0.06167335 78.55946 18.007135 0 3.5527137e-15 0 0 0 0 0 0 0 -7.1054274e-15 0 0.032238924 0.038378234 0.16634397 0.04834121 0 0.12694503 7.1054274e-15 0 0.057766096 0.10031061 0.024869413 0.048202323 0.16304971 0.11831315 0.067441327 0.043125138 0.2954799 0.73231475 0.84503923 0.51727993 0.48573638 0.18730468 0.24317351 0.55223357 0.4505835 0.34604603 15.97521 7.210596 1.0658141e-14 0.081594952 0.086607786 0.0375327 7.1054274e-15 0.055948487 0.057522697 0 0.0098467394 0.040622308 0.026035744 0.1189723 0.054767743 0.079441806 3.5527137e-15 0 0.054497481 7.1054274e-15 0.076032555 0.1183502 0.041079878 0.19461303 0.1823588 0.10427643 0.30681551 0.38092391 0.27818081 0.27122231 1.2624444 1.2556059 1.3980861 0.78539859 0.39677036 0.32613291 0.20690343 0.27363885 0.25647419 0.037406671 0.018031527 0.13524342 0.049353012 0.027614103 0.040960597 0.03151249 
0 0.089699017 -2.220446e-16 0 40.160952 3.5527137e-15 0 0 0 0 0 0 0 0 0 0.03715042 0.036961913 0.18000008 -7.1054274e-15 0.084858499 0.11726271 0.0450662 0.040670271 0.026844452 0.053344965 0.0090569952 0.0294325 -1.7763568e-14 0.04830528 0.041697424 0.25507709 0.17957103 1.325285 1.605218 1.6694515 0.34978972 0.42166406 0.16993563 0.22581497 0.30662865 0.42662944 0.59841938 8.9057638 4.8023386 0.016287031 0.067169304 0.057214017 0.083547415 0.02530843 0.054199334 0.051487082 0.05763664 0.055247101 0.0023231274 0.0015443309 0.01523478 0.0059620381 0.019392165 0.058339441 0 0.018883579 0 0.058004746 0.099935593 0.091274147 0.14132662 0.089291536 0.29929211 0.22415437 0.31415542 0.50013431 0.080067246 2.3593032 0.99891394 0.92035502 0.25476251 0.22574672 0.25677617 0.4064638 0.3452636 0.31066283 2.1316282e-14 0.018679458 0 0.064386819 3.5527137e-15 0.043714315 0.16204819 
0.029413363 0 3.5527137e-15 0 0 0 0 0 0 0 0 0 0 0 0 0.033206769 0.087197344 0.027926014 7.1054274e-15 0.071645671 0.020060421 0.033173202 0.027586989 0.023559774 7.1054274e-15 0.032883179 0 0.27829093 0.07577183 0.23531367 0.3504931 1.2198802 0.80198273 0.4134222 0.22406426 0.28982002 0.19294743 0.23847504 0.29494338 0.42844356 0.41352888 0.50178566 4.7415408 6.6448782 0.031879567 0.091614964 0.096136571 0.078877678 0 0.064301371 0 0.1052052 0.032647284 0.016106425 0.03135547 -3.5527137e-15 0 0.00775709 0.019204192 -3.5527137e-15 0 0 3.5527137e-15 0.088505748 0.23854563 -1.0658141e-14 0.2018824 0.023430924 0.31865841 0.39107068 0.32348168 0.28580561 1.2340238 0.70890789 1.0206192 0.353977 0.16421642 0.15412883 0.43254392 0.16232783 0.4270056 -7.1054274e-15 0.020375577 0.039805313 -1.0658141e-14 0.045005724 -1.0658141e-14 0.06448783 
0.034716323 -1.0658141e-14 0 -1.4210855e-14 3.5527137e-15 0 7.1054274e-15 0 0 0 0 0 0 0 0 0 -7.1054274e-15 0.0019116379 0.01823069 0.065781658 0.042911804 0.028399412 0.014464226 0.10119623 0.12017024 3.5527137e-15 0.12507531 0.098389871 0.11899094 0.34120419 0.8709442 0.56093797 0.44406582 0.28118691 0.40211154 0.11772762 0.22877874 0.14626475 0.19268824 0.3088154 0.52498488 0.30125986 0.4151894 19.159365 9.8812806 0 0.10589225 0.11994199 0.12341352 0.038902841 0 0 0.04703145 0.069883311 0.056269388 0.0035224416 -3.5527137e-15 0 0 0 0.017446186 0 -7.1054274e-15 0.025071518 0.11188627 0.27681571 0 0.20061072 0.28635146 0.10069289 0.33320888 0.36417142 0.94435195 0.54653348 0.85783611 0.2330899 0.089168025 0 0 0.3529487 0.45360067 0.038578018 0.021108514 0.014168806 1.0658141e-14 0.16086454 0.073373004 0.081383026 
0 0 7.1054274e-15 8.8817842e-16 3.9968029e-15 0.02860932 0 0 0 0 0 0 0 0 0 0 0 -3.5527137e-15 0 0.018449115 0.032719888 0.071474948 0.014723941 0.11998518 0.027474746 0.18834562 0.046003803 0.18146566 0.20652572 0.22925207 0.6705668 0.71949236 0.20210439 0.23027731 0.28763873 0.17750279 0.12892722 0.21278348 0.24180483 0.42552857 0.46056848 0.33559779 0.11981153 10.450229 0.38713673 0.081762773 0.12804458 0.059253754 0.021670549 3.5527137e-15 0 0 0 0.13392702 8.4745364 3.5527137e-15 0 0.011578434 0 0 0 0 -3.5527137e-15 0 0.075238738 0.12285311 0.16283058 0.38908779 0.074228877 0.10053076 0.15705339 0.11759598 0.99294292 0.44040137 0.77209181 0.32951648 0.11867341 0.038433647 0 0.023255492 0.39477299 0.066688868 0.020474685 0.019503707 3.5527137e-15 0.12356613 0.047308818 0.067514017 
173.57729 3.5527137e-15 0 0 -3.5527137e-15 0 -3.5527137e-15 0 0 0 0 0 0 0 0 0 0 0 0.015482961 0.013343477 0.056011894 0 0.03385725 0.064829654 0.038893562 0.079747513 0.072750474 0.20221953 0.35642475 0.31765056 0.67849959 0.18079567 0.14909956 0.24577538 0.22230619 0.2786079 0.17822137 0.25631184 0.34042379 0.32272193 0.38619546 0.134827 0.44815074 3.3791506 7.878369 0.71899039 0.08070539 0.030305027 0 0.009264195 0 0.0339583 0.011517792 0 38.379509 0.039578892 -7.1054274e-15 0 0 0 0 5.4528131 0 0.1505054 0.053920953 0.12098977 0.17670877 0.074704911 0.27290644 0.16981884 0.05620272 0.028575859 0.78168183 0.5615574 0.21437881 0.32453838 0.1055757 0.096522387 -3.5527137e-15 0.038389703 0.15104917 0.17742088 0.019950975 0.019921503 -3.5527137e-15 0.076592558 -1.0658141e-14 3.5527137e-15 
203.06977 1.0658141e-14 -3.5527137e-15 7.1054274e-15 7.1054274e-15 0 0 0 0 0 0 43.928776 0 0 0 0 0 0.059354034 0.00059144741 0.032590125 0.065328597 0.035221702 0.033060535 0.10976526 0.028898054 0.15869271 0.30288892 0.59837168 0.36352762 0.48062187 0.30638518 0.046927112 0.16152023 0.16588197 0.22894244 0.2875544 0.26179047 0.12747443 0.36390973 0.30214211 0.13956815 0.2554458 0.25304704 2.0405098 5.1620491 2.1996968 0.91059002 6.353145 0.065572174 0.057451068 0.013240319 0.012906192 0.064138797 0.015743341 0 0.03497765 0 0 0 0 0 0 0 0 1.0658141e-14 0.059850394 0.060958693 0.091413985 0.085546236 0.30392872 0.13275801 0.050694764 0.69873881 0.099663318 0.3489421 0.17400969 0.13055364 0.034135454 3.5527137e-15 0.046778151 0.00013518412 0.070214444 0.015117418 0.016533535 0.071151489 0 3.5527137e-15 0 
208.37042 -7.1054274e-15 3.5527137e-15 0 0 0 0 0 0 0 0 62.175974 3.5527137e-15 0 0 0 0 0 0 0.018219286 0.039202043 0.091787464 0.077115906 0.059932337 0.041772358 0.18345676 0.44870564 0.28483082 0.12568665 0.073761777 0.11871878 0.037042117 0.13334015 0.2235639 0.28420995 0.30467828 0.39372751 0.17975651 0.3016735 0.26353502 0.22306512 0.32589398 0.34589198 1.2455365 0.14618698 2.6392059 1.7382822 1.0936456 1.1333724 0.014385435 0.39925032 0.15400914 0.43691528 0.088038285 0.0024436757 0.12633186 -3.5527137e-15 0 60.072118 87.548871 49.558284 32.406937 18.006614 0.083362024 0.027986687 0.05837633 0.04573697 0.13138392 0.070316881 0.27091468 0.077882168 0.053749328 0.90753226 0.42383507 0.48680378 0.181284 0.16378456 0 3.5527137e-15 0.1233414 0.084860613 3.5527137e-15 0 0.023215833 0.061747611 0.013160197 0 0.10941499 
230.64946 3.5527137e-15 0 -7.1054274e-15 0 -3.1086245e-15 0 0 0 0 0 56.703819 0 0 0 0 0 0 0.028784299 0.019958766 0.045153847 0.034462481 0.064474767 0.020049731 0.14572757 0.17332509 0.26029177 0.068521334 0.16182324 0.12382693 0.12218874 0.05593703 0.073322361 0.067818591 0.19618403 0.1639043 0.094341336 0.26812735 0.046823358 0.35067257 0.2251874 0.34224243 0.22288333 0.83599319 0.38815305 0.067398218 1.8732972 1.2637824 3.6720801 1.6000692 0.27424623 0.54415294 0.3961678 0 0.31942663 0.29858823 0.21038913 0 138.4713 -5.3290705e-15 1.6653345e-15 0.056729445 -8.6042284e-16 0.10469177 0 0.017943232 -7.1054274e-15 0.054798994 0.085982692 0.080103328 0.084336901 1.0658141e-14 0.0065668594 0.55719188 0.26397414 0.10106519 0.15297644 -3.5527137e-15 -3.5527137e-15 0.015594755 0.027435575 3.5527137e-15 7.1054274e-15 0.025889665 3.5527137e-15 -3.5527137e-15 3.2721771 30.355175 
200.61806 0 -7.1054274e-15 -7.1054274e-15 0 3.1086245e-15 -2.6645353e-15 0 0 0 0 65.530081 3.5527137e-15 3.5527137e-15 0 0 0 0 0.010065699 0.037571335 0.019882046 0.060697005 0.041042027 0.12406867 0.2034191 0.050251288 0.047684272 0.14889517 0.039791411 0.11708861 0.076727399 0.018035425 0.23478076 0.20357785 0.16797027 0.045576209 0.17525691 0.26168015 0.14758019 0.24431388 0.31893506 0.41200173 0.39456252 0.61938831 0.64811023 0.020091059 0.094704092 0.12661538 0.0090061854 1.983861 2.3791205 1.0360921 0.15107097 0.23168675 0.28648291 0.10789009 0.024061489 0.024937178 0.087886663 0.047561235 0 0.075726342 3.5527137e-15 2.0816682e-17 0 0 0.03435213 7.1054274e-15 0.080533956 0.14765726 0.054976625 0.10106443 -1.0658141e-14 -3.5527137e-15 0.31816713 0.19772064 0.16537478 -3.5527137e-15 0 0.075291469 -3.5527137e-15 2.1316282e-14 0.050188355 0 0.032946793 0 127.98258 0 
195.58418 0.045566801 0.033865493 3.5527137e-15 -3.4972025e-15 1.110223e-15 -7.1054274e-15 0 3.5527137e-15 1.110223e-15 4.4408921e-16 1.3322676e-15 0 -3.5527137e-15 0 0 0 0 0 0 0.014424797 0.035314754 0.047077691 0.0439061 0.0036709838 0.072176492 0.017750741 -1.4210855e-14 0.098514356 0.15847628 0.065669065 0.14740849 0.10626133 0.19442282 0.1347655 0.094775052 0.12682199 0.10505036 0.35718934 0.27260898 0.32180347 -3.5527137e-15 0.49446824 0.55951562 0.27429681 0.4625599 0.055462093 0.15904393 0.073562145 0.086107673 0.86997789 1.4863461 0.52895562 0.18076156 0.14086922 0.31755707 0.21520686 3.5527137e-15 -7.1054274e-15 0.019073358 0.015057879 -3.5527137e-15 0.07452694 0.1019401 0.13220172 0.027405254 0.031818413 0 0.071533301 0.080460268 0.033767943 -1.4210855e-14 0.0293424 0.028437324 -7.1054274e-15 0.30588599 0.15771836 0 0.14468731 0.0385091 0 0.013344255 -3.5527137e-15 0 0 -3.5527137e-15 47.851602 4.3749686 
75.317956 190.90894 -1.0658141e-14 0 4.7184479e-16 -7.1054274e-15 3.5527137e-15 -3.5527137e-15 -3.5527137e-15 2.220446e-16 1.3322676e-15 0 -8.8817842e-16 0 0 0 0 0 0 3.5527137e-15 7.1054274e-15 0.010817497 0.043862942 0.010029427 0.028997501 0.067780877 3.5527137e-15 0 1.0658141e-14 0.13322122 0.023573157 0.12888305 0.10026999 0.074496 0.031948916 0.14588259 0.051305566 -1.0658141e-14 0.1320149 0.13098863 0.24180592 0.37322956 0.18506585 0.66948946 1.472147 0.61857248 0.15303977 0.17196851 0.10262787 0.11888429 0.16643093 1.3873497 1.5798998 0.75873885 0.059852779 0.14526946 0.063696271 0.046656893 3.5527137e-15 0.035669827 0.047311918 0.076054908 0.014439649 0 0 0.015457989 0.021280477 3.5527137e-15 -1.0658141e-14 0.052281254 -7.1054274e-15 -1.4210855e-14 0.03043079 0.051802358 0.024005501 0.02100304 0.15394823 0.084761326 0 7.1054274e-15 0.0068860848 0 0 0 3.5527137e-15 -3.5527137e-15 79.806718 21.154915 
0 199.38502 0.11602947 0.034740159 0.044717331 0.034256611 -1.4210855e-14 0 7.1054274e-15 0 -7.1054274e-15 1.7763568e-15 -1.7763568e-15 0 0 0 1.7763568e-15 0 0 0 0 0.021669493 0.016818303 0.032225977 0.090011377 0 -1.4210855e-14 3.5527137e-15 -1.4210855e-14 0.029506144 0.01787461 0.065080958 0.037071307 0.0080744777 0.054607935 0.12371282 0.15224819 0.13744405 0.15721934 0.10787704 0.26371117 0.26662999 0.18360723 0.91469833 0.87070369 0.58363342 0.20670841 0.18362052 0.036795497 0.05229861 0.1422816 1.152004 1.4269396 1.4835386 0.93027818 -1.0658141e-14 0.086168547 0.14280649 0.036368491 0.03221723 0.044220921 0.033073285 0.03451162 0.05995582 0.046388071 0 0 0 0.055752301 -1.0658141e-14 0.047919157 0.060425834 0.051358238 1.4210855e-14 7.1054274e-15 0.049769647 0 0 0 0.0011914847 0 0 -7.1054274e-15 3.5527137e-15 0 0 -3.5527137e-15 76.124686 
0 228.48419 0.096500254 0.074828953 0.046149323 0 -7.1054274e-15 -3.5527137e-15 0.025270938 0.11020951 3.3306691e-15 0.064002002 3.5527137e-15 3.5527137e-15 0.027193329 1.7763568e-15 -3.5527137e-15 0 0 0 0 0 0 0.0037833284 0 7.1054274e-15 1.0658141e-14 -7.1054274e-15 1.0658141e-14 0 0.10379906 0.034371221 0.063076796 0.11940383 0.0079773724 0.1009855 3.5527137e-15 0.031748351 0.10083554 0.34840832 0.22451154 0.27825556 0.33682129 1.1116868 0.60585232 1.1180942 0.69641602 0.078356235 -1.0658141e-14 0.069179302 0.16741599 0.12858415 0.64391467 0.45908071 1.5711003 0.24665437 0.080533528 0.05688089 0.12144352 0.015305096 0.06527028 0.010896623 0.025196783 0.00033113666 0.032852511 0 0 0 -1.0658141e-14 -3.5527137e-15 0.033637917 0.029646518 1.0658141e-14 0 -3.5527137e-15 0.16238109 0 -1.7763568e-15 -3.5527137e-15 -2.220446e-16 8.4140374 0 0 0 0 0 -3.5527137e-15 57.628351 
0 192.28544 0.022232354 0.13533169 0.13576857 0.028387372 0.092512461 0.058521933 0.062615476 0.050820135 6.6613381e-16 0.071360692 0.040517407 3.5527137e-15 -3.5527137e-15 0.004054961 0 0.018121589 0 3.5527137e-15 0 0 0 0 -3.5527137e-15 -7.1054274e-15 -3.5527137e-15 3.5527137e-15 0 3.5527137e-15 -7.1054274e-15 0.065044524 0.10473451 0.033371256 3.5527137e-15 0.081064246 0 0.039210195 0.16476385 0.23110234 0.15653059 0.30868195 0.29911685 0.70260908 0.61942024 0.80409996 0.20354102 0.15542034 0.14002028 0.10039367 0.13489847 0.095432302 0.26376658 0.80724298 0.85379766 2.0068595 0.34124125 0.072240539 0.054499229 0.037570593 0.13479743 0.046034152 0.046396785 -7.1054274e-15 0.05088926 0.060610593 0 -3.5527137e-15 7.1054274e-15 0 0.038634518 0 -1.0658141e-14 -7.1054274e-15 0 3.5527137e-15 1.0658141e-14 1.7763568e-15 -8.8817842e-16 0.024529837 -3.5527137e-15 88.494576 0 0 0 0 3.5527137e-15 54.850774 
0 224.08544 0.11962709 0.096168247 0.10621245 0.067768631 0.061977926 0.062477745 0.048687578 0.14784358 0 3.1086245e-15 1.7763568e-15 0.042135995 0.013716093 -7.1054274e-15 0 0 0.0097349389 0 0 0 0 0 0 -3.5527137e-15 0 3.5527137e-15 3.5527137e-15 3.5527137e-15 -3.5527137e-15 0.046823915 -3.5527137e-15 1.0658141e-14 0.05644149 0.078539716 0.06558978 0.026466626 1.0658141e-14 -7.1054274e-15 0.28408867 0.39576184 0.27654675 0.53903847 0.18253304 0.99457274 0.22090756 -3.5527137e-15 0.16020596 0.06803587 0.10632643 0.031350313 0.24790969 0.99282348 0.42448376 0.54393445 1.3015842 -3.5527137e-15 0.15647969 0.013071079 0.082983832 0.055968039 0.044282548 0.0040349648 0.045347632 -8.8817842e-16 -4.4408921e-16 0 -3.5527137e-15 0.043069392 0 1.0658141e-14 -1.0658141e-14 -3.5527137e-15 0 0 0 0.00068725006 3.5527137e-15 0.036229843 0.020417699 62.995745 0 8.8817842e-16 31.575974 0 0 66.86796 
0 4.6515477 329.72609 0.066938048 0.036802769 0.19820911 0.16492366 3.5527137e-15 0.17912942 0.045046133 0.12627186 -8.8817842e-16 0 0 0 0.060149287 94.910738 0.0040371288 0.021583792 0 0 0 0 3.372964 0 0 0 -3.5527137e-15 0 3.5527137e-15 0 0 0 -1.0658141e-14 0.065641078 1.4210855e-14 0.038712369 7.1054274e-15 0.095072034 3.5527137e-15 0.16719915 0.13785541 0.34389367 0.71712295 0.80459248 0.80253845 0.5599599 0.035098329 0.11309626 0.11558815 0.19573834 0.091870293 0.017399556 0.13350008 0.49242404 0.47170865 0.21348449 0.31048858 0.23953173 0.071691324 0.1078062 0.11370124 0.16034892 0.030750459 0.0038280775 0.024676799 -1.3322676e-15 0 0 7.1054274e-15 -7.1054274e-15 -3.5527137e-15 0 3.5527137e-15 0 -3.5527137e-15 0.0032587667 5.5511151e-17 0 -3.9968029e-15 0.010596279 0 0.038882877 0.017174987 85.563999 0.010067006 0.010908856 34.536744 
0 0 258.22379 0.28029809 0.10981342 0.057214734 0.20066613 0.10400806 0.048198996 -3.5527137e-15 -3.5527137e-15 0.073246094 5.5511151e-15 0 0 0 0 109.52912 -1.7763568e-15 0.0235107 0.016122402 0 0 0 0 0 0 -3.5527137e-15 -3.5527137e-15 0 0 3.5527137e-15 0 0 0.055496308 0.018442272 0.012056476 0.11682957 0.16265984 -3.5527137e-15 0.20591775 0.12765399 0.56963249 0.24745306 0.75222709 0.46399522 0.56936814 0.1606423 0.27099971 0.16582235 0.054126982 -3.5527137e-15 0.014063143 -1.4210855e-14 0.14832616 0.49687855 0.13126976 0.58792751 0.061330218 0.040027301 0.030223722 0.053902727 0.15504308 0.10338434 0.0048865618 -3.5527137e-15 0 0 0 3.5527137e-15 0 0 0 0 0 8.8817842e-16 0 0 8.8817842e-16 0 0 8.8817842e-16 -8.8817842e-16 0.035786053 80.422534 32.855434 0 34.388108 
0 0 240.74554 0.17307128 0.24484613 0.11456049 0.1177999 0.10724195 0 0.063742097 0.023508966 -2.6645353e-15 1.110223e-16 0 0 0 0 0 85.294125 0.029370597 -7.1054274e-15 -1.3322676e-15 -8.8817842e-16 0 0 0 0 0 0 0 0 -7.1054274e-15 0 -3.5527137e-15 -7.1054274e-15 0.011969489 0.046882401 0.025997892 0.1071767 1.0658141e-14 0.19911514 0.19495504 0.4666947 0.19455846 0.81282346 0.3180955 0.16880016 0.20332133 0.1328146 0.10741667 0.065689318 0.098962158 0 -7.1054274e-15 0.05555606 0.3792863 0.20430047 0.31045429 0.086501947 0.078476734 0.025032872 0.054923207 0.015131037 0.07942893 0.059387564 0.034277995 0 0 0 0 0 0 15.510794 0 0 0 0 0 0 -1.7763568e-15 0.045133406 0.014425942 0.030736972 -3.5527137e-15 -8.8817842e-16 0 0 0.052990644 
0 0 195.93698 0.13742755 0.03525429 0.13383906 0.11970355 0 0.037617439 3.5527137e-15 0.047859361 0.023296966 0 7.1054274e-15 0 0 0 0 0 68.06751 0.043417566 56.696897 72.412569 0 0 0 0 0 0 0 0 0 3.5527137e-15 -3.5527137e-15 3.5527137e-15 0.040243628 0.0038937071 0.069784318 0.089345717 1.0658141e-14 0.118314 0.0099197778 0.28152099 0.35032567 0.31409867 0.30573227 0.20019333 0.041104231 0.063678976 -3.5527137e-15 0.054000179 0.054112463 0.011110804 0 0.030097046 0.050366306 0.22795451 0.14719262 0.19126719 -3.5527137e-15 0.020583865 0.029132222 0.062548499 0 0 0 0 0 0 0 0 37.010364 0 0 0 0 0 7.1054274e-15 0 0.051103684 0.10547322 0.036125291 0.040908387 0 0.11644683 -7.1054274e-15 0 -3.5527137e-15 
0 0 144.81195 0.037516913 7.1054274e-15 3.5527137e-15 0.094882987 0.062959605 3.5527137e-15 0 3.5527137e-15 1.9984014e-15 0.012149389 0.026961463 0.0068829787 0 0 0 0 3.1168872 -4.3021142e-16 0 61.325198 0.00076940702 0.031212558 0 0 0 0 0 0 0 0 0 0 3.5527137e-15 0.066430626 0.013614626 0 -1.0658141e-14 0.0010734502 0.032883645 0.2406581 0.05882684 0.12298894 0.13227317 0.15985533 0 0.21837815 0.10874406 0 0.036445286 0.024332024 0.022167844 0.035597815 0.033912587 0.14585428 0.19973094 0.020145598 0 0.022044171 0.020764937 -3.5527137e-15 -3.5527137e-15 0 0 4.6999822 0 0 0 3.5527137e-15 8.8817842e-16 0 0 0 0 -3.5527137e-15 0 0.0057318709 0.075111811 0.10636085 0.052664969 3.5527137e-15 0.12346456 0.03043798 0 0.067524662 0.062200717 
0 0 233.02687 3.5527137e-15 0.048533729 0.045691945 0.039786931 -7.9936058e-15 0 -3.5527137e-15 7.1054274e-15 0.012007952 1.110223e-16 0.0040934986 -3.5527137e-15 0 7.1054274e-15 0 0 0 0.021711966 26.540583 54.711304 0.8857634 -3.5527137e-15 0.010673854 0 0 0 0 0 0 0 0 0 0 0 0.027645081 7.1054274e-15 -1.0658141e-14 1.0658141e-14 0 0.047684188 -3.5527137e-15 0.1245284 0.1610772 0.068462886 -3.5527137e-15 0.031899016 0.023982175 0.095019001 0.041442659 1.0658141e-14 -3.5527137e-15 0 -1.4210855e-14 0.26943526 0.24721953 0 0.088860266 0.021495585 0 3.5527137e-15 0 0 0 -2.220446e-16 0 -5.5511151e-17 0 0 3.5527137e-15 0 0.014281996 0.028951045 0.07536822 0 0.052688144 0 0.10771977 0.025146118 0.062035682 0.063192003 0.086811035 0.072651036 0.033263465 0.018160906 0.090558736 
0 0 213.09371 342.35491 0.15328089 0.051768619 0.027622569 0.10893385 0.038468506 0.048606706 -3.5527137e-15 3.5527137e-15 0.0031396932 -1.7763568e-15 0.010224765 0.023624708 0 0 0 0.012852677 0 0 0 124.17331 0.0047251332 0.038627803 0.014678728 0 0 0 0 0 0 0 0 0 0 0 -3.5527137e-15 -7.1054274e-15 -7.1054274e-15 1.4210855e-14 0.022178876 0.1761124 -3.5527137e-15 -3.5527137e-15 0.067046591 0.037182177 0 0.020464471 3.5527137e-15 -1.0658141e-14 0.048069634 -3.5527137e-15 -3.5527137e-15 3.5527137e-15 0.11180357 0.15723985 3.5527137e-15 0.076705344 0.014972865 -3.5527137e-15 0 0 0 0 0 0 0 0.029093877 0 0.047846831 0.10839823 0.04662234 0.059381044 0.063171302 0.038309442 -7.1054274e-15 0.031157732 0.15490924 0.055488807 0 0.069200165 0.064969773 0.0399137 3.5527137e-15 0.071787078 0.058430591 
0 0 206.68914 7.7354978 0.055310247 0.1815152 0.19938672 0.10179592 0.041231051 0.017297216 -3.5527137e-15 0.035347725 0 0.0017069063 0 3.5527137e-15 0.013505036 3.5527137e-15 0.0081457329 0.016460174 0.017756993 3.5527137e-15 0 69.240921 0.45344307 0.022634955 0.0017248336 -3.5527137e-15 0 0 0 0 0 0 0 0 0 0 7.1054274e-15 3.5527137e-15 7.1054274e-15 7.1054274e-15 0.028409188 0.02316831 0.092799096 0.032345834 1.0658141e-14 -1.0658141e-14 3.5527137e-15 0.063738717 0.036226939 -1.0658141e-14 7.1054274e-15 0 0 3.5527137e-15 0.064811771 0.098952545 -3.5527137e-15 0.06389943 -3.5527137e-15 0 0 0 0 0 0 -3.5527137e-15 0 0.01330806 0.05776762 0.064700181 0.12193907 0.0026284861 0.041740604 0.02174774 0.085477188 0.081580276 0.025525884 0.20660755 0.12005155 0.056982667 0.085356986 0.070180158 0.18252046 0 0.11022239 -3.5527137e-15 
0 0 93.541564 0.059295713 0.04451525 0.18611551 0.076267817 0.028668915 0 0 0.018877436 7.1054274e-15 0.022400108 0.0083626496 0.0091057649 0.030835704 0.0091678263 0.04530572 0.073277751 0.055589375 0.020844127 0.04488803 0.023509115 0 35.779479 0.041597613 0.012312575 0 0 0 0 3.5527137e-15 -3.5527137e-15 0 0 0 0 0 -3.5527137e-15 3.5527137e-15 0.017614625 -3.5527137e-15 -3.5527137e-15 0 0.01101811 0.073863046 0.020217194 -3.5527137e-15 -3.5527137e-15 0.033406479 0 0.038096268 -7.1054274e-15 3.5527137e-15 -1.0658141e-14 0 3.5527137e-15 0.082481056 7.1054274e-15 0.027635978 0.00023629478 0 0 0 0 0 0 3.5527137e-15 0.04494245 0.023916161 0.036059295 0.11080962 0.055006473 0.075389195 0.053054748 0.0012459259 0.0028165878 0.049597585 0.087512088 0.025956428 0.22181596 0.11743926 0.16626533 0.038903749 0.081873231 0.068463823 -3.5527137e-15 0.039908499 
0 0 191.43259 0.062628314 0.15260385 0.21553143 0.085633184 0.14305746 0 0 0.026461645 0 0 7.1054274e-15 0 7.1054274e-15 0.031335398 0.080052552 0.04257387 0.083567922 0.031137174 0.013400525 0.026850176 0 9.9027313e-05 7.1054274e-15 -3.5527137e-15 0.020333552 0.010348555 3.5527137e-15 0.04511585 0.04119617 0 8.7612996e-05 0 0 0 0 0 0 0 0 0 0 0 3.5527137e-15 0.02638117 7.1054274e-15 -3.5527137e-15 0 0.038532488 1.0658141e-14 0 0 0 7.1054274e-15 118.48737 184.64969 -2.6645353e-15 3.5527137e-15 -3.5527137e-15 0 0 0 0 0 0 -3.5527137e-15 0.040143113 0.026735459 0.077414019 0.018048538 0.17778101 0.15741853 0.17034026 0.057257453 0.0041005551 0.0411651 0.12181979 0.086008541 0.023489147 0.21565274 0.18015148 0.15789438 0.050488862 0.089900281 0.14109922 0 
0 0 0 171.81447 0.17996631 0.14327574 -7.1054274e-15 -3.5527137e-15 0 0.058436824 0.067178317 0.019233443 -7.1054274e-15 0.026449245 0 0.030123329 0.082742403 0.11440654 0.071084825 0.10542783 0.077163698 0.043059966 0.029353102 -3.5527137e-15 0.053432677 0.040484436 0.031140796 0.026611624 0.015543532 0 0.019920189 0.025437406 0.029818761 0 0 0 0 0 0 0 0 0 0 3.5527137e-15 0 -3.5527137e-15 -7.1054274e-15 0 3.5527137e-15 -3.5527137e-15 0 0 0 0 0 0 0.0029217487 0.0033065031 -7.1054274e-15 0 0 0 0 0 0 0 -3.5527137e-15 0 0.084524409 0.14654848 0.0095240776 0.023936608 7.1054274e-15 0.14896929 0.083526832 0.10168982 0.058617564 0.020634776 0.085815949 3.5527137e-15 0.066117725 0.077273395 0.28946618 0.16447613 0.1649498 0.20218809 0.11803739 0.10285377 
0 0 0 196.81223 259.77929 -3.5527137e-15 1.0658141e-14 0.1538949 0.031814955 0.0070592426 -3.5527137e-15 0.046018903 0 0 0 0.098664407 0.27586438 0.054385916 0.045867088 0.090374981 0.023641115 0.092046935 0.018878714 -7.1054274e-15 3.5527137e-15 0 0.04878433 0.054525312 0.080625213 0.09172592 0.026325996 0.06082967 7.1054274e-15 0 0.0051411762 0.0035188151 0 0 -7.1054274e-15 0 0 0 0 0 0 0 -3.5527137e-15 0 -1.4432899e-15 3.5527137e-15 0.02731176 0 0 0 0 7.1054274e-15 0 -3.5527137e-15 0 0 0 -3.5527137e-15 0 0 -7.1054274e-15 -7.1054274e-15 0 -3.5527137e-15 0.087244142 0.31740292 0.016205129 0.16402653 0.065016343 0.098229781 0.16538902 0.095290804 0.062091202 0.23178029 0.1500585 0.087327186 3.5527137e-15 0.058834231 0.022424896 0.29870382 0.096513001 0.13716034 0.14998326 0.075507254 
0 0 0 0 268.71583 0.11155737 0.045590827 0.054555503 0.0080356233 0.00078045428 0.064045595 0.16033793 0.016041262 -5.5511151e-17 321.96741 0.30287533 0.16006879 0.055261165 0.050665127 0.062129066 0.081758752 0.049856859 0.064334077 0.057963024 3.5527137e-15 0.098941387 0.028308167 0.30063577 0.05712764 0.13931188 0.0085295138 0 -7.1054274e-15 0.011106597 0.019554011 0.054444739 0.01357212 0 0 0 0 0 0 0 0 0 0 0 10.642839 8.8817842e-16 0 0 0 0 0 0 0 0 0 0 0 0 0 3.5527137e-15 0.017268148 0.016349854 0.046838962 -3.5527137e-15 3.5527137e-15 0.1652508 0.47772093 0.12012458 0.13981603 0.42104777 0.2672585 0.20006776 0.0018743552 0.22762967 0.28243181 0.011292288 0.094022322 0.027671115 0.14296748 0.34676777 0.19619087 0.15246827 0.07074974 0.080371584 
0 0 0 0 175.13951 0.10017468 0.032363464 0.036482521 -3.5527137e-15 0.083856734 0.13314388 0.18563762 0.021917766 162.40962 172.56334 0 0.20585651 0.074549969 0.18813684 0.11626196 0.05022442 0.021336453 0.030484543 7.1054274e-15 0.035328994 0.11403105 0.42872826 0.072286231 0.10826741 0.10202716 0.076040621 0 0.060049639 0.033753603 40.798837 0 0.0063388373 0.024870746 3.5527137e-15 0 0 0 0 0 0 0 0 0 0 0 0 0 0 0 0 0 0 0 0 0 0 0 -3.5527137e-15 0.014352104 0.035046022 -7.1054274e-15 0.061365239 7.1054274e-15 -1.7763568e-14 0 0.086985694 0.16549703 0.229729 0.60890221 1.0269477 0.68472673 0.26464181 0.43329271 0.28031103 0.50412355 0.091550337 0.14810594 -7.1054274e-15 0.105131 0.44880051 0.28389274 0.18184065 0.089502023 
0 0 0 0 113.10507 0.039432977 0.11521126 0 0.094677988 0.058711989 0.079704411 0.062860487 0.04030604 0 0 636.34171 0.054628756 0.1149853 0.080623541 0.10965041 0.12478673 0.025386802 0.076320533 0.052098013 0.22991303 0.11892198 0.11825377 0 0.039690445 0.014265626 0.031851225 0.036944599 0.045489848 0.027155096 0.0059670151 173.66787 14.947647 0.012473817 0 0.01501826 0 0 0.028813632 0 0 0 0 0 0 0 0 0 0 0 0 0 0 0 0 0 0 -3.5527137e-15 0 -3.5527137e-15 0.027861646 0.123513 0.15666965 0.29968357 0.19113918 0.23961321 0.19708909 0.46845518 0.34009821 0.030358684 0.75020324 0.52193263 0.94430069 1.1845525 1.1439808 1.3841102 1.3346409 2.0065309 2.5517939 3.4603141 5.6629763 8.6618739 0.24985457 0.23562235 
0.0061770184 0.00497432 0.055028836 0.22577591 0.094766686 0.051663117 0 0.13646585 0.060200547 0.10433527 0.12263433 0.12393857 0.10598105 0.17390376 0 171.99362 0.28951963 0.14621307 0.15111329 0.080083107 3.5527137e-15 0.065328743 0.28893263 0.27810673 0.39886594 -3.5527137e-15 0.12258812 0.13094049 0.033121102 0.23478583 0.081892882 0.014502217 0.042798644 0.064907936 0.0045227049 0 96.157354 0.0034289976 0 0 0 3.5527137e-15 0.0054236522 0 0.002727691 0 0 0 0 0 0 0 0 0 0 0 0 0 0 0 0 0 0 0 0.016831834 0.13279889 0.049521081 0.28412771 0.2871765 0.39376896 0.38976911 0.34158632 0.45889393 0.49118957 0.6026715 1.2318805 1.1094814 1.02575 1.1653897 1.4954029 1.8857641 0.21027178 5237.6929 2.1693962 0.55990777 3.0358639 7.4427211 0.45819103 
0.0030479804 0.0012493611 0.32911808 0.16139265 0.17044414 0.18693157 0.26597146 0.12625003 0.097787825 0.18750504 0.094010996 0.043235041 0.074453444 -3.5527137e-15 0.12399031 0.065176782 0.37943012 0.1499991 0 0.03756501 0.031492884 0.28106768 0.47558156 0.15700061 0.0023470949 0.17254481 0.093290496 0.27997681 0.069938371 0.02970886 0.0076211108 0.077282837 0.005265275 0.0062189378 0 0 9.8476201 110.08251 15.455895 0.017655969 0.047808295 0.033245414 0 0.0072397982 0.018239362 0 0 0 0 0 0 0 0 0 0 0 0 0 0 0 0 0 3.5527137e-15 0.02726058 7.1054274e-15 7.1054274e-15 0.13828887 0.18025765 0.20325372 0.20274379 0.1733317 0.088881768 0.074172323 0.4480415 0.64384055 0.87769635 0.54137686 0.561172 0.54205313 0.18154508 0.33051536 0.13280582 375.97049 0.16854896 3.0583876 1.8884145 1.292484 8.5328955 
133.80269 0.20263192 0.036402831 0.0050337135 0.10798761 0.23390302 0.26355026 0.1890608 143.02663 67.85552 -7.1054274e-15 0.08488441 0.16087057 0.27025923 0.04909783 0.52066453 0.16741437 0.18840949 0 0.10585948 0.30642395 0.19098781 0.46249966 3.5527137e-15 0.071459103 0.090068819 0.28507226 0.30288023 0.052723801 0.044141832 0.052675671 0.011276781 0.076953635 0.024886354 0.012036971 0 0 0 130.17201 0.017360129 0.026681152 0 0 0.037075207 0.03310024 0 0 0 0 0 0 0 0 0 0 0 0 0 0 0 0 0 -3.5527137e-15 0.023321006 0 0 0 -3.5527137e-15 -1.0658141e-14 0.067916659 0.21845961 0.17675714 0.14937529 0.30548693 0.28592434 0.25025132 0.19954736 0.17547096 0.20426668 0.13059251 0.046423672 0.062065301 0.10558108 0.19325709 0.33044308 9.8221641 5.6990412 4774.5954 
112.7608 0.14784456 0.035861337 0.10117179 0.25069774 0.15972655 0.3160298 0.15337285 40.615148 11.763548 0.19915715 0.082757729 0.23275091 0.24181496 0.10032317 0.54345313 0.23520604 0.36224934 -3.5527137e-15 0.42745183 0.37204207 0.05424671 0.73694477 0.10592089 0.049306019 0.19181426 0.37985761 0.25779533 0.064336412 0.0019211872 0.033568911 0.061324537 0.032953293 0 0 0 0 0 0 0.050068551 8.8817842e-16 151.25811 23.310143 0.0025031952 0.020870767 -3.5527137e-15 0 0 0 17.464696 8.8817842e-16 0 0 0 0 0 0 0 0 0 0 0 -3.5527137e-15 0 0 0.041961104 3.5527137e-15 -3.5527137e-15 0.064242378 0.18545552 0.11384199 0.17755484 0.20369807 0.12899052 0.31040607 0.21818857 0.17447612 0.13126216 0.18050726 0.052854424 0.03073074 0.043292863 0.069318726 0.108424 0.052408008 0.16309927 0.48420581 5.7262132 
230.16823 0.015412755 0.17463596 0.19288002 0.093422453 0.15896724 0.16876742 0.17840083 0 0 0 0.26401364 0.50881983 0.18511549 0.42887258 0.48717858 0.31520667 0.77451386 0.31933928 0.28900236 0.15619136 0.40965144 0.19267411 0.081613714 0.3515584 0.1266571 0.28543068 0.08673933 0.067013939 0.030158352 0.046106364 0.044360068 0.027223061 0.083455518 0.02004241 0.0031631779 0.032149009 0 0.05017181 0.0010578044 -8.8817842e-16 0 223.64637 0.066144251 0.0087241638 0.020933226 0.032649559 0 0 0 0 0 0 0 0 0 0 0 3.5527137e-15 -4.4408921e-16 0 0 7.1054274e-15 0 1.0658141e-14 -3.5527137e-15 3.5527137e-15 0.11831429 0.11455018 0.059390407 0.12590853 0.2343321 0.2034475 0.13751302 0.14796157 0.11690398 0.093079914 7.9936058e-15 0.036169096 0.029361087 0.061431711 0.03490827 0.098394428 0.28437602 0.34699101 1.73641 0.88283261 0.54596107 
0 0.10859212 0.11762281 0.18538291 0.17117175 0.22691558 0.0662904 0.15197637 0 0 0.067488233 0.43833249 0.40020768 0.43927346 0.76198249 0.19997362 0.50517181 0 0.30873203 0.34559375 0.063064857 0.25611151 0.048337049 0.20133985 0.17302831 0.42411037 0.11782554 0.031137768 0.065936135 0.063851683 0.11747848 0.070392628 0.028395699 0.047449452 0.020547831 0.039132493 0.018124873 0.0097771662 0.068858749 0.034975831 0.017728232 0 0 132.95501 0.12098161 -7.1054274e-15 3.5527137e-15 0.028920221 0.017551481 4.4408921e-16 0.0052585922 0 0 0 0 0 0 69.393543 4.4408921e-16 0.0040894199 0 0 0 0 3.5527137e-15 0 0 -7.1054274e-15 0.097542847 0.14262945 0.28544459 0.17298112 0.094541313 0.063784082 0.050642726 0 0.0359026 1.0658141e-14 0.17480693 0.15255131 0.31898861 0.96338951 1.0080469 0.49969108 0.22776969 0.19575765 0.16071271 0.23341099 
0.086584081 0.10242131 0.27051994 0.069578973 0.14717688 0.12606287 0.19943249 0.28471238 0 0.26322269 0.34699498 0.45198465 0.79444839 0.58015084 0.22539501 0.44459766 0 0.20121346 0.22331772 0.14413877 0.27328485 0.26243184 0.17439166 0.40140161 0.11978729 0.27227849 0.006079317 0.090078518 0.2649231 0.3187481 0.18217458 0.048107633 0.050089103 0.1083346 0 0.020880939 0.041336552 0.08988306 0.056480907 0.028514257 0.09847515 0 0 25.081134 59.357009 0.0086226183 0.04824169 0.0089802125 0.009453513 0.0063825003 0.016601227 0 0.021857536 0 0 3.6390526 0 0 28.233108 0.0030191907 0 3.4987524 0 0 3.5527137e-15 -7.1054274e-15 0.027171033 -7.1054274e-15 0.051623549 0.059606158 -1.4210855e-14 1.4210855e-14 0 7.1054274e-15 -7.1054274e-15 0.030450237 0.092021171 0.56981523 0.34322527 0.10714534 0.30423051 0.20129922 0.21088971 0.1631232 0.077851335 0.099547275 0.30299556 0.087337682 
460.28543 0.16693164 0.13344127 0.067589559 0.23402033 0.050696472 0.25284063 0.30661531 0 0.45989919 0.62172484 0.8581154 0.89382467 0.28928616 0.61235921 0 0.32948533 0.23471341 0.084518507 0.088229833 0.26050126 0.68434243 0.070330694 0.056009695 0.27115655 0.38859503 0.17310038 0.21452072 0.10744274 0.11693324 0.096543438 0.085787947 0.095296316 0.0094211388 0 0.048539688 0.10072493 0.047315426 0.064581883 0.13181522 0.00050895277 0 0 0 84.045821 0.061042131 0.02494362 0.020682753 0.012790588 0.017938861 0.00050627804 0 0 0 0 -4.4408921e-16 0 0 0 0 0 0 0 0 0.0090743918 3.5527137e-15 0.026709649 0.075022853 0 0.039365214 1.0658141e-14 0 -3.5527137e-15 0.018920671 0.12524333 0.4112679 0.29564779 0.23679451 0.20466999 0.083754717 0.15685409 0.12794287 0.1069791 0.084551926 0.11121026 0.23216183 0.14146923 0.054737737 
204.31112 0.3539961 0.35691548 0.26125331 0.12014076 0.22707512 0.35804289 0.24757156 0 0.49484802 0.39504256 1.5774358 0.28347067 0.53791214 0.46739639 1.0757886 0.37654277 0.1726236 0.065649655 0.37080106 0.60167156 0.4703388 0.33204218 0.13995537 0.33634083 0.45533819 0.26703745 0.060579765 0.29593522 0.13919003 0.073711487 0.058567342 0.0075035759 0.011516489 0.057320866 0.087865606 0.059086999 0.12965646 0.064385811 0.12717473 -3.5527137e-15 0 0 0 89.369528 0.078286452 0.026985244 0.060667965 0.019389407 -7.1054274e-15 2.6413716e-05 -3.5527137e-15 0.018620052 1.110223e-16 0 64.189059 0 0 0 0 0 0 0 0 0 0.042120997 1.7763568e-14 -3.5527137e-15 -1.0658141e-14 -1.0658141e-14 0 0.019555155 0.088997935 0.072940162 0.20542045 0.20884532 0.12596762 0.16017581 0.10667346 0.1539934 0.15038993 0.047573975 0.097521177 0.19692572 0.19540646 0.25974401 0.12338405 0.25477053 
299.93108 193.71581 0.36272459 0.37737725 0.18557773 0.46048325 0.4546451 0 0 0.45404309 2.0908837 0.72824618 0.068014509 0.33024147 -3.5527137e-15 0.32838532 0.16237053 -1.4210855e-14 0.10611216 0.62438779 0.41080127 0.45633626 0.37423032 0.28520276 0.87881619 0.1070716 0.10803611 0.27814063 0.017048998 7.1054274e-15 0.084600885 0.002263666 0.022675187 0.09939208 0.079416996 0.055318415 0.21449888 0.11371104 0.14797625 0.088879858 0.0083117272 0.0019492259 0.0036517633 0.09068454 0.10096049 296.8148 0.04017056 0 0 0.00065108738 0.025860833 0.015360415 0.0042608117 0.036597361 0 0 76.070878 0 0 0 0 0 0 0 0 0 0.023242621 -7.1054274e-15 -7.1054274e-15 0 0 3.5527137e-15 0.043642214 0.07651145 0.097674863 0.027887579 0.11996219 0.11021495 0.08237334 0.030470691 0.037449224 0.029827043 0.022156699 0.15509499 0.13328219 0.30698344 0.31418745 0.52017477 
1.4451321 0 0.25969463 0.26191595 0.41131685 0.23631348 0.21141779 0.093417444 0.03339748 0.82694627 1.4790252 1.2384941 0.28500772 0.40491658 1.7327722 0.20430476 -3.5527137e-15 0.068100452 0.81723926 0.67759357 0.69464207 0.23553226 0.25614461 0.75841846 0.63058416 0.2911249 0.172978 0.13602402 0.080131011 0.058770497 0.011893901 0 0.093996984 0.034993086 0.084132121 0.1007109 0.089102278 0.065966626 0.11263682 0.040500061 0.12303777 0.090209369 0.13302311 0.30468616 0.043692623 0.028749198 0.020361287 0.00049283552 0.010907463 0.014635445 0.024645814 0.059305051 0 0 0 0 6.3999009 0 0 0 0 0 0 0 0 0 -7.1054274e-15 -7.1054274e-15 -7.1054274e-15 3.5527137e-15 -3.5527137e-15 0 0.053936937 0.10330429 0 0.04842289 0.18638228 0.10424805 0.20705587 -3.5527137e-15 0.086565541 0.034602841 103.10646 0 0 0 3.5527137e-15 0 
0 155.88103 0.17876539 0.31221129 0.42931165 0.29875906 0.30513232 0.15234315 0.2368816 0.92747872 1.7515794 0.2893129 0.43415392 0 0.35712601 0.1311904 0.14428317 0.11188029 1.0261099 0.58479024 0.25667532 0.40366688 0.41036944 0.89259026 0.19767639 0.15958598 0.26551376 0.090621267 0.03586508 0.28855621 0.069362505 0.27012051 0.067289669 0.074022382 0.089307196 0.15239863 0.21532291 0.24084029 0.21711968 0.2256125 0.37771047 0.10643132 0.022834648 0.033200044 0.057882158 0 0.0040871907 0.056030436 214.64982 0.031891259 0.084054427 0.014983425 3.5527137e-15 0 0 0 0 0 0 0 0 0 0 0 0 0 0 0 3.5527137e-15 3.5527137e-15 0 0 0.074802308 0.044295657 -7.1054274e-15 0.093063499 0.14747858 0.15098808 0.078996708 0.1158393 0.12328161 212.07431 17.304266 0 0 0 0 0 
0 128.53477 0.20458125 0.26558002 0.41812171 0 0 0.1980841 1.6644154 2.8898497 0.72232327 0.82199449 3.5527137e-15 0.65669709 0.15727758 0.04293903 0.01789571 0.58439558 0.6083109 0.33518276 0.21995859 0.47874802 0.43108015 0.46237458 0.03731489 0.302319 0.02810047 0.044825182 0.14853742 0.026981067 7.1054274e-15 0.10866467 0.049738794 0.076458445 0.087932946 0.12831759 0.49258054 0.59388811 0.055028922 0.040469674 0.09806446 0.11359057 0.044269336 0.015306557 0.0019407133 0.040223382 1.7763568e-15 0 0 211.68712 0.05415559 0 3.5527137e-15 0 0.037588005 0 -4.4408921e-16 -3.5527137e-15 0 0 0 0 0 0 0 0 0 0 0 3.5527137e-15 0 3.5527137e-15 0 0.024922729 0.012344513 0.085462761 0.073727004 0.09642996 0.086351664 0.084305874 0.14015939 0.089217715 0 0.056037405 0.075381883 0.061637165 0.085461364 0.17529485 
0 0 116.16521 0 0 0.28012002 0.22719071 0.51722144 0.54606199 1.4209071 0.41679766 0.016541484 0.17512234 0.2511742 0.094146374 0.18344089 0.20677653 1.3943221 0.34096954 0.24153398 0.42214148 0.35877343 2.0223997 1.3365849 0.027986986 0.021264295 0.053153946 0.16648049 0.030883525 0.1350524 0.072057578 0.09208047 0.12702757 0.043944733 0.56722166 0.51421421 0.34468053 0 1.4988011e-15 -3.6082248e-16 0.034061153 7.1054274e-15 0.023432018 1.0658141e-14 0 0 0 0 0 0 168.69862 0.035723426 0 0.027922241 0 0 -3.5527137e-15 0 0 0 0 0 0 0 0 0 0 0 0 -3.5527137e-15 0 0 0 0.019208819 0.025546522 0.012885334 0 0 0.017565341 0.017736114 0 0 3.5527137e-15 3.5527137e-15 0.18844583 0.079591464 0.13653621 0.046179188 
0 0 21.033662 0.40046542 0.22984108 0.37752745 0.4617316 2.4224029 0.29735619 1.8746748 0.020704444 0.46167207 0.39865439 0.22348146 0.043823346 0.15216553 0.33080494 0.41010805 0.32937872 1.5738945 0.77951102 0.40871355 0.20584438 0.14916805 0.15359677 0.051036418 0.14288719 0 0.11114489 0.15601178 0.071205779 0.13642591 0.17999376 0.36112664 0.4451022 -3.5527137e-15 -3.5527137e-15 0.047911951 0.080705842 0.029501628 0.15389779 0.046976355 -3.5527137e-15 0.014326318 0.048486838 0.016268051 0 0 0 0 45.261892 40.080709 3.5527137e-15 0.063539042 -7.1054274e-15 -3.5527137e-15 0 0 0 0 0 0 0 0 0 0 0 0 0 0 0 -3.5527137e-15 7.1054274e-15 -3.5527137e-15 0.02761512 3.5527137e-15 0.018559134 0.017590848 0.018063671 0 0 0 0 0.049550233 7.1054274e-15 0.17831621 0.20021252 0.31320654 
0 0 0 0.20150052 0.72811167 0.68214645 0.41332456 0.049250702 3.4569422 0.2919041 1.1689935 0.27422405 0.13392127 0.083690989 0.12706063 1.2112975 2.2311193 1.5756575 0.26319881 0.055939525 0.18914425 0.14726471 0.28084454 0.095643055 0.085739365 0.20211715 0.0031160096 0.099578496 0.13406941 0.033911012 0.078953213 1.1643106 0.76748256 0.63350728 0.043061613 0.043049014 0.050235764 0.065241239 0.060172371 0.01383948 0.054351566 0.078430878 0 0.062633664 0.010138134 0.020851365 0 0.028540469 0 0 0 57.433016 0.069348813 0.013228628 0.0062070646 0 0 0 -7.1054274e-15 0 0 0 0 0 0 0 0 0 0 0 0 0 -3.5527137e-15 0 7.1054274e-15 0.036483706 0.096328599 0.029587696 3.5527137e-15 0.032948003 0 3.5527137e-15 3.5527137e-15 0 -3.5527137e-15 0.25788091 0.17224297 0.14254714 
0 0 0 0.58166428 0.6094769 0.94187914 0.85936665 0.11608771 1.947866 1.2310287 0.51789361 0.22771094 0.2069584 0.51171666 1.3099027 0.19463461 0.13923626 0.039476137 0.15220297 0.2990156 0.25203337 0.27728294 0.059288113 0.053429107 0.01235906 0 0.10460821 0.026711357 -3.5527137e-15 -3.5527137e-15 1.5392513 0.58717719 0.40747258 0.12164878 0.065924395 0.088186744 0.051518718 0.15409345 0.060462961 0.078456044 0.1072189 0.069955775 0.05479822 0.0088214524 3.5527137e-15 0.0069121845 0 0.016936736 0.012934372 0 0 123.73667 77.570484 0.031304078 7.1054274e-15 0.026982306 0.020581311 0 7.1054274e-15 0 0 0 0 0 0 0 0 0 0 0 0.026032491 0.036803538 0.04369471 3.5527137e-15 0.031464252 0.062669873 0.072054411 0.024547371 0.07143506 0.10050654 0.14156487 0.10345725 0.062022644 0.23505189 0.33360403 0.081508508 0.18930741 0 
0 3.5527137e-15 -3.5527137e-15 0.33929354 0.29358125 0.69956069 1.2045891 1.1593216 1.1110905 0.67908341 0.65045647 0.29477939 0.69362724 0.66321748 0.28909138 0.023526243 0.081305637 0.13829256 0.29470761 0.45325668 0.21320132 0.10612424 0.11028131 3.5527137e-15 0.082400143 0.088825998 0.060377181 0.057273478 0.097509294 0.88770461 0.56047129 0.15702401 0.19174581 0.049434692 0.096589204 0.23715328 0.13580846 0.054752981 0.051082853 0.045649971 0.035891441 0.046682716 0.061096497 0.011915277 0.009837635 0.025719112 0.031912527 0 0 0 0 0 152.95247 0.044203794 0.0087861451 0.0072676086 0.027836851 0.020530463 0 0 0 0 0 0 0 0 0 0 0 0 0 0.0030889221 -7.1054274e-15 0.0814191 0.05231464 7.1054274e-15 0.042760796 -3.5527137e-15 0.046831916 0.097660218 0.21739221 0.014472746 0.26682819 0.88361175 0.67103733 0.53768117 1.1694343 1.807977 
1.7763568e-15 0 0 0.30251821 0.65911379 0.50972175 1.0690774 1.7749872 3.2278617 0.55119214 0.2871006 0.25497376 0.46641914 0.33738748 0.18403956 0.097274518 0.12653711 1.4435318 0.3572393 0.27927207 0.097213542 0.047957282 0 0.25021344 -7.1054274e-15 0.15932871 0.063737593 0.057978589 0.47250719 1.3020367 1.180683 3.5527137e-15 -3.5527137e-15 0.21748914 0.17420725 0.14021161 0.053892077 0.11383838 0.070009517 0.10927135 0.049440104 0.045928021 0.060568631 0.0075153349 0.0037413807 0.064695577 0 0 0.009290705 0.034899829 0.10646778 0.047894565 -3.5527137e-15 0.026422225 0 0.0041796548 0.05323036 0.062202994 0.071543567 0.022490477 0 0 0 0 0 0 0 0 0 0 0 0.020487178 0.012237539 0.14900898 0.079261212 3.5527137e-15 0.078667732 0.050524706 0.096007098 0.79674884 0.050122732 0.47959749 0.47714105 0.047193114 1.0131546 0.65236825 0.82027208 2.5054786 
0 0 -3.5527137e-15 0.56221597 0.75742367 0 337.25679 3910.9233 0.66517295 0.48708176 0.34605405 0.2905801 2.8215305 0.12875345 0.27974381 0.57481331 3.7932062 0.340226 0.23813524 0.021670484 0.04919788 0.012154441 0.27002853 0.019146981 0.42369881 0.27443981 0.24142419 0.057361833 0.54393417 0.72497099 0.12859989 0.27387309 0.17604917 0.23688986 0.21819513 0.26455883 0.089749718 0.043804507 0.099070115 0.024953337 0.11043132 0.014317182 0.01548533 0.011059448 0.0057547222 0.040580772 0.051936465 0.076823945 0.097477145 0.17198917 0.062960742 0 0.048577881 1.7763568e-15 0.026994224 0.058507531 0.018399046 0.010959388 0.02621807 0 0 0 0 0 0 0 0 0 0 0 0 0 0 0.076622852 0.19302721 0.076212341 0.25924314 0.1251356 0.45230017 0.095351588 0.20290145 0.58702928 0.69376505 0.76556831 0.76042227 2.038677 1.3793478 0.30573121 
0 0 -3.5527137e-15 0.46898314 0 0.72279247 0 0 1793.501 0.20694954 0.17810976 2.8757494 0.39375017 0.33748641 0.36960992 0.81494307 0.21123284 0.23661703 0.36361361 0.27046715 0 0.19871445 0.050873207 0.26328889 0.18815106 0.1429014 7.1054274e-15 0.97577723 0.70798122 0.19469652 0.31705649 0.060488151 0.21593459 0.18079673 0.20614527 0.33885466 0.16441222 0.079565702 0.084627708 0.1017825 0.010384587 0.11997984 0.077883448 0.0085124292 0.036589398 0.15028369 0.096550725 0.15492925 0.13529982 0.070039444 0.0038142761 0.11641873 0.10565782 0.070395785 0.085317508 0.062034167 0.05575035 0.043100939 3.5527137e-15 -7.1054274e-15 0 0 0 0 0 0 0 0 0 0 0 -3.5527137e-15 0 0.014633788 0.027987551 0.20901941 0.30029246 0.24853029 0.38185775 0.3031715 0.63334932 0.54402816 0.92912287 1.3030115 0.95845155 0.50244613 0.44690865 0.27803499 
-3.5527137e-15 0.073459701 0.010162535 0.40965998 1.731182 0 0 0 0 1558.0469 23.510939 3.8124727 0.57418932 1.5644541 0.71334175 0.21878378 0.50752308 0.43651336 0.25891554 0 0.14573773 0.084609012 0.166288 0.16618733 0.300933 0.3184913 0.53602724 0.61165041 0.25825166 0.077687899 0.19703972 0.16007593 0.24797946 0.20048628 0.2510678 0.29555525 0.065169621 0.12819235 0.057506783 0.062161128 0.13320723 0.083076803 0.099543308 0.17212939 0.073235434 0.10964685 0.28690151 0.073947374 0.043362472 0.014219631 0.14809932 0.10209263 0.12564622 0.15052655 0.063457162 0 0 0.012423778 0.075123253 0 0 0 0 0 0 0 0 0 0 0 3.5527137e-15 0 0 0 0 0 0.029086288 0.16066615 0.18856243 0.099065962 0.057726464 0.087558595 0.1557792 0.031099284 0.22321547 0.44377025 0.12780217 0.10557687 
-3.5527137e-15 0.0087003661 0.13738579 0.95466836 0.12163602 0 0 0 0 0.095354143 2.6395278 0.663175 2.3760215 0.40858648 0.42760323 0.6700269 0.32677965 0.37549538 0.00013447502 0.065069659 0.10544683 0.090344725 0.42240894 85.657032 0.41096057 0.51187423 0.76787683 0.25995926 0.31583846 0.42609963 0.27849111 0.34496584 0.18239363 0.29241541 0.28782117 0.23525797 0.12975178 0.020119989 0.031378182 0.14895094 0.0081826393 0.14049536 0.12373972 0.085333477 0.070670983 0.21444833 0.1486497 0.14615529 0.039491575 0.012239125 0.11402014 0.12187758 0.12728047 0.038556737 0.13049556 0 175.34687 0.043457357 0.038437107 0.020404896 0 0.015064415 0 0 0 0 0 0 0 0 0 3.5527137e-15 0 0 0.022317676 0.11175717 0.050993135 0.084296604 0.10634014 0.11082343 0.085206 0.04973952 0.23517446 0.29322638 0.24907654 0.027495641 0.064822922 0.17462581 
0.080225923 0 0.073563378 0.069613435 1.2807272 0 0 0 0 1.0339584 3.6495908 3.2177657 0.68963323 0.45803777 0.53497884 0.38488463 0.15514693 0.00010228151 0.038998507 0.19112929 0.20521449 0.061228258 0.14406667 0.32568199 0.29099059 0.93338876 0.62004236 0.41407121 0.37906839 0.34897611 0.37167491 0.32909494 0.25575225 0.27850747 0.46028138 0.11161247 0.17771716 0.068312964 0.08990747 0.082972904 0.066796441 0.369198 0.16509686 0.17324467 0.13410192 0.36426639 0.12714681 -5.3290705e-15 0.072734908 0.20325851 0.15518655 0.37706359 0.083620906 0.098450343 0.035701444 0.01053595 0.002314898 17.791134 0.031614567 0.023328276 0.014119615 0 0 0 0 0 0 0 0 0 0 0 0 0 0.035886304 0.09261209 0.036219378 0.040274316 0.053144339 0.070745668 0.26346976 0.3928212 0.16645565 0.072068993 0.11970757 0.020570676 0.08856415 0 
0.042331611 0.080194287 0.070213305 2.1584212 -3.5527137e-15 3.5527137e-15 0 0 0 0.88232906 4.03412 0.76072942 0.48332725 0.57817763 0.29965551 0.10423765 0.27764716 0.175465 0.28187899 0.19592964 0.22328239 0.087461014 0.2887845 0.46040183 0.48786066 0.91598221 0.40294808 0.10689443 0.38383177 0.011494117 0.044032684 1.0415277 0.21896104 0.13665949 0.16107445 0.1915502 0.15970081 0.20867973 0.071625638 0.1090047 0.16124937 0.3731982 0.16904361 0.30598735 0.20610588 0.22022227 0.00054669718 0.13604614 0.36910958 0.15733718 0 0.11411372 0.10089695 0.080592904 0.031320887 0.027294247 0.012917206 0.0024951484 0.011608327 0.056231439 0.047894026 0.00012923531 0.00068826027 0 0 0 0 0 0 0 0 0 -7.1054274e-15 7.1054274e-15 0.028042534 0.055735079 0.029485904 0.053332905 0.0160062 0.1583271 0.18644794 0.096735037 0.14069524 0.13920363 0.022451018 0.024618069 0.032779406 0.06180473 
0 0.19890597 2.0080504 0.7838759 -3.5527137e-15 0 0 0 0 4.6075497 5.9462649 0.58775106 0.50678164 0.21106296 0.11427104 0.3624252 0.30204249 0 0.26482043 0.19539605 0.17766901 0.19624636 0.96522285 0.61936341 0.43037648 1.1401079 0.28465132 0.26843811 0 0.31705179 0.24178907 0.84319073 0.20364942 0.16131704 0.096676996 0.14705428 0.57569689 0.10917082 0.18036194 3.5527137e-15 0.17583015 0.15296036 0.2673392 0.15258246 0.17570571 0.20440884 0.19357811 0.45367913 0.27163664 0.071572368 1.0658141e-14 0.13203268 0.16242043 0.06146749 0.059913549 0.077529004 0.018928723 0 0.039473501 0.026307506 0.00049608963 0.0023923544 0.0044532275 0.018884067 0 0 0 0 0 0 0 0 0 0.0021128627 0 0.046768893 0.011694842 0.033980386 0.03157688 0.1397576 0.14101965 0.10311448 0.047373792 0.026311228 0.20679552 0.091584814 0.10859697 0.058057331 
0.11561419 2.0996575 2.0845306 0 -3.5527137e-15 0 0 0 0 0.88123659 2.7568706 1.6934654 0.1980419 0.12695877 0.241493 0.34361023 0.57117891 0.41113752 0.21336333 0.15482849 0.17763589 3.5004768 1.2378368 0.26199439 1.2170245 0.18132182 0.29709621 0 -3.5527137e-15 0.11981202 0.11425169 0.97890767 0.1702477 0.048144716 0.20909544 0.038055351 0.27221484 0.14042411 0.18665994 0 0.17477102 0.13772991 0.18935031 0.19571515 0.33691768 0.38782263 0.44703695 0.31573786 0.1643172 0.15629664 0.12308708 0.26109161 0.079711219 0.13917273 0.0040208004 0.076256244 0.052026313 0.029108438 0.0371447 0.10650107 0.0046166264 0.0043232419 0.017762557 0.011978733 0.011725613 0 0 0 0 0 0 0 -3.5527137e-15 0 0 0.0048368498 0 0.084530947 0.046919092 0.20659342 0.062437797 -7.1054274e-15 0.0051005041 0.032291235 0.016664919 0.053421061 0.04435619 0 
0 0.85169669 0.84134399 -7.1054274e-15 0 0 0 0 3.5527137e-15 0 3.6611601 7.3214625 0.12152743 0.22232115 0.85671053 0.026830193 0 0.84881442 0.16400576 0.38683779 4.1938597 0.82584135 0.3000409 1.2077993 0.61736507 1.1570577 -7.1054274e-15 0.42207693 0.43174637 0.30392464 0.69565895 0.57126039 0.071128109 0.017560083 0.20669121 0.28487121 0.22216112 0.523202 0.48784645 0.028433568 0.17957806 0.48357019 0.70032137 0.1566032 0.21470118 0.24877014 0.13640206 0.1945332 0.19920389 0.23310103 0.13419667 0.11842759 0.1318319 0.2889373 0.10971875 0.097613436 0.065057183 0 0.00097767506 0.017347877 0.037586465 0.010548055 0.042480396 0.015296861 0.01382728 0.01633928 0.0053591721 0 0 0 0 0 0 0 0 -7.1054274e-15 0 3.5527137e-15 0.041278892 0.083893462 0.014979734 3.5527137e-15 0.064844101 0.010483519 0.026773737 0.035347383 78.253204 5.6976324 
0.15465129 1.9526476 -3.5527137e-15 0.018374979 0 0 0 0 0 -7.1054274e-15 8.7724948 6.7461123 0.47684722 0.33490884 0.014367476 0.79327839 0.67323819 0.49718988 0.16094424 0.51135649 0.75879163 0.64847276 0.88451994 1.2773637 -7.1054274e-15 0.048784954 0.11214652 0.6465057 0.30189797 0.55158759 0.77426257 0.23091896 0.22496061 0.16754416 0.19946058 0.17043618 0.24349129 0.31667207 0.27251051 0.24536398 0.71500604 0.89472421 0.29164208 0.11181674 0.088235885 0.35726204 0.1629834 0.15689843 0.21387223 0.19510301 0.092395703 0 277.54467 32.976793 0.1257435 0.065528244 0.10108552 0.071394704 89.27179 13.632775 0.085556781 0.04726614 0.074928596 0.030611605 0.011182876 0.014193599 -3.5527137e-15 0 0 0 0 0 0 0 0 0 0 -7.1054274e-15 0 0 0.017544316 3.5527137e-15 0.014639436 0.017117031 0.069737699 0.0079635639 120.16065 0 
1.8772587 1.2725094 0.068979376 -3.5527137e-15 0.034279306 0 0 0 -3.5527137e-15 0 5.4744732 14.223225 0.3481218 -3.5527137e-15 0.66747277 0.28515748 0.29032946 0.41930361 0.62818609 0.66844078 0.88508854 1.2173039 1.2143672 7.1054274e-15 0.71076374 0.063248801 0.32622429 0.33939368 0.39687299 0.95929372 1.3672753 0.14870571 0.23955579 0.33090058 0.016682688 0.17974404 0.15684247 0.22144101 1.5059304 0.33472332 0.31711038 0.23001492 0.14663684 0.15758783 0.11768036 0.14680404 0.004539052 17.767937 212.52075 272.35353 0 0 0 142.01276 323.69236 0.065836581 0.092467791 139.63774 51.807104 159.15621 216.37154 0.18394829 0.15091476 0.059518044 0.041301949 0.098493289 0.0033476073 0 3.5527137e-15 0 0 0 0 0 0 0 0 0 -3.5527137e-15 0 0.0035315496 0.010405103 0.01250252 0.034331147 0.024066906 0 29.888721 0 
2.7247488 3.5527137e-15 0.003986922 7.1054274e-15 3.5527137e-15 0 0 0 0.040724277 -3.5527137e-15 6.9332307 6.8194905 0.24624953 0.86274128 0.43353881 0.18894124 0.46753548 1.4570433 1.554166 1.5178109 0.87605526 1.0159661 0.65093229 0.031838736 0.37298222 0.2772814 0.40773732 3.1124833 8.3172002 5.7209807 2.8681234 2.4409365 1.590815 1.9994826 1.5699535 1.2751133 1.6234199 0.97956173 0.72626884 0.76563021 0.43185326 0.58364439 0.32617149 0.12572741 0.20682909 0.074927923 0 15.485077 0 0.67611312 0 0 0 0 164.23083 0.24442263 0 0 0 0 213.04448 0.08425016 0.066189192 102.1384 0.0074824618 0.038244296 0 0.021872198 -3.5527137e-15 0 0 0 0 0 0 0 0 0 0.011440019 0 0.012264999 0.04698507 -7.1054274e-15 3.5527137e-15 3.5527137e-15 -2.1316282e-14 175.29426 0 
1.0508085 0.083928756 -7.1054274e-15 0 -7.1054274e-15 0 0 0 0 0 3.2188224 4.6959752 -3.5527137e-15 0.82672586 0.40474548 0.10175936 3.8841014 0.35832205 0.65722136 0.19929422 3.5527137e-15 0 1.3002106 15.58683 4.0414927 6.1742312 11.925587 1.4376011 5.6508991 2.0017219 2.5784597 2.598233 1.3411335 1.5707191 1.2204417 1.084789 1.1713512 0.83731201 0.82186876 0.74888045 0.62646957 0.23647444 0.36159977 0.18459697 0 0 0 0 0 0 0 0 0 0 34.195088 0 0 0 0 0 143.59508 0.15284903 0 100.48111 98.421772 0.0088506858 0.028048465 0 -3.5527137e-15 0 0 0 0 0 0 0 0 0 0 0 0.042852139 1.4210855e-14 -7.1054274e-15 0 0 0.03273975 0 0 
0.11336238 0.032709841 0.03606215 0.0084082134 0.040253844 0.017935675 0 0 0.03939441 1.0569455 4.4048831 12.042758 -7.1054274e-15 0.76871655 0.36221921 1.0486039 1.6827366 0.38521913 0.60548887 0.16066597 20.527012 7.2134436 5.2844659 5.9693624 1.5600878 3.4260571 0.65623328 0.049414997 0.03849649 0 0.001551327 0 0.014227981 0.0043307336 0.0069285222 0 0.084917625 0.043128856 -3.5527137e-15 0 0 -3.5527137e-15 0 0 22.934475 0 0 0 0 0 0 0 0 0 0 117.19022 0 0 0 0 0.10959666 8.0399819 0 0 68.092437 118.41699 0.023465767 -3.5527137e-15 -3.5527137e-15 0 0 0 0 0 0 0 0 0 0 0 0 3.5527137e-15 -8.8817842e-16 -3.5527137e-15 0 0 76.656833 80.54191 
226.90258 0.029147659 0 0.084407413 0.056830652 0 -3.5527137e-15 0 0.78228162 7.7246448 7.4291659 0.88304184 0.62730232 0.60650963 4.658384 28.41957 9.1631376 6.0718813 7.3830049 3.5419091 2.0144737 0.38897487 6.6311136 0.082873828 0.037864838 0.070578929 0.017133704 -7.1054274e-15 3.5527137e-15 0 0.010120473 0.042097435 0.099897665 -7.1054274e-15 -7.1054274e-15 0 0 0 0 3.5527137e-15 3.5527137e-15 0 9.9791353 -1.3322676e-15 0 0 0 0 0 0 0 0 0 0 0 13.275309 0 0 0 0 0 0 0 0 0 68.217384 198.97233 0 0.0120239 0 0 0 0 0 0 0 0 0 0 0 21.869514 0 0 0 3.5527137e-15 -3.5527137e-15 16.527489 26.238734 
18.458845 0.045712018 0 0.061822854 0 0.023012678 0 0.01047171 11.485224 11.773532 13.247172 14.952624 6.5714428 12.192065 6.6399578 0.84840868 4.9952575 0.11504711 3.6573078 5.4095552 0.17295231 0.03629571 0.030118274 0.34802958 0.037760463 7.1054274e-15 -3.5527137e-15 -3.5527137e-15 0 3.5527137e-15 0 -3.5527137e-15 0 0 0 0 0 0 6.4796754 52.394362 0.17810665 0.045410684 0.023806665 7.1054274e-15 0 -3.5527137e-15 0 0 0 0 0 0 0 0 0 0 0 0 0 0 0 0 0 0 0 0 99.14475 3.5527137e-15 0.037976648 0.012639909 0 0 0 0 0 0 0 0 0 0 0 0 0 0 0 -3.5527137e-15 39.824832 0.46364346 
0.0176383 0.013147083 0.091365126 0.029930788 0.033847758 0.040831645 0.045150689 13.628065 10.210849 14.04375 28.853854 4.5121941 2.1182421 3.8751564 8.3300812 0.47153203 0.085807073 0.060451387 0.021846284 0.21579592 0.021131087 7.1054274e-15 0 0 -3.5527137e-15 0 0 0 0 0 0.042663834 0.041940533 0 0 0.026297181 0.0098602438 0.02817747 0.065416709 0.082921393 0.049217305 3.5527137e-15 0.047985492 0.11108799 0.047356201 0.053576738 3.5527137e-15 0 0 0 0 0 0 0 0 0 12.952753 -1.7763568e-15 0 0 0 0 0 0 0 0 0 94.096405 0.098842438 0 -3.5527137e-15 0 0 0 0 0 0 0 0 0 0 0 0 0 0 0 0.032906006 24.481474 35.837556 
1.7763568e-15 0.050362677 0.10435431 0 0.1424875 0.20348834 25.659467 36.802464 28.384378 14.249579 3.6642427 1.0527671 3.153684 14.55801 0.46021168 1.0658141e-14 0.12910595 0 0 -3.5527137e-15 0.038219452 0 7.1054274e-15 0 3.5527137e-15 0 2.031193 3.8813655 0.0093297584 0.10638787 3.5527137e-15 0.055515662 0.031189607 0.062235294 0.00098565455 0.0089995344 0.0038603634 0 0.07491045 0.067671595 0.031206699 0.008300101 3.5527137e-15 0 0.0069786427 0.028793208 7.1054274e-15 0 0 0 0 0 0 0 0 43.148746 8.8817842e-16 0 0 0 0 0 0 0 0 0 69.974993 32.562333 0 3.5527137e-15 0 0 0 0 0 0 0 0 0 0 0 51.863485 0 0 0 0 8.8817842e-16 0.0082777745 
-3.5527137e-15 0.079538207 0.069652506 0.061771246 0.046591405 2873.9833 20421.263 14.494448 2.8198831 0.75290911 5.6348317 14.729424 6.3188797 0.11528446 0.23864321 0.26909423 0.11859297 7.1054274e-15 -3.5527137e-15 3.5527137e-15 3.5527137e-15 0 0 -3.5527137e-15 3.5527137e-15 0 11.366657 4.5699917 0.06841116 3.5527137e-15 0.029048201 0.007385872 0.0061667321 0 0.0040479797 0.010956682 0.095619646 0.08264549 0.027958899 0.025513551 0.027203958 0.014241205 0.013921004 0.041275754 0.01182262 3.5527137e-15 3.5527137e-15 0 0 0 0 0 0 0 0 0 100.83409 0 0 0 0 0 0 0 0 0 0 159.45022 -3.5527137e-15 1.4210855e-14 0 0 0 0 0 0 0 0 0 0 0 49.990846 0 0 0 -3.5527137e-15 0 -7.1054274e-15 
10.868008 0.094989597 0.20222373 0.042268802 0.1153207 0 10027.006 36.438185 0.07390428 0.061988 7.1054274e-15 1.0658141e-14 0.089834687 0.088899136 0.043364723 0.059797059 0.10180249 0.019911225 0 0.015373339 0.050367775 0.027113831 0 0 0 0 28.20742 0.00019925765 -3.5527137e-15 0.070067628 0.044950196 0.013462834 0.027276022 0.012844927 0.033126583 0.13745024 0.12792501 0.13861752 0.065641637 0.066755892 0.033415315 0.021610545 0.066170326 0.10177933 0.012586164 0 3.5527137e-15 0.026325553 0 0 0.014464715 0 0 0 0 0 59.235145 0 0 0 0 0 0 0 0 0 0 66.391832 3.5527137e-15 -1.110223e-16 0 0 0 0 0 0 0 0 0 -3.5527137e-15 58.086343 8.302383 0 0 0 0 0 3.5527137e-15 
71.502104 0.075167515 0 0.055242934 0 140.63184 792.45029 137.9369 0.017051987 0.030938786 0.044366187 0.049340965 0.049917188 0.060012397 0.025660723 0.0555397 0.030442942 0 0 0.024435798 0.052784023 0.068364821 0.013909402 0 -3.5527137e-15 0 49.437974 31.344434 89.306898 69.253304 0 0.017376739 0.015967905 0.041009725 0.090214355 0.11047488 0.049471339 0.06246284 0.087214896 0.026570626 0.20878033 0.19042017 0.038014327 0.16227636 1.4210855e-14 -3.5527137e-15 7.1054274e-15 0 0 3.5527137e-15 0.0091654984 3.5527137e-15 0 0 0 0 52.902932 0 0 0 0 0 0 0 0 0 0 7.0143209 59.637389 -7.7715612e-16 0.016734838 -7.1054274e-15 0 0 0 0 0 0 -3.5527137e-15 141.45217 0 0 0 0 0 3.5527137e-15 0 -3.5527137e-15 
0 0.16027577 0.05290482 0 0.12359203 0 0 102.29794 0.01895827 0.024570995 0.025132865 0.030146138 0.08449637 0.058448375 0.036397002 0.032035647 0.064728619 0.06993648 0.10697639 0.02622337 0.036935733 35.566175 0.28315579 0.14058409 0.14667591 3.5527137e-15 0.039070981 -1.9984014e-15 0.10675221 19.085067 0 0.0028491618 0.10968631 0.093828072 0.11754859 0.10381075 0.23379588 0.10485909 0.47086931 0.31921891 0.22809969 0.21064602 0.041770461 0 -1.0658141e-14 0 0.032649296 0 0.0046839033 0.097107373 0.010071227 -7.1054274e-15 0 0 0 0 22.447219 0.0060803934 0 0 0 0 0 0 0 0 0 1.8541112 66.116402 1.7763568e-15 7.1054274e-15 0 0 0 0 -8.8817842e-16 0 0 0 41.572439 0 0 0 0 0 0 0 0 
0 0 0.079550257 0.73059444 0.097269802 0.059379316 0.0321773 0.037814721 0.049732883 0.066466494 0.078300871 0.22775413 0.16030834 0.24703292 0.35110088 0.34153619 0.20854159 0.2854545 0.28285098 0.24041447 0.21401138 0.094259497 0.032407811 0 3.5527137e-15 -3.5527137e-15 0 0.087850743 0.018358738 0.0056249444 0.023232649 0 0.079253851 0.12102186 0.14501627 0.12576314 0.06268436 0.4341146 0.551147 0.12979633 0.12791997 0.016440513 0.21037351 0.044929969 7.1054274e-15 0.15624116 0.021695198 0.1786442 0.058976806 0.053493619 0.013284023 0.00144078 3.5527137e-15 0.080787969 7.1054274e-15 0 26.060065 3.5527137e-15 0.035412777 0 0 0 0 0 0 0 0 21.868281 56.864703 -7.1054274e-15 1.7763568e-15 -1.7763568e-15 0 0 0 -1.6653345e-16 -1.7763568e-15 0 80.656307 0 0 0 0 0 0 0 0 0 
0.069736756 11.690164 59.069386 2.0512529 1.2367332 2.0973276 0.043881436 1.8208469 0.28613959 0.22941119 0.15313007 0.27748751 0.34575734 0.3904166 0.30858553 0.33220416 0.19654396 0.033154462 -3.5527137e-15 3.5527137e-15 -1.0658141e-14 0.048108936 0.017379694 3.5527137e-15 0 0.21793306 0.040779479 1.7763568e-15 0.055000399 0.055628689 0.1465537 0.11327102 0.66094307 0.82319059 0.66428771 0.27084775 0.42757508 0.28384227 0.092816851 0.14015088 0.029185705 0.16878256 0.25677751 0.26035413 0.1962959 0.095428433 0.11195556 0.038913859 3.5527137e-15 0.22502262 0.0094746627 0.048937744 0.052080139 0 0.023005084 0.040227148 11.324554 0.04121739 0.0071756035 0 0 0 0 0 0 0 0 0 112.98534 5.3290705e-15 0 22.971095 0 0 0 0.40801082 -1.110223e-16 20.378255 16.979093 0 0 0 0 0 0 0 0 -7.1054274e-15 
2495.2624 1306.3934 0.29308761 3.1082516 3.1388218 2.6001875 1.7200711 1.6672978 1.5978217 1.6498885 0.30464355 0.5140494 0.31827453 0.32315639 0.32202452 0.1635604 0.036729336 0.079465746 0.065289944 0.091132747 0.10272054 0.033646295 0.047263433 0.15741542 82.644483 3.5527137e-15 0.0055600752 79.08448 0.22408108 0.16845606 0.25851148 0.070436077 0.091296081 399.9766 402.27137 0.17844225 0.32171584 0 425.43677 0.29459654 0.30950429 0.41257299 0.14225177 0.078846451 0.1125072 0.12510414 0.043316591 0.07177497 0.086982828 0.038482088 0.086878566 0.02925729 0 0.016286922 0.0024554699 0.02015929 0.0079811301 0.024259633 3.5527137e-15 0 0 0 0 0 0 0 0 0 40.515677 0 0 0 0 0 0 0 0.72953238 0 0 0 0 0 0.019620385 0.0021278719 0.0053126531 3.5527137e-15 0.040945022 3.5527137e-15 
0.20768656 88.545818 -7.1054274e-15 0 0.035620479 0.030078346 3.5527137e-15 0.017951947 0.9149745 2.6854157 1.0425353 1.0386811 0.23105871 0.17258246 0.12259543 0.057677617 0.15618628 0.021358252 0.065216758 0.076639731 0.082556709 0.095208416 0.39092889 0 108.87657 0.19504462 0 157.26646 119.60236 0.32397133 0.31553422 0.26658476 0.35285155 0 1.3892551 1262.6558 0 0 149.85238 0.22892933 0.12241551 0.18932274 0.080570323 0.11355489 0.091439779 0.13553906 0.052927273 0.16385214 0.060054881 0.025395645 0.089153284 0.04474357 0.028948792 0.04491238 0.0026044402 0.0070504847 7.1054274e-15 0.041761361 0 0 0 0 0 0 0 0 0 0 0 0 0 0 0 0 0 0 0 0 0 0 0 -3.5527137e-15 0.0096188302 0 0.0024456918 0.027609425 0 0 
0.053833764 0.091577187 0.093353738 -3.5527137e-15 0.048116716 0.043514168 0.087802622 7.1054274e-15 0.041806013 0.038137111 1.0272446 1.5716056 0.99421071 0.38797865 0.16840218 0.038503739 0.2705275 0.21020931 0.077010045 1.0658141e-14 7.1054274e-15 0.34239069 0.55952546 0.36061859 0.2639075 0 0 0.091667522 0.29774946 0.29474954 0.26398626 0.24476156 0 0 0 76.694302 0.37008855 0.28119655 0.18044465 0.22429039 0.11529322 0.043019509 0.08492749 0.097303732 0.070788394 0.024951092 0.18385105 0.12220687 0.063040891 0.036220487 0.056369049 0.11503798 0.022370875 0.017582423 0.0012513957 -7.1054274e-15 0.048262641 0.047233776 0 0 0 0.048490602 0 2.220446e-16 0 0 0 0 0 0 0 0 0 0 0 0 0 0 0 0 0 3.5527137e-15 0.021303245 0.022678201 0.035342057 0.0022654549 0 0.083927997 
0.11289703 0.047469472 0.018552956 0.052880761 0.11600281 0.045773614 0.043955739 0.032900065 0.018763158 -3.5527137e-15 0 3.5527137e-15 1.0079513 0.78870155 0.25411514 0.19368329 0.32365657 -2.1316282e-14 -7.1054274e-15 0.10475214 0.19726813 0 0.035609197 0.25548697 0.043083052 0.149278 0.3736286 0.72036886 0.20437041 0.18693264 0.28116634 3.5527137e-15 0 0 0 142.98103 0.043325282 0.07244865 0.26270058 0.24117517 0.0775063 0.060681695 0.19852849 0.051884394 0.098232994 0.24564829 0.20828806 0.12568006 0.11988371 0 0.037556962 0.084597251 0.087623253 0.061129555 0.035843362 0.087978211 0.073943803 0.084684704 3.5527137e-15 3.5527137e-15 0.0069439725 0.00068460489 -4.4408921e-16 0.021187313 -3.5527137e-15 0 0 0 0 0 0 0 0 0 0 0 0 0 0 0 0 0 0.039754691 0.14078239 0.0092400326 -3.5527137e-15 0.013319886 0 
0.022688922 0.024349441 -1.0658141e-14 0.044190953 0.016992439 0.018665476 0.091485635 0.046811815 3.5527137e-15 0 0 0 0 0.079130294 0.18217367 0.054592947 0 0.093131922 0.23651234 0.26989577 0.18478329 0.092245982 0.082509905 0.048428693 0.16316854 0.28952158 0.066429527 193.02672 406.82283 0.2484271 -3.5527137e-15 -3.5527137e-15 0 0 0 0 229.16928 0.18051823 0 409.35169 0.10720124 0.10010848 0.51210311 0.22910714 0.18149637 0.091587229 0.070667915 0.047089313 0.041380753 0.12841877 0.021257376 0.013032285 0.013303851 -3.5527137e-15 0.017711986 0.082973038 0.049426935 0.03741972 0.015976565 0.044826945 0.032559089 0 0.02824133 3.5527137e-15 0 0 0 0 0 0 0 0 0 0 0 0 0 0 0 0 3.5527137e-15 0.030562033 0 0.10580988 0.030258195 0.032129997 0.031207218 -3.5527137e-15 
7.1054274e-15 3.5527137e-15 0 -7.1054274e-15 -3.5527137e-15 -1.0658141e-14 -3.5527137e-15 -3.5527137e-15 0 -3.5527137e-15 0 0 0 0.00077378238 0.0088947474 3.5527137e-15 0 333.20046 226.04632 0.017218892 -7.1054274e-15 0.12960362 0.073790897 0.075933901 3.5527137e-15 0.31309853 0.0040471281 0 34.940702 166.2056 69.774612 0.054101812 0 0 0 0 81.03742 0 0 36.805401 644.00212 0.27086168 0.2832388 0.15093828 0.016635879 0.11705205 0.23017134 3.2127079e-15 1.0658141e-14 -3.5527137e-15 0.035854785 0.041868321 0.15458265 0.020414592 0.029673752 0.060080128 0.18292056 0.059095569 0.0026486259 0.01615334 0.033094241 0 0.046170432 -7.1054274e-15 0 0 0 0 0 0 0 0 0 0 0 0 0 0 0 0 -3.5527137e-15 0.01619832 0.017061288 0.11572848 0.16368415 0.099424086 0.073299245 0.046537087 
0 0 0 103.43217 0 0.017174722 -1.9984014e-15 3.5527137e-15 0 -3.5527137e-15 0 0 0 0 53.64647 0 0 0 0 160.79731 0.14657013 3.5527137e-15 0.031947128 0 0.32158935 0.19695453 0.023125123 0 0 46.123725 0.074911789 0.025214388 0 3.5527137e-15 0 0 7.5620703 0 0 0 12.444106 709.22831 0.30297224 0.10967439 2.4868996e-14 0.012413474 -1.7763568e-15 0.043423927 3.5527137e-15 0.020677165 0.081040773 0.03674097 3.5527137e-15 0.10941726 0.095948606 0.069584107 0.081107484 0.020029066 0.011490892 0.02644012 -7.1054274e-15 0 0.00112168 0 0 -7.1054274e-15 0 0 0 0 0 0 0 0 0 0 0 0 0 -7.1054274e-15 0 0 0 0.089048889 8.5614399 66.319785 10.07643 85.3748 
0 0 0 91.17281 0.060317121 0.036599126 0 0.04568497 0.0083131404 0.040222884 0 0 0 0 0 0 0 0 0.14847923 0.068092945 0.079214864 0.15046444 0.12993689 0.36690461 0.29696336 0.11177908 0 0 0 0 0.038079342 4.1633363e-16 3.5527137e-15 0 0 0 0 0 0 0 0 0 801.04976 0.037590621 0.023486735 -8.8817842e-16 0.065596702 0.078186098 0.093792672 0.010505533 0.015761762 0 0.10791146 0.14921888 0.16859215 0.19858252 0.1099163 0.013315206 0.02615353 0.0151872 0.10270445 0.081456859 0.027785576 3.5527137e-15 14.36588 -7.1054274e-15 0 0 0 0 0 0 0 0 0 0 0 0 0 -3.5527137e-15 0.014977929 0.071434541 0.04044686 0.04711535 793.83876 206.15615 232.07394 0 
0 0 0 115.55306 0.035361425 0.045876241 0.069740618 0.067700095 0.0034279272 0 3.5527137e-15 -3.5527137e-15 0 0.051948346 0 -3.5527137e-15 3.5527137e-15 0.17654952 0.09866065 0.21755529 0.73334333 0.40316909 0.28415821 0.42186324 0.21775862 0.05760942 0.012002853 -3.5527137e-15 0 0 0 0 0 0 0 0 0 0 0 0 0 0 179.35063 0.23282328 0 221.13155 0.19260761 0.083121 0.10378783 0.055076695 0.11640448 0.07819987 0.11885383 0.088303654 0.13909345 0.074307962 0.054188732 0.11832302 0.12919862 0.078141479 0 0.026254785 0.007108884 54.352273 22.307167 -3.5527137e-15 0 0 0 0 0 0 0 0 0 0 0 0 0 -1.7763568e-15 0 0 0.022978193 0.10256882 217.97664 14.674705 9.7068525 0 
1.7763568e-15 0 0 22.83985 72.745534 -1.4210855e-14 0.033241342 0.0094218777 0.045522632 0.056152472 -7.1054274e-15 -3.5527137e-15 0 1.7274865 1.0005248 1.1352437 1.7992809 1.4327516 1.1529282 0.94134567 0.57201356 0.053356094 0.27991737 0.23828972 0.10110018 0.045190099 0.060149783 0 0.056637451 0.024176564 0.031070243 0 3.5527137e-15 -3.5527137e-15 0 0 0 0 0 0 0 46.317715 1.7763568e-15 0.14436493 0.039605825 0.15178285 0.057316528 0.14397851 0.048553838 0.039389612 0 0.14415259 0.10271765 0.19996634 0.2193955 0.062891794 0.094003563 0.13299118 0.16151884 0.042898725 0.040178053 0.0055109287 35.624099 29.502522 12.55015 0 0 0 0 0 0 0 0 0 0 0 0 0 0 0 3.5527137e-15 0 3.5527137e-15 7.1054274e-15 -3.5527137e-15 15.015427 0.011063465 19.41612 
0.054894137 0 0.13849763 0.013426771 0.019035483 0.051952857 0 0 0 3.5527137e-15 0.047177629 0.30332897 4.2353102 1.1629743 1.5032375 1.2101665 1.0417525 0.5571659 0.50135891 0.86803594 0.15370794 0 -3.5527137e-15 0.035167356 0.094523068 0.075379955 0 0.072287038 0.057860025 -6.9388939e-18 0.045002213 0 -3.5527137e-15 0 0 3.5527137e-15 0 0 0 0 0 16.153379 14.514805 0.1255112 0.19033365 0.10851573 0.14159214 0.05863897 0.12803034 0.17037593 0 0.14099904 0.12052494 0.14720063 0.043752296 0.11920012 0.26435664 0.088510655 0.051557831 20.988931 0.059427152 0 0.015907037 2.0017416 0 0 0 0 0 0 0 0 0 0 0 0 0 0 0 0 0 0 0 3.5527137e-15 0.046139404 0.024773463 0.10376916 1.8252371 
0.0041267192 0.022536603 0 0.0097852638 0.017866661 0.033319453 0 -3.5527137e-15 0.087128792 1.9577121 3.2607087 1.352897 0.56988976 3.5527137e-15 0 0 0.018131272 0.040736406 0.033231966 0 0 0 0 0 0 19.763726 44.313705 7.1054274e-15 -3.5527137e-15 0 0.025675236 0.0050044631 0.0032944051 0.021560455 7.1054274e-15 -2.220446e-15 0 2.220446e-16 0 0 0 10.983474 12.996251 0.15278107 0.40711032 0.070025972 0.12231419 1.441353e-06 0.20712111 0.12691004 0 0.04302052 0.1378278 0.036750083 0.050496274 0.17058495 0.059530114 0.11654811 46.061624 23.959309 0.061449357 3.5527137e-15 7.1054274e-15 0.02472073 7.1054274e-15 3.5527137e-15 0.025442769 0 0 0 0 0 0 0 0 0 0 0 0 0 0 0 0 3.5527137e-15 0 -2.6645353e-15 -1.7763568e-15 0 
0.08909387 0.068505442 0.067015854 0.064756762 0.033497914 0 356.29436 2.195142 3.8653507 3.1201504 1.4132288 7.1054274e-15 0.10144763 0.036313813 -3.5527137e-15 3.5527137e-15 0 -3.5527137e-15 0 0 8.8817842e-16 -4.4408921e-16 0 0 14.759866 25.590194 4.8503069 0.048677317 0 0.022953796 0.044772404 0.007029137 0.029661305 0.031897874 0.024450831 0.035072481 0 0.00016572329 0.022382976 0 0 57.76816 0.15973952 0.16182475 0.20862589 0.077133975 0.28767102 0.068703716 0.24355785 0.053218557 0.28503578 0.28916068 0.36620764 0.38163324 0.14423394 -7.1054274e-15 0 0 0 34.198255 0.13751616 0.055667601 0.02933641 -1.4210855e-14 0.02008455 3.5527137e-15 -3.5527137e-15 0 0 0 0 0 0 0 0 0 0 0 0 0 0 0 0 0 -3.5527137e-15 3.5527137e-15 0.018729339 85.147822 
0.16088439 0.010556187 0.023796026 62.473296 124.66903 231.70415 3928.653 0.41016747 1.1895364 0.20505967 0.027446166 0.036056539 0.033573929 0 0 3.7747583e-15 0.088923264 0.27634133 0.18797714 0.12842695 0.19836848 0.29267138 0.091768363 0.092254737 0.15338735 17.745322 -3.4972025e-15 3.5527137e-15 0.10627667 0.0046803187 0.0084636545 0.048611507 0.099707653 0.0076879638 -3.5527137e-15 0 0 0.0034898896 0.018298177 0.38037013 0.66409242 0.19513081 112.79811 0.12060984 0.0010835974 0.087893667 0.17310862 0.1652715 0.34264471 0.38965276 0.67183993 0.32918102 0.18141155 0.048474976 110.41655 0.021273053 0 0 5.1755369 33.998744 0.053213578 0 0.017318837 0.080235824 0.0040581662 1.3280459 0 0 0 0 0 0 0 0 0 0 0 0 0 0 0 0 0 0 3.5527137e-15 0 3.6082248e-15 58.387296 
-3.5527137e-15 0 3.5527137e-15 0 3.5527137e-15 3.5527137e-15 3.5527137e-15 0.72720292 0.313306 0.14649987 0.10989015 0 0.20924747 0.29829743 0.2653797 0.16332598 0.034869242 0.05057346 0.29281506 0.19765355 0.12730963 0.11805413 0.055306528 3.5527137e-15 0.088616296 0.10058807 0.038115633 -1.4210855e-14 7.1054274e-15 0.019430421 -1.7763568e-15 0.1271576 0.0063934286 0.015552216 0.047903442 0 0.046870584 0.018028212 0.2161152 0.60603574 0.48445062 0 0.027186036 0.085644704 0.87875286 0.28975181 0.2288133 0.93658164 0.37057407 311.30046 0.16549532 0.046044374 0.12528287 0.21975535 0.060189532 3.5527137e-15 0 26.780322 1.8340996 96.402861 364.98025 0 0 36.242804 18.698579 56.694148 0.028132504 0.039202272 0 0 0 0 0 0 0 0 0 0 0 0 0 0 0 0 0 0 4.2188475e-15 116.34634 
18.033557 0 0 0 0 0 0 0.059866622 0.77700095 0.47352714 0.10757477 0 0.17978844 0.21380311 0.095086085 5.8118151 113.64892 0.23958784 0.085572604 0.066934821 0.13633205 0.10509772 0.032189549 0.043414616 0.14194687 0.063871878 0.012198187 0.1338111 0.036340598 0.085429582 0.091558439 0.028985898 0.033199201 0.012104233 0.029362879 0 0.089442388 0.033342068 0.13546055 0 0 0.11973466 0.34917197 0.44802168 0.3027132 0.034712532 0 322.73099 5.9163917 548.36422 0.46444175 0.25930393 0.47107315 0.49963184 0.078912276 0.021700531 3.5527137e-15 0.036853771 0 3.8025545 198.85203 0.031446634 0 0 81.201653 3.3938129 0 0 0.036507353 0 0 0 0 0 0 0 0 0 1.9160021 0 0 0 3.5527137e-15 0 -3.5527137e-15 0.034312751 0.02535944 0.021951386 
0 0 0 0 0 0 0 0 0.018321391 0.33220311 0.31080088 0 0.17399836 0.19113343 0 65.233809 6.1927126 0.042163042 0.11086102 0.10013163 0.17915709 0.24076578 0.076148007 0.066423132 0.094223328 0.094597651 0.022643294 0.092027788 0.059571341 0.013312648 0.078176888 0.0087719436 0.016801157 0 0.042111619 0.084070777 -7.1054274e-15 0.34881193 0.66496417 0.65893743 0.10526253 0.17050864 0.62864255 0.47651254 -7.1054274e-15 3.5527137e-15 0.51995163 0.67769116 0.67896775 26.560144 0.49947748 0.18490863 0.2317488 0.028482956 0.28055466 0.056879992 0.040148529 0.081927396 0.048961788 0.02371126 96.909282 0.055640072 0.028152444 0 62.735744 85.081568 0.024250429 0 0 0 0 0 0 0 0 0 0 0 0 0 0.012289473 0.025976179 0.046279959 0 0 0.0242875 0.040280531 0.027650064 
4.5615753 -1.6653345e-16 0 0 0 0 0 0 0 0.17314605 -3.5527137e-15 0.022391368 0 0.26912428 0.19646632 0.25924734 0.25934739 0.11211527 0.15280371 0.25550263 0.17675782 0.253237 0.098285909 0.11783175 0.028272417 0.0049028266 0.050837454 0.13605622 0.025498241 0.044292608 -3.5527137e-15 0.067791801 -3.5527137e-15 0.13252644 0.032981353 0.10872127 0.31007758 0.55452108 0.30908945 1.2355005 0.66680041 0.89439375 0.38657218 0.38603725 0 1.1326182 0.031884144 0.91958379 1.3632984 0.33699841 0.82987987 0.70255637 0.23960689 0.14699885 0.097296964 0.1409003 0.14041335 0.048380256 0.045564662 0.046178179 0.05423517 3.5527137e-15 0.052072229 0 24.133052 14.455177 52.34563 0 0 0 0 0 0 0 0 0 0 0 0 0 3.5527137e-15 0 -3.5527137e-15 0.059747647 0 0 0.066149825 0.047430697 
81.584695 0 3.5527137e-15 0 0 0 0 0 0 0 0 30.47551 0.18624186 0.1801872 0.22507626 0.17454257 0.26752123 0.37872583 0.15893685 0.21737166 0.012890029 -7.1054274e-15 0.17151815 0.2146235 3.5527137e-15 0.074353916 0.14538396 0.097124845 0.047917404 0.038403121 0.056963042 0.057947513 0.04214419 0.11818371 0.24107778 0.16099347 0.63821934 0.44759592 0.51796647 0.51115535 0.21257157 0.26762908 1.169344 2.9197587 3.285052 1.8174044 1.5512183 1.6717161 0.83394626 0.077255602 0.034720897 0.039654351 0.032792164 0.024365318 0.064202418 0 0 0 33.601413 0.031564504 2.0942975 0.03872667 0.026182815 0.064536438 0 17.621581 66.798308 0 0 0 0 0 0 0 0 0 0 0 0 0 -7.1054274e-15 3.5527137e-15 0 0.068424751 0.026161883 0.05025173 0 -1.0658141e-14 
60.371671 0 0 0 0 0 0 0 0 0 25.726718 0.025370558 0.1492784 0.25889281 0.27994978 0.22372443 0.031390774 0.35034165 0.28212232 0 0.2326671 0.15526162 0.17623553 0.34489666 0.30609898 0.16941337 0.050506869 0.075924708 0 -7.1054274e-15 0 0.043779196 0.075766219 0.11630114 0.39511485 0.59386404 4.4043601 3.1884805 1.9627236 0.94895623 1.4670311 1.7156972 0.87859576 1.2844351 1.766842 0.084273859 0.91767152 1.7561226 0.042780713 0.047491866 0.029039931 -3.5527137e-15 7.1054274e-15 0 3.5527137e-15 -3.5527137e-15 0.031042538 0 0 11.995852 13.252882 0.02193831 0.015105968 0.034176982 0.090342127 86.851856 69.089261 0.015009392 0 0 0 0 0 0 0 0 0 0 0 0 3.5527137e-15 0.017961036 0.050037491 -3.5527137e-15 0.028899509 0.039108643 0.068841474 256.64112 
46.725587 0 0 0 0 0 0 0 0 0 0 71.003115 0.1982198 0.19958846 -1.7763568e-15 0.010710153 0.26432784 0.28936871 0.18036001 0.1529228 0.069477571 0.1459539 0.1632315 0.27606025 0.2256021 0.16331629 0.19429865 0.073857476 0.087003469 0.017381358 0.15466538 0.20983019 0.26886664 0.20043068 4.403785 4.9906057 2.2305058 1.9722991 0.1723076 3744.5128 3.7423765 0.095299504 1.995177 2.0687891 0.0244945 0.086732184 0.04209123 0.05115366 0.01885572 0.022085537 0.025830162 0.036144475 3.5527137e-15 -3.5527137e-15 -7.1054274e-15 0 3.5527137e-15 0 0 0 9.4326513 25.652646 0.018486186 0.029674786 0.056183984 0.055811626 0.0028080728 0 0 0 0 0 0 0 0 0 0 0 0 -3.5527137e-15 0.034858773 0.030002652 0.049117387 0.059664843 0.11216575 0.099810372 0 4.5805558 
21.301271 0.0093235725 0 0 0 0 0 0 0 0 0 61.919736 0.26013189 1.7763568e-15 0.18289231 0.14030261 0.22970394 0.029121493 0.063338743 0.085283436 0.19305643 0.13285396 0.14052987 0.18103576 0.12491158 0.12187943 0.11497416 0.20589939 0.057265529 0.11916579 0.23214942 0.38952531 2.2469384 6.4457726 2.2909396 1.9941983 0.11830434 241.34544 121.03491 38.87155 0.29237155 0.095825799 0.043794647 0.070317243 0.028522308 -3.5527137e-15 0.020655178 0.11746158 49.638414 0 7.1054274e-15 0 0 0 0 54.591927 0 0 0 0 0 20.753166 0.031028513 0 0.0051462649 0.06003748 0 -3.5527137e-15 3.5527137e-15 0 0 0 0 0 0 0 0 0 0 0 0 0 0.052564586 3.5527137e-15 3.5527137e-15 0 7.1054274e-15 0.037861857 
18.266071 0.040879089 0.010182352 0 0 0 0 0 0 0 0 30.57345 0 0.2037927 0.22358377 0.13124213 0.23623452 0.12504885 0.19834861 0.13497327 0.14714274 0.213233 0.21548629 0.077373215 0.062815503 0.051732765 0.16488292 0.08884189 0.062050258 7.0428523 2.7411997 3.3026155 1.705678 3.2434498 2.5356334 0.54705723 0.3420764 1157.2376 0.9815214 0.084369086 0.10431031 0.062719169 0.18468689 0.17055977 0.15169021 0.020595901 0.051522039 -7.1054274e-15 0.0346007 0 22.566701 0.039567864 0 0 0 0 52.534173 -3.5527137e-15 0 0 5.0421894 45.323039 -3.5527137e-15 0 0.035129947 0.031117296 0.018692103 3.5527137e-15 0 0 0 0 0 0 0 0 0 0 0 0 0 0 -3.5527137e-15 0.0098330991 0.15321239 0.061898659 -1.0658141e-14 0.093900302 
-3.5527137e-15 0.029892222 0.067997074 0.022322334 0.043761995 0 0 0 0 0 0 -3.5527137e-15 0.28289096 0.15748617 0 0 0 0.11981772 0.17463564 0.12350164 0.1791501 0.33518703 0.22589661 0.15133217 0.026058488 0.071830114 0.039015333 4.6794394 8.31809 3.5607643 3.8598923 0.47034231 0.15551509 0.045154519 0.031953612 0.063106281 0.057839348 0.11220425 0.024900986 -1.0658141e-14 0 0.040339854 0.12750223 0.17672305 0.1282973 0.035618953 0.046025317 0.086918328 0.086874933 0.044501405 1.7763568e-15 3.5527137e-15 0 0 0 0 50.744984 0 0 0 79.02622 -3.1086245e-15 0 0 0 0 19.722499 -8.8817842e-16 3.5527137e-15 0 0 0 0 0 0 0 0 0 0 0 0.007417767 0 0.046690763 0.060946344 0.14675961 0.091498972 0.13419954 0.39896307 
147.09144 0.031586513 0.052244352 0 0.026435823 0 0.034557684 0 0 0 0.0019486542 0 0.21474391 0.27302388 0.38834281 0.13579072 0.57199049 0.3116382 0.12792941 0.21560751 0.26609919 0.35718155 0.23352613 0.043103571 3.103476 7.497643 6.2892278 2.7920974 1.1046388 1.6518233 -1.0658141e-14 0 0.038122095 0.072738398 0.041522499 0.048502129 0.10118438 0.078837857 0.022076337 0 3.5527137e-15 0.060607584 0.088403684 0.1412589 0.078409753 0.034778379 0.029828698 0.021678407 0.045395707 0.02056407 0.043831331 0.024738706 0.030471876 0 0 0 61.076228 0.043774825 0.040524427 0.082266407 83.082291 0.0032186296 0.022048606 -3.5527137e-15 0 0 0 55.503547 0 0 0 0 0 0 0 0 0 0 -2.4980018e-16 0 0.0051921493 0.0059425056 0.067180067 0.022136941 0 0.1633565 0.1855681 493.33438 
179.90127 0.037358595 0.029237383 0.04073437 0.033109981 0.022042524 0 0 0 0 0 0.28246175 0.010651535 0.27993189 0 0 0.047621125 0.85418648 0.28827913 0.29138159 3.021233 4.608264 6.6698856 5.5199813 1.9611688 0.50841918 0.83516678 0.54457437 0.03614123 -7.1054274e-15 -3.5527137e-15 0 -7.1054274e-15 -2.1316282e-14 0 -7.1054274e-15 0 -3.5527137e-15 0 0 -3.5527137e-15 0 0 0 24.01285 17.941184 0 0 0 0 0 57.00664 -3.5527137e-15 0 0 0 132.57937 0 0 0.060329419 0 0.075427774 0.015430077 0 0 0 0 59.043933 0 -3.5527137e-15 0 0 0 0 0 0 0 0 0 0 0 0.01530152 0.044160846 0.11529901 0 0.03315593 0.038760323 131.23669 
0 100.83629 223.15292 -3.5527137e-15 0.021846651 0 0.019871615 3.5527137e-15 0 0 0.0067857268 0 0.81784733 0 0.29984957 0.11163206 953.6537 1051.4292 89.652146 374.64881 0 421.58762 1676.1742 2261.2434 1823.1424 -7.1054274e-15 3.5527137e-15 3.5527137e-15 3.5527137e-15 0 0 0 0 0 23.541826 62.633058 0 0 0 0 0 0 0 0 0 0 27.730102 0 0 0 0 0 25.651092 0 0 0 0 21.236861 -8.8817842e-16 0 0 29.847237 0.012255071 0 0 0 0 0 32.211094 1.7763568e-15 0 0 0 0 0 0 0 0 0 0.00091570047 0.028491784 0.036968609 0 0.014243491 76.455652 0 0 0 
