NCOLS 51
NROWS 53
XLLCORNER 276826.32
YLLCORNER 3833258.9
CELLSIZE 10
NODATA_VALUE -9999
0 0 0 0 0 0 0 0 0 -30.369712 0 0 0 0 0 0 0 0 0 0 0 0 0 0 0 0 0 0 0 0 0 -28.402289 -26.472115 -27.062343 -26.634776 -26.976822 0 0 0 0 0 0 0 -34.718512 0 0 0 0 0 -26.903682 -26.903682 
0 0 0 0 0 0 0 0 0 -35.119067 -30.369712 0 0 0 0 0 0 0 0 0 0 0 0 0 0 0 0 -35.543214 0 0 -27.364127 -26.679292 -26.681754 -26.472115 -27.062343 -26.634776 -26.976822 0 0 0 -39.480847 -29.649077 -28.666216 -26.871576 -26.502381 -29.733589 -30.848459 -30.610739 -30.610739 -26.903682 -28.047562 
0 0 0 0 0 0 0 0 0 0 -39.446064 0 0 0 0 0 0 0 0 0 0 0 0 0 0 0 -27.18818 0 0 -29.06443 -26.600971 -27.364127 -26.679292 -26.681754 0 0 0 0 0 0 0 0 -28.222502 -26.502381 -26.466649 -27.537955 -32.998336 -30.610739 -27.982389 -26.615391 0 
0 0 0 0 0 0 0 0 0 0 0 0 0 0 0 0 0 0 0 0 0 0 0 0 0 0 -26.549336 -27.18818 -27.853757 -26.641451 -26.937076 -26.600971 -27.887871 0 0 0 0 0 0 0 0 0 0 -26.466649 -27.434349 -26.992719 -32.998336 -28.154606 -26.615391 -26.580416 -30.665344 
0 0 0 0 0 0 0 0 0 0 0 0 0 0 0 0 0 0 0 0 0 0 0 0 0 -26.566431 -26.764937 -26.549336 0 -27.853757 -26.641451 -26.937076 0 0 0 0 0 0 0 0 0 0 0 -26.862912 -26.992719 -26.992719 -27.410152 -27.704001 -26.580416 -26.542209 -39.512103 
0 0 0 0 0 0 0 0 0 0 0 0 0 0 0 0 0 0 0 0 0 0 0 0 0 -26.832975 -26.566431 -26.764937 0 0 0 0 0 0 0 0 0 0 0 0 0 0 -26.862912 -27.282721 -26.992719 -27.410152 -27.506138 -28.025078 -26.542209 -26.594481 -31.866713 
0 0 0 0 0 0 0 0 0 0 0 0 0 0 0 0 0 0 0 0 0 0 0 0 0 -27.379131 -26.832975 0 0 0 0 0 0 0 0 0 0 0 0 0 0 0 -27.282721 -27.282721 -27.65042 -27.506138 -28.025078 -28.222502 -26.594481 -26.650511 -39.511801 
0 0 0 0 0 0 0 0 0 0 0 0 0 0 0 0 0 0 0 0 0 0 0 0 0 -26.870232 -26.599693 0 0 0 0 0 0 0 0 0 0 0 0 0 0 0 -27.282721 -28.557452 -28.500777 -29.437858 -31.947195 -31.962908 -26.650511 -27.087948 0 
0 0 0 0 0 0 0 0 0 0 0 0 0 0 0 0 0 0 0 0 0 0 0 0 0 -26.599693 -27.071929 0 0 0 0 0 0 0 0 0 0 0 0 0 0 0 -39.470244 0 -34.868245 -31.947195 0 0 -32.828934 -27.606941 0 
0 0 0 0 0 0 0 -39.494973 -28.025078 0 0 0 0 0 0 0 0 0 0 0 0 0 0 0 0 -27.071929 0 0 0 0 0 0 0 0 0 0 0 0 0 0 0 0 0 0 0 0 0 -39.510262 -30.620178 -27.820855 0 
0 0 -31.077521 -28.78121 -28.134232 -27.593328 -26.983205 -26.930124 -39.494973 -28.025078 0 0 0 0 0 0 0 0 0 0 0 0 0 0 0 0 0 0 0 0 0 0 0 0 0 0 0 0 0 0 0 0 0 0 0 0 0 0 -39.464939 -27.520343 0 
-39.536683 -29.24508 -27.295979 -29.908147 -28.78121 -28.134232 -27.593328 -26.983205 -26.930124 0 0 0 0 -28.251322 0 0 0 0 0 0 0 0 0 0 0 0 0 0 0 0 0 0 0 0 0 0 0 0 0 0 0 0 0 0 0 0 0 0 0 0 0 
0 -39.536683 -29.24508 -27.295979 -29.908147 -30.062926 -31.341914 -34.833535 0 0 0 0 -28.473371 -27.490227 -28.251322 0 0 0 0 0 0 0 0 0 0 0 0 0 0 0 0 0 0 0 0 0 0 0 0 0 0 0 0 0 0 0 0 0 0 0 0 
-30.084169 -27.120351 -26.665471 -29.145579 0 0 0 0 0 0 0 0 0 -28.473371 -27.490227 0 0 0 0 0 0 0 0 0 0 -29.136835 0 0 0 0 0 0 0 0 0 0 0 0 0 0 0 0 0 0 0 0 0 0 0 0 0 
0 -26.665471 -26.455259 -26.89225 -27.149451 -27.514222 -28.213782 -27.429806 -26.778123 -31.750216 -31.750216 -30.858897 0 0 0 0 0 0 0 0 0 0 0 0 -29.136835 -27.921626 0 0 0 0 0 0 0 0 0 0 0 0 0 0 0 0 0 0 0 0 0 0 0 0 0 
0 -26.455259 -26.587211 -27.149451 -27.514222 -27.572239 -27.381664 -26.778123 -26.476903 -26.683405 -27.063344 -27.43162 -27.344622 -26.741076 0 0 0 0 0 0 0 0 0 0 -27.921626 0 0 0 0 0 0 0 0 0 0 0 0 0 0 0 0 0 0 0 0 0 0 0 0 0 0 
0 -26.587211 -26.615727 -27.823797 -27.572239 -27.381664 -27.065352 -26.476903 -26.683405 -27.063344 -26.901157 -27.26617 -26.741076 -26.524201 0 0 0 0 0 0 0 0 0 0 0 0 0 0 0 0 0 0 0 0 0 0 0 0 0 0 0 0 0 0 0 0 0 0 0 0 0 
-38.410895 -26.615727 -26.603381 0 0 -39.469065 -28.641254 -26.799061 -27.202743 -26.901157 -27.26617 -28.16494 -26.524201 -26.75673 0 0 0 0 0 0 0 0 0 0 0 0 0 0 0 0 0 0 0 0 0 0 0 0 0 0 0 0 0 0 0 0 0 0 0 0 0 
0 -26.603381 -26.519017 0 0 0 -36.571302 -30.848459 0 -37.145553 -29.311744 0 -26.75673 -26.848955 0 0 0 0 0 0 0 0 0 0 0 0 0 0 0 0 0 0 0 0 0 0 0 0 0 0 0 0 0 0 0 0 0 0 0 0 0 
0 -26.519017 -36.876982 0 0 0 -29.585312 0 0 0 0 -31.677886 -27.153564 -27.523421 -30.976754 -35.834296 0 -27.606941 -39.468476 0 0 0 0 0 0 0 0 0 0 0 0 0 0 0 0 -29.771019 0 0 0 0 0 0 0 0 0 0 0 0 0 0 0 
0 0 0 0 0 0 -28.420323 -29.585312 0 0 0 0 -28.138276 -30.976754 -35.834296 0 -27.606941 -26.766496 -26.491442 0 0 0 0 0 0 0 0 0 0 0 0 0 0 0 -29.771019 -39.489678 0 0 0 0 0 0 0 0 0 0 0 0 0 0 0 
0 0 0 0 0 0 -28.764179 -28.420323 0 0 0 -29.557059 -27.770851 0 0 -32.828934 -26.766496 -26.491442 -26.500598 0 0 -37.427723 0 0 0 0 0 0 0 0 0 0 0 0 -39.489678 -29.371103 0 0 0 0 0 0 0 0 0 0 0 0 0 0 0 
0 0 0 0 0 0 0 -28.764179 0 0 -29.557059 -27.770851 -27.662577 0 0 0 -39.445474 -26.500598 -26.809086 0 -37.427723 0 0 0 0 0 0 0 0 0 0 0 0 0 -29.371103 -30.527496 0 0 0 0 0 0 0 0 0 0 0 0 0 0 0 
0 0 0 0 0 -31.445016 0 0 0 0 0 -27.662577 0 0 0 -39.445474 -27.447226 -26.809086 -26.790663 0 0 0 0 0 0 0 0 0 0 0 0 0 0 0 -30.527496 0 0 0 0 0 0 0 0 0 0 0 0 0 0 0 0 
0 0 0 0 -31.445016 0 -29.523738 0 0 -30.827716 -33.535775 0 0 0 0 -27.447226 -27.040787 -26.790663 -26.508035 0 0 0 0 -39.530229 0 0 0 0 0 0 0 0 0 0 0 0 0 0 0 0 0 0 0 0 0 0 0 0 0 0 0 
0 0 0 0 0 -29.523738 0 0 -30.827716 -33.535775 0 0 0 0 0 0 -27.074993 -26.508035 -27.124818 -39.51555 0 0 -39.530229 -30.262429 0 0 0 0 0 0 0 0 0 0 0 0 0 0 0 0 0 0 0 0 0 0 0 0 0 0 0 
0 0 0 0 0 0 0 0 0 0 0 0 0 0 0 -30.591977 -27.62663 -27.067367 -27.531692 -27.819387 0 0 -30.262429 -28.207286 0 0 0 0 0 0 0 0 0 0 0 0 0 0 0 0 0 0 0 0 0 0 0 0 0 0 0 
-28.812401 -28.895385 0 0 0 0 0 0 0 0 0 0 0 0 -30.591977 0 -27.067367 -26.843876 -27.819387 -27.819387 -30.911769 0 -28.207286 -27.095872 0 0 0 0 0 0 0 0 0 0 -32.66754 0 0 0 0 0 0 0 0 0 0 0 0 0 0 0 0 
0 -37.256732 -38.933979 0 0 0 0 0 0 0 0 0 0 0 0 -27.543213 -26.843876 -26.843876 -27.819387 -27.193836 -27.374093 -34.075013 -27.095872 -26.961426 0 0 0 0 0 0 0 0 0 -32.66754 -28.231291 0 0 0 0 0 0 0 0 0 0 0 0 0 0 0 0 
0 0 0 -31.5115 -30.746493 -28.967722 -28.014235 -35.503032 0 0 -38.367001 -30.145006 -27.688701 -27.090576 -30.107289 0 -26.843876 -28.641254 -27.193836 -27.374093 -29.34116 -39.480258 -26.961426 -28.292484 0 0 0 0 -39.509674 0 0 0 0 -28.231291 -29.464242 0 0 0 0 0 0 0 0 0 0 0 0 0 0 0 0 
0 0 -39.446064 0 -28.967722 -28.014235 -28.906571 -30.879908 -39.540202 -35.7074 -27.30121 -27.178871 -26.918391 -27.634878 -27.090576 -27.770851 0 0 0 -28.451875 0 -28.34245 -28.34245 -38.504034 0 0 0 -39.509674 -28.551669 0 0 0 0 -29.464242 0 0 0 0 0 0 0 0 0 0 0 0 0 0 0 0 0 
0 0 0 -39.446064 0 -28.906571 -30.879908 -39.540202 -39.506147 -31.194381 -26.614553 -26.670812 -26.926687 -26.918391 -26.635312 -26.753949 -27.195101 -26.783798 -26.575385 -26.753446 -28.451875 0 -36.62105 0 0 0 0 -28.551669 -27.780631 0 0 0 0 0 0 0 0 0 0 0 0 0 0 0 0 0 0 0 0 0 0 
0 0 -29.848175 0 0 0 0 0 0 -27.23028 -26.54234 -26.614553 -26.670812 -26.442148 -26.466649 -26.635312 -26.753949 -27.05391 -26.783798 -26.575385 -26.753446 -39.451375 0 0 0 0 0 -27.780631 -28.492492 0 0 0 0 0 0 0 0 0 0 0 0 0 0 0 0 0 0 0 0 0 0 
0 -29.848175 0 0 0 0 0 0 0 -27.487281 -26.654472 -26.54234 -28.028719 -26.791217 -26.442148 -26.466649 -26.883864 -27.295979 -27.05391 -27.4217 0 0 0 0 0 0 -26.950093 -26.942555 -27.938128 0 0 0 0 0 0 0 0 0 0 0 0 0 0 0 0 0 0 0 0 0 0 
0 0 0 0 0 0 -27.557053 -27.355117 -30.23047 -26.339722 -26.339722 0 -39.504971 -29.935405 0 0 0 0 0 0 0 0 0 0 0 0 -26.574506 -26.950093 -26.942555 0 0 0 0 0 0 0 0 0 0 0 0 0 0 0 0 0 0 0 0 0 0 
0 -27.691232 0 0 0 -27.557053 -27.355117 -27.393608 -27.40576 -26.339722 -26.34816 -26.659829 -27.853757 0 0 0 0 0 0 0 0 0 0 0 0 0 -27.558128 -26.574506 0 0 0 0 0 0 0 0 0 0 0 0 0 0 0 0 0 0 0 0 0 0 0 
0 -27.048524 -28.267153 -27.261217 0 -30.005244 -27.393608 -27.40576 -27.40576 -26.34816 -26.484895 -26.769108 -26.933201 -28.249079 -30.796934 0 -27.819387 -27.803395 -28.116221 0 0 0 0 0 0 0 0 -27.558128 0 0 0 0 0 0 0 0 0 0 0 0 0 0 0 0 0 0 0 0 0 -39.499091 0 
0 -36.189489 -26.952499 -27.180103 -27.261217 -31.218401 -28.770966 -27.40576 -28.638167 -26.484895 -26.510795 -26.891545 -27.110429 -27.392748 -26.939025 -27.195734 -27.803395 -28.116221 0 0 0 0 0 0 0 0 0 0 0 0 0 0 0 0 0 0 0 0 0 0 0 0 0 0 0 0 0 0 0 -29.529248 -39.460812 
0 0 -27.960008 -26.952499 -27.180103 -29.035579 -28.770966 -27.889451 -28.12619 -26.510795 -26.60516 -26.80247 -26.751439 -26.939025 -27.195734 -26.41745 0 0 0 0 0 0 0 0 0 0 0 0 0 0 0 0 0 0 0 0 0 0 0 0 0 0 0 0 0 0 0 0 -29.529248 -29.529248 0 
0 -30.629655 -28.41773 -27.960008 -39.539616 -29.035579 -27.889451 -28.12619 -28.308901 -26.60516 -26.80247 -26.751439 -27.295979 -27.295236 -26.41745 -26.519256 0 0 0 0 0 0 0 0 0 0 0 0 0 0 0 0 0 0 0 0 0 0 0 0 0 0 0 0 0 0 0 0 -29.529248 -27.648009 0 
-27.755698 0 -30.629655 -28.41773 0 0 0 -31.484713 -30.42107 -27.090576 -39.459043 -27.62312 -27.295236 -28.858711 -26.519256 -26.607768 0 0 0 0 0 -39.497915 0 0 0 0 0 0 0 0 0 0 0 0 0 0 0 0 0 0 0 0 0 0 0 0 0 0 0 0 0 
0 -27.755698 -27.758433 0 0 0 -39.456684 0 -27.090576 -30.286716 0 0 0 0 -26.607768 -26.618765 0 0 0 0 -39.497915 0 0 0 0 0 0 0 0 0 0 0 -28.830034 0 0 0 0 0 0 0 0 0 0 0 0 0 0 0 0 0 0 
0 -39.474368 0 -27.758433 0 -39.456684 0 0 -30.286716 0 0 0 0 0 -26.618765 -26.647524 -29.366075 0 0 0 0 0 0 0 0 0 -31.824413 0 0 0 0 -28.830034 -28.698089 -29.443103 0 0 0 0 0 0 0 0 0 0 0 0 0 0 0 0 0 
0 0 -39.474368 0 0 0 0 0 0 0 0 0 0 -27.085332 -26.647524 -27.465075 0 -39.456094 -29.815646 -31.593456 -27.586607 -28.335179 -29.963047 -39.523185 0 -31.824413 0 -39.514375 -29.579626 -32.707169 0 -28.698089 -29.443103 -27.514222 -27.229609 -30.327816 0 0 0 0 0 0 0 0 0 0 0 0 0 -29.019335 0 
0 0 0 0 0 0 0 0 -29.790016 0 0 0 0 -27.035534 -27.085332 -28.669369 -39.456094 -39.500855 -34.799096 -27.586607 -28.269432 -29.894659 -27.965128 -27.602378 -28.041565 0 -39.514375 -29.579626 -32.707169 0 -30.412427 -28.198685 -27.514222 -27.229609 -27.234992 -26.939416 -28.185908 0 0 0 0 0 0 0 0 0 0 0 0 0 0 
0 0 0 0 0 0 0 0 -27.577734 -29.790016 0 0 0 -27.505134 -27.035534 0 0 0 0 -28.269432 -29.894659 -27.965128 -27.602378 -28.041565 0 0 0 0 0 -30.412427 -28.198685 -28.344884 -26.918391 -26.822952 -26.939416 -28.185908 -28.628948 -28.264878 0 0 0 0 0 0 0 0 0 0 0 0 0 
0 0 0 0 0 -27.766692 -29.709046 -32.058955 0 -27.577734 0 0 0 -27.145368 -26.759787 0 -31.341914 -32.14139 0 0 0 0 0 0 0 -28.287836 0 0 0 0 -34.312953 -26.918391 -26.822952 -28.154606 -31.607353 -28.628948 -28.264878 -28.698089 0 0 0 0 0 0 0 0 0 0 -32.933834 0 0 
0 0 0 0 0 0 -27.766692 -29.709046 -32.058955 0 0 0 0 -26.759787 -26.881448 -39.526708 -26.927068 -28.454542 -32.14139 0 0 0 0 0 -28.287836 -39.470833 0 0 0 0 0 0 -35.79163 -36.473191 0 0 -28.698089 0 0 0 0 0 -39.520836 0 0 0 0 -32.933834 0 0 0 
0 0 0 0 0 0 -28.108314 0 0 0 0 -29.790016 0 -26.881448 -39.526708 0 0 -26.927068 -28.454542 0 0 0 0 0 -39.470833 0 0 0 0 0 -39.505559 0 0 0 0 0 0 0 -31.794506 -28.925408 0 -39.520836 -31.854631 0 0 0 0 0 0 0 0 
0 -29.217324 -27.079105 0 0 -28.108314 -30.429748 0 0 0 -29.790016 -35.7074 -39.503796 0 0 0 0 0 0 0 0 0 0 0 -30.026682 0 0 0 0 -27.464125 -26.828085 -29.282841 0 0 0 0 0 -31.794506 -28.925408 -28.489742 -28.045265 -31.367322 -27.939793 0 -33.315929 -29.721277 0 0 0 0 0 
0 -27.079105 -27.426192 0 0 -30.429748 0 -31.931565 -39.489678 0 -35.7074 -39.503796 0 -31.552176 0 0 0 0 0 0 0 0 0 0 -39.450195 -30.026682 0 0 -32.384616 -26.508722 -27.464125 -26.828085 -29.282841 0 0 0 0 0 -28.489742 -28.045265 -31.367322 -27.939793 -26.908411 -33.315929 -29.721277 -30.687346 -29.562674 -28.572024 0 0 0 
0 -27.426192 -29.249753 0 0 0 -31.931565 -39.489678 -39.501443 0 0 0 -31.552176 0 0 0 0 0 0 0 0 0 0 0 0 -29.557059 -29.411872 0 0 -27.486301 -26.508722 -29.437858 0 0 0 0 0 0 0 0 -30.23047 -26.908411 -30.206814 -28.294815 -29.678817 -29.562674 -28.572024 -27.577734 0 0 0 
0 0 0 0 0 0 0 0 0 0 0 0 0 0 0 0 0 0 0 0 0 0 0 0 0 0 0 0 0 -28.420323 -27.486301 0 0 0 0 0 0 0 0 0 0 0 0 0 0 0 0 0 0 0 0 
