NCOLS 83
NROWS 85
XLLCORNER 361207.98
YLLCORNER 3876671.5
CELLSIZE 10
NODATA_VALUE -9999
-27.317926 -27.486301 -27.709162 -27.215963 -26.761838 -26.479742 -26.932815 -26.606787 -26.611721 -26.79428 -26.351741 -26.596366 -26.666257 -26.530609 -26.520333 -26.542209 -26.36821 0 0 0 0 -27.272488 -39.455705 -30.732787 -28.775112 -28.691467 -28.876451 -26.500821 -27.826244 0 0 0 -27.736115 -27.777825 -26.618257 -26.743762 -27.021937 -27.032691 -26.488675 -26.650136 -26.592763 -26.602254 -26.693698 -26.691784 -26.796242 -26.809958 -26.917645 -27.110976 0 -29.060275 -27.529616 -26.900079 -26.785982 -26.695408 -26.164434 -26.697773 -27.585493 -27.661354 -27.462228 -26.359644 -26.499711 0 -39.5249 -37.49285 0 -26.713952 -37.295318 0 0 0 -26.523791 -39.491779 -28.588058 -31.351801 -39.176417 -27.366605 -26.327022 0 0 0 0 -26.402057 -26.985002 
-26.793721 -26.945318 -26.861924 -26.666848 -26.528497 -26.511605 -26.479742 -26.537944 -26.606787 -26.611721 -26.331684 -26.351741 -26.596366 -26.645303 -26.530609 -26.520333 -26.295741 -26.36821 0 0 -30.756496 -26.474497 -26.583266 -26.76937 -26.664883 -26.660602 -26.674622 -26.266574 -26.280453 -26.417065 -26.475597 -26.754453 -26.534125 -26.85216 -26.859626 -26.618257 -26.743762 -26.590746 -26.357933 -26.488675 -26.615895 -26.592763 -26.602254 -26.693698 -26.691784 -26.796242 -26.809958 -26.917645 -26.456271 -26.434739 -26.80133 -26.838235 -26.81907 -26.49576 -26.176138 -26.164434 -26.697773 -27.585493 -27.147114 -26.293892 -26.359644 -26.499711 -27.059848 -26.541429 -26.585383 -26.390982 -26.40516 -27.330355 -27.54957 -27.710458 -26.358444 -26.354559 -27.074481 -27.075505 -26.95411 -26.669221 -26.288225 -26.287637 -29.023379 -28.025078 -27.227603 -26.261387 -26.402057 
-26.657523 -26.725123 -26.623036 -26.540262 -26.55081 -26.528497 -26.511605 -26.528744 -26.537944 -26.695837 -26.376943 -26.331684 -26.74499 -26.762611 -26.645303 -26.719804 -26.237286 -26.295741 0 0 -34.532958 -26.583266 -26.67201 -26.847361 -26.732894 -26.674622 -26.682166 -26.280453 -26.309871 -26.475597 -26.41507 -26.443451 -26.630696 -27.040308 -26.5546 -26.484687 -26.479029 -26.341884 -26.39323 -26.357933 -26.588129 -26.615895 -26.749194 -26.946111 -26.878702 -27.045125 -27.519319 -27.601241 -26.394399 -26.456271 -26.434739 -26.658866 -26.54078 -26.373636 -26.213332 -26.176138 -28.136252 -26.866224 -26.79205 -26.240037 -26.293892 -26.753697 -26.541429 -26.585383 -26.536028 -26.40516 -26.330809 -28.071547 -28.586764 -29.614018 -26.354559 -26.361314 -26.895436 -26.95411 -26.669221 -26.675429 -26.287637 -26.290937 -26.986644 -26.970521 -27.908625 -26.375001 -26.261387 
-30.033879 -26.657523 -26.725123 -26.623036 -26.540262 -26.55081 -26.612053 -26.609574 -26.507692 -26.54091 -26.370934 -26.376943 -27.004203 -27.181339 -27.091631 -26.594481 -26.239071 -26.237286 0 -39.454915 -29.949178 -26.67201 -26.593387 -26.963478 -26.77866 -26.682166 -26.675834 -26.309871 -26.4763 -26.41507 -26.437689 -26.403783 -26.474697 -26.4908 -26.449009 -26.50735 -26.484687 -26.415223 -26.341884 -26.39323 -26.762611 -26.994031 -27.240422 -27.46698 -27.471763 -27.342223 -27.443523 -27.328789 -26.414918 -26.389767 -26.372833 -26.417528 -26.479742 -26.385374 -26.249676 -26.213332 -26.916527 -26.691149 -26.704305 -26.223848 -26.240037 -27.07397 -27.931493 -26.536028 -26.614386 -26.330809 -26.260662 -27.985878 -28.944491 -30.629655 -26.361314 -26.377637 -26.719575 -27.443523 -26.705406 -26.540004 -26.290937 -26.623036 -26.66371 -26.630872 -28.540182 -26.400061 -26.375001 
-28.506331 -27.689966 -27.346226 -26.975555 -26.728165 -26.415223 -26.464344 -26.415605 -26.368872 -26.422135 -26.296323 -26.370934 -26.767799 -27.004203 -26.765196 -26.200805 -26.243166 -26.239071 0 -30.658322 -27.720891 -26.593387 -26.461496 -27.181957 -26.937076 -26.736241 -26.666848 -26.361719 -26.547603 -26.437689 -26.403783 -26.414765 -26.452339 -26.488252 -26.4908 -26.449009 -26.50735 -26.313138 -26.415223 -26.471918 -26.679292 -26.762611 -26.835133 -26.779198 -27.026118 -27.293751 -27.328789 -27.490227 -26.314974 -26.347516 -26.389767 -26.372833 -26.35417 -26.355508 -26.271153 -26.249676 -26.48573 -26.534631 -26.634241 -26.178365 -26.223848 -26.877336 -27.327226 -26.617749 -26.4737 -26.260662 -26.335331 -27.320239 -28.619793 -31.380117 -26.377637 -26.418534 -26.723496 -27.100145 -27.423493 -26.657714 -26.37228 -26.515932 -26.585535 -26.564025 -26.89331 -26.280872 -26.400061 
-26.477206 -26.410914 -26.357706 -26.343654 -26.326786 -26.35816 -26.415223 -26.464344 -26.415605 -26.368872 -26.315811 -26.296323 -26.497837 -26.767799 -26.550676 -26.210742 -26.200805 -26.243166 -27.977179 -30.070253 -27.104452 -26.461496 -26.450084 -27.191316 -27.066862 -26.920639 -26.361719 -26.38577 -26.706068 -26.539101 -26.414765 -26.452339 -26.496087 -26.55955 -26.488252 -26.448118 -26.339671 -26.264171 -26.313138 -26.419858 -26.471918 -26.591831 -26.726056 -26.748945 -26.779198 -27.026118 -27.0869 -27.131586 -26.439565 -26.314974 -26.347516 -26.491121 -26.550273 -26.348698 -26.28852 -26.271153 -26.457474 -26.48573 -26.52226 -26.176607 -26.178365 -26.587211 -27.075505 -26.742295 -26.277385 -26.201127 -26.491121 -26.986212 -28.407414 -32.439263 -26.418534 -26.457845 -26.906951 -26.840107 -28.691654 -26.37228 -26.515932 -26.585535 -26.535138 -26.602093 -26.734803 -26.249372 -26.280872 
-26.581912 -26.477206 -26.410914 -26.357706 -26.343654 -26.326786 -26.35816 -26.501488 -26.483338 -26.472411 -26.443538 -26.315811 -26.585232 -26.639815 -26.519017 -26.220609 -26.210742 -26.831441 -27.479481 0 -28.04712 -26.450084 -26.432572 -27.286377 -27.152386 -27.002865 -26.38577 -26.408682 -26.747457 -26.751689 -26.571596 -26.579075 -26.55955 -26.495978 -26.394261 -26.379542 -26.448118 -26.339671 -26.264171 -26.856364 -26.946905 -26.74721 -26.591831 -26.726056 -26.748945 -27.0869 -26.936687 -26.715469 -26.421347 -26.439565 -26.52481 -26.539487 -26.595422 -26.308853 -26.320202 -26.28852 -26.441284 -26.457474 -26.43092 -26.242539 -26.176607 0 -27.982389 -27.011404 -26.201127 -26.220007 -26.520453 -26.738409 -27.43162 -28.598678 -26.457845 -26.429526 -26.840107 -26.766235 -27.270446 -26.687989 -26.58767 -26.535138 -26.536283 -26.514286 -26.535392 -26.2638 -26.249372 
-38.504034 -26.581912 -26.646968 -26.787353 -26.769895 -26.761838 -26.612385 -26.565722 -26.531484 -26.491121 -26.420249 -26.446257 -26.56136 -26.614219 -26.637465 -26.24716 -26.220609 -26.688618 -27.117577 -28.987363 -27.678653 -26.432572 -26.386034 -27.011404 -27.251427 -27.178255 -26.408682 -26.477206 -26.770683 -26.75521 -26.762096 -27.089523 -26.495978 -26.574652 -26.502157 -26.394261 -26.379542 -26.40706 -26.973871 -27.141891 -26.856364 -26.946905 -26.998428 -26.963478 -27.052435 -26.936687 -26.715469 -26.65258 -26.678883 -26.421347 -26.480866 -26.605648 -26.596997 -26.242695 -26.308853 -26.320202 -26.346662 -26.441284 -26.456641 -26.30415 -26.242539 0 -39.539616 -28.03972 -26.220007 -26.248384 -26.505985 -26.670812 -26.976399 -27.762553 -26.429526 -26.380951 -26.766235 -27.0869 -27.149451 -26.58767 -26.405816 -26.436504 -26.443364 -26.628763 -26.731943 -26.278825 -26.2638 
0 -38.504034 -28.183793 -27.870658 -26.989238 -26.769895 -26.761838 -26.612385 -26.565722 -26.592919 -26.461496 -26.420249 -26.523228 -26.56136 -26.602736 -26.260122 -26.24716 -26.743517 -26.938635 -28.260341 -27.660132 -26.386034 -26.440423 -26.940983 -27.030334 -27.154154 -26.477206 -26.523471 -26.75521 -26.762096 -26.964301 -27.169706 -26.80247 -27.257703 -26.574652 -26.402918 -26.496305 -26.49938 -26.40706 -26.904407 -26.781627 -26.937076 -27.149451 -27.258404 -27.907013 -27.734114 -26.994469 -26.803041 -26.438966 -26.385111 -26.432655 -26.496196 -26.550139 -26.282985 -26.242695 -26.411438 -26.555419 -26.521295 -26.510102 -26.316121 -26.30415 -39.539616 -28.179575 -26.954513 -26.248384 -26.26504 -26.527016 -26.64273 -26.78407 -27.151798 -26.380951 -26.377321 -26.796242 -27.001085 -26.890841 -26.405816 -26.425718 -26.401627 -26.363642 -26.506894 -26.327782 -26.275355 -26.278825 
0 -28.318388 -27.400526 -30.591977 -30.648727 -26.769108 -27.13443 -27.649214 -28.369502 -28.757424 -27.151798 -26.461496 -26.806484 -26.79568 -26.731232 -26.296674 -26.260122 -26.651073 -27.241787 -32.402728 0 -26.440423 -26.824154 -26.794839 -26.889788 -26.922521 -26.523471 -26.459429 -26.943737 -26.964301 -27.169706 -27.258404 -27.467934 -26.495107 -26.446522 -26.55297 -26.402918 -26.496305 -26.49938 -26.826266 -26.835133 -26.781627 -26.937076 -27.191945 -27.180103 -27.23906 -27.328007 -27.155927 -26.644381 -26.438966 -26.385111 -26.551483 -26.616063 -26.309149 -26.282985 -26.583416 -26.573338 -26.555419 -26.521295 -26.388091 -26.316121 -28.666216 -26.954513 -26.806773 -26.26504 -26.267363 -26.64273 -26.68196 -26.799061 -27.033164 -26.377321 -26.796242 -26.93243 -27.269018 -27.470804 -26.425718 -26.401627 -26.363642 -26.366655 -26.477307 -26.327117 -26.327782 -26.275355 
0 -27.296724 -26.749194 -26.671011 -26.746221 -26.287271 -26.720954 0 0 -39.525534 0 -27.151798 0 -28.28552 -27.2157 -26.454984 -26.296674 -26.762611 -27.218983 -27.241787 -29.268578 -26.824154 -26.794839 -26.593387 -26.564307 -26.629816 -26.459429 -26.382371 -26.855714 -27.151798 -29.406722 -27.645606 -27.084289 -26.628939 -26.495107 -26.446522 -26.55297 -26.49938 -26.575972 -26.689881 -26.804472 -26.835133 -26.72257 -26.889087 -26.937855 -27.016872 -27.022863 -26.93166 -26.913929 -26.644381 -26.81729 -26.671011 -26.648268 -26.328689 -26.309149 -26.548268 -26.477913 -26.434571 -26.293969 -26.46046 -26.388091 0 -26.806773 -26.701678 -26.267363 -26.247812 -26.68196 -26.710066 -26.973871 -26.982349 -26.42253 -26.93243 -27.269018 -27.908625 -28.090737 -26.566574 -26.512418 -26.366655 -26.477307 -26.449099 -26.3037 -26.327117 -26.541039 
-39.480925 -26.749194 -26.671011 -26.720034 -26.287271 -26.230359 -26.324624 -26.367073 -26.605648 -27.071421 -26.462916 0 0 -32.348696 -34.133212 -27.200185 -26.454984 -39.315518 -28.514709 -28.142335 -27.601241 -26.889087 -26.593387 -26.564307 -26.629816 -26.455351 -26.382371 -26.29927 -26.600172 -29.406722 -29.406722 -27.645606 -27.034585 -26.721184 -26.628939 -26.635491 -26.765975 -26.42182 -26.49938 -26.596681 -26.648082 -26.692634 -26.596051 -26.72257 -26.889087 -26.937855 -26.93166 -27.122022 -27.035059 -26.913929 -26.992719 -26.814635 -26.736241 -26.332124 -26.328689 -26.416065 -26.387958 -26.394605 -26.290189 -26.293969 -26.46046 -39.499091 -27.023791 -26.647339 -26.247812 -26.24528 -26.710066 -26.699286 -26.95816 -26.42253 -26.38328 -26.996665 -27.915104 -29.119493 -27.630154 -26.512418 -26.40177 -26.578037 -26.449099 -26.541689 -26.303536 -26.3037 -26.594794 
-35.045854 -27.032219 -26.720034 -26.508493 -26.230359 -26.286614 -26.342039 -26.2722 -26.247866 -26.325185 -26.282065 -26.866224 -27.290791 -27.190059 -26.945714 -26.64273 -26.306713 -30.536596 -29.67283 0 0 -30.303062 -27.081691 -26.638367 -26.455351 -26.427979 -26.29927 -26.600172 -26.600172 -26.676036 -27.449084 -26.537432 -26.54091 -26.602736 -26.721184 -26.723728 -26.339365 -26.311453 -26.42182 -26.487619 -26.596681 -26.648082 -26.692634 -26.596051 -26.983205 -27.19891 -27.209187 -27.035059 -27.110976 -27.171527 -26.892956 -26.714789 -26.751189 -26.284018 -26.332124 -26.388559 -26.410242 -26.387958 -26.394605 -26.290189 -28.441267 -30.114778 -27.379974 -26.736001 -26.24528 -26.255412 -26.699286 -26.807928 -26.906586 -26.38328 -26.359243 -26.641816 -26.899003 -27.404011 -27.305726 -26.40177 -26.354726 -26.651261 -26.541689 -26.560106 -26.322122 -26.303536 -26.570729 
-31.215653 -26.929741 -26.961836 -26.908777 -26.286614 -26.342039 -26.2722 -26.247866 -26.281187 -26.252922 -26.215306 -26.624242 -26.69498 -26.746962 -26.631402 -26.306713 -26.234208 -26.649761 -27.087948 -27.240422 -28.382006 -26.844824 -28.506331 -27.109338 -26.706953 -26.481276 -26.481276 -26.459897 -26.541429 -26.570152 -26.732656 -26.319522 -26.525788 -26.54091 -26.45701 -26.368451 -26.288188 -26.339365 -26.311453 -26.422293 -26.487619 -26.638006 -26.839794 -26.879387 -27.591081 -27.736783 -27.492197 -27.110976 -27.109883 -26.790386 -26.690303 -26.691996 -26.631755 -26.265507 -26.284018 -26.40684 -26.388559 -26.410242 -26.465302 -26.653335 0 0 -30.254394 -26.991847 -26.255412 -26.268125 -26.807928 -26.906586 -27.070912 -26.359243 -26.500043 -26.881104 -26.86556 -26.987075 -27.011404 -26.354726 -26.595893 -26.601612 -26.560106 -26.619615 -26.308727 -26.322122 -26.588283 
-27.916432 -26.661764 -26.79456 -26.880073 -26.462631 -26.512767 -26.395366 -26.281187 -26.252922 -26.215306 -26.193025 -26.512884 -26.603542 -26.631402 -26.508378 -26.234208 -26.401985 -26.425799 -26.590437 -26.793163 -26.753697 -26.303659 -27.61499 -28.610702 -28.610702 -26.481276 -26.291953 -26.46093 -26.465206 -26.471622 -26.462726 -26.277045 -26.319522 -26.525788 -26.562339 -26.45701 -26.368451 -26.288188 -26.62132 -27.009142 -28.224692 -33.535775 -27.278362 -28.327953 -30.336131 -30.019511 -28.566176 -27.310275 -27.040308 -26.965952 -26.790386 -26.690303 -26.67705 -26.463581 -26.265507 -26.517826 -26.515343 -26.833591 0 0 0 0 -39.489089 -27.271878 -26.268125 -26.290937 -27.132721 -27.214392 -26.990541 -26.500043 -26.660215 -26.86556 -26.987075 -27.040308 -26.980216 -26.428792 -26.531609 -26.463772 -26.512069 -26.651826 -26.333942 -26.308727 -26.484375 
-26.819724 -26.418301 -26.476803 -26.55583 -26.512767 -26.623724 -26.409944 -26.350485 -26.31197 -26.193025 -26.200093 -26.446257 -26.525543 -26.588436 -26.460085 -26.242513 -26.412265 -26.427088 -26.487725 -26.599693 -26.303659 -26.237636 -29.437858 -28.610702 -26.919514 -26.291953 -26.46093 -26.465206 -26.471622 -26.580117 -26.689881 -26.462726 -26.277045 -26.54509 -26.673414 -26.684857 -26.761325 -26.718201 -28.635086 -27.573335 -27.17764 -27.021937 -26.773059 -27.278362 -28.777787 -29.119493 -29.19004 -28.233499 -27.905403 -27.734114 -27.617305 -27.18818 -26.837923 -26.67705 -26.463581 -27.279812 -27.999956 0 0 0 0 0 -31.367322 -27.766692 -26.290937 -26.461874 -26.702114 -26.841359 -26.72559 -26.599853 -26.591056 -27.314855 -27.25004 -27.077559 -26.428792 -26.470344 -26.463772 -26.512069 -26.505758 -26.623724 -26.398789 -26.333942 -26.43854 
-26.631635 -26.36417 -26.347036 -26.370325 -26.274718 -26.566431 -26.538073 -26.41745 -26.384259 -26.200093 -26.232615 -26.451434 -26.48179 -26.460836 -26.242513 -26.216712 -26.427088 -26.468781 -26.497947 -26.541559 -26.237636 -26.237636 -26.323646 -26.698637 0 -26.573338 -26.493375 -26.762869 -26.990106 -27.806282 -29.411872 -27.247277 -26.762611 0 -39.53727 -39.451965 -28.446559 -27.311798 -26.832054 -26.702989 -26.830829 -27.17764 -27.021937 -26.773059 -28.104382 -28.777787 -29.119493 -29.19004 -28.233499 -29.790016 -33.510698 -28.858711 -28.694868 0 0 -27.572239 -26.863242 -26.84514 -27.338244 -27.318696 0 0 0 -27.954915 -26.556378 -26.702114 -26.485104 -26.548535 -26.599853 -26.573921 -26.55297 -27.396194 -27.224273 -26.981068 -26.470344 -26.456918 -26.541689 -26.505758 -26.623724 -26.721415 -26.372895 -26.398789 -26.544039 
-26.771877 -26.347036 -26.370325 -26.274718 -26.240908 -26.579075 -26.775183 -26.668428 -26.543253 -26.232615 -26.291087 -26.48179 -26.460836 -26.47761 -26.216712 -26.188259 -26.468781 -26.497947 -26.541559 -26.541559 -26.237636 -26.244801 -26.348482 -26.272529 -26.353615 -27.204669 -28.422921 -27.8958 0 0 0 0 0 0 0 -39.53727 0 -28.446559 -28.394643 -26.832054 -26.702989 -26.830829 -27.867563 0 0 0 0 0 0 0 0 0 0 -39.467297 -28.316009 -26.863242 -26.84514 -27.338244 -27.318696 -27.012765 0 -39.539616 0 -27.687438 -26.713885 -26.485104 -26.548535 -26.530609 -26.525054 -26.55297 -26.532236 -27.143048 -26.959382 -26.773324 -26.456918 -26.393505 -26.537176 -26.594011 -26.661376 -26.866224 -26.324857 -26.372895 -26.478217 
-27.075841 -26.389229 -26.3593 -26.240908 -26.277453 -26.775183 -26.927449 -26.939807 -26.797085 -26.291087 -26.407428 -26.536283 -26.491763 -26.418069 -26.188259 -26.171833 -26.551349 -26.551349 -26.4737 -26.463391 -26.244801 -26.243981 -26.272529 -26.353615 -26.39606 -26.406693 -26.579521 0 0 0 0 0 0 0 -28.084942 -27.062343 -28.144371 -27.526512 -27.91673 -27.276915 0 0 0 0 0 0 0 0 -37.145553 -28.081097 -27.264042 -27.082209 -26.762611 -27.246588 -28.132216 -30.262429 -27.457506 -26.948098 -26.943343 -26.731469 -39.539616 0 -31.341914 -27.884718 -30.491456 -26.787078 -26.530609 -26.525054 -26.416757 -26.388827 -26.433403 -26.794839 -26.688408 -26.618765 -26.393505 -26.3647 -26.466938 -26.463963 -26.493807 -26.379478 -26.293625 -26.324857 -26.495433 
-39.397497 -26.575531 -26.625106 -26.277453 -26.286251 -27.139585 -27.015499 -26.943737 -26.913929 -26.407428 -26.436589 -26.639633 -26.566574 -26.449994 -26.171833 -26.261085 -26.551349 -26.4737 -26.463391 -26.499601 -26.243981 -26.398437 -26.405743 -26.39606 -26.406693 -26.579521 -26.736001 -29.386277 0 0 0 0 0 -28.084942 -27.062343 -26.917272 -26.665079 -26.459242 -27.276915 -27.129321 -27.415458 -27.853757 -28.213782 -28.601673 -29.568307 -30.27859 -29.643187 -27.273313 -28.467962 -28.075356 -28.030544 -27.264042 -27.037438 -26.762611 -27.246588 -27.457506 -26.948098 -26.943343 -26.731469 -26.661764 -27.926547 -31.341914 0 -27.500132 -27.231622 -30.378189 -26.69498 -26.416757 -26.388827 -26.433403 -26.642547 -26.67442 -26.573776 -26.49424 -26.3647 -26.328402 -26.463963 -26.481893 -26.508837 -26.33774 -26.379478 -26.293625 -26.512418 
0 -26.897216 -27.048037 -26.286251 -26.255585 -27.691232 -27.202743 -26.913929 -26.8019 -26.436589 -26.533494 -26.59121 -26.56136 -26.524688 -26.261085 -26.17286 -26.481379 -26.6258 -26.526893 -26.466167 -26.2764 -26.405743 -26.468586 -26.535265 -26.758765 -26.736001 -26.996225 0 -32.494854 -27.891034 -26.824757 -31.123628 -29.136835 -27.638438 -26.917272 -26.665079 -26.459242 -26.362416 -26.554192 -26.674017 -27.537955 -27.780631 -27.853757 -28.213782 -28.601673 -29.573957 -30.27859 -28.010646 -27.273313 -28.467962 -28.075356 -27.850717 -26.845457 -27.037438 -28.936828 -28.2809 -27.655261 -27.192575 -26.661764 -27.926547 -28.438629 -27.207893 -29.306891 -27.231622 -26.828693 0 0 -27.367433 -26.659444 -26.642547 -26.67442 -26.573776 -26.49424 -26.487303 -26.328402 -26.279654 -26.481893 -26.508837 -26.62476 -26.553784 -26.33774 -26.341832 0 
-29.947202 -26.921767 -27.009142 -26.255585 -26.301267 -27.644407 -27.008241 -26.815813 -26.554192 -26.281573 -26.342818 -26.56136 -26.56136 -26.524688 -26.17286 -26.194757 -26.388626 -26.553241 -26.705406 -26.2764 -26.313486 -26.468586 -26.535265 -26.679701 -26.77121 -26.996225 -27.507144 0 -31.994583 -28.682058 -27.160683 -26.824757 -27.638438 -27.612682 -27.311798 -26.974292 -26.362416 -26.434655 -26.593543 -26.456179 -26.520213 -26.761325 -27.474648 -27.891034 -27.975448 -28.173279 -28.8443 -27.806282 -28.010646 -28.409985 -27.55598 -27.220962 -26.750689 -26.845457 -28.2809 -27.336659 -27.217668 -27.715659 -26.979365 -28.438629 -27.207893 -27.791941 -27.660132 -26.828693 -26.649949 0 0 0 -29.106611 -26.892603 -26.754201 -26.618935 -26.53186 -26.471326 -26.279654 -26.264357 -26.413322 -26.422135 -26.60581 -26.553784 -26.456918 -26.657331 -26.341832 
-27.486637 -26.633529 -26.750689 -26.301267 -26.372772 -27.618465 -27.205313 -26.554192 -26.281573 -26.342818 -26.342818 -26.420719 -26.579521 -26.580117 -26.194757 -26.237686 -26.436336 -26.515461 -26.700154 -26.313486 -26.259047 -26.637285 -26.679701 -26.77121 -26.780275 -26.89793 -27.154744 0 -39.467886 -28.940655 -26.891545 -27.160683 -28.995292 -27.404885 -27.160086 -27.015956 -26.434655 -26.593543 -26.456179 -26.520213 -26.685481 -26.907315 -26.864896 -27.474648 -28.173279 -28.428134 -30.012365 -28.8443 -27.806282 -27.374093 -26.925547 -26.829607 -26.77121 -26.750689 -27.336659 -26.969687 -26.698637 -26.740104 -26.632818 -27.84316 -27.791941 -27.660132 -28.473371 -26.649949 -26.56108 0 0 0 0 -39.454325 -27.903796 -26.748945 -26.597155 -26.514286 -26.264357 -26.31197 -26.296596 -26.60581 -26.505418 -26.30638 -26.516404 -26.456918 -26.699286 
-27.235725 -26.516404 -26.473402 -26.372772 -26.396756 -27.205313 -27.350253 -27.143627 -27.143627 -26.342818 -26.404724 -26.404217 -26.468684 -26.747705 -26.237686 -26.300585 -26.393573 -26.424198 -26.601131 -26.259047 -26.239248 -26.614888 -26.814047 -26.780275 -26.89793 -26.922521 -39.481436 -30.412427 -28.616755 -28.364537 -26.723496 -26.891545 -28.218133 -27.456566 -27.289316 -27.118131 -26.645118 -26.68736 -26.627017 -26.685481 -26.791772 -26.936687 -27.634878 -29.047877 -28.428134 -31.931565 -27.706578 -27.929842 -27.423493 -27.072439 -26.946905 -26.925547 -26.829607 -26.77121 -26.969687 -26.698637 -26.740104 -26.632818 -26.39599 -27.008691 -27.157706 -28.030544 -29.154372 -26.56108 -26.513584 -27.136143 -27.58438 0 0 -28.048979 0 0 -35.834296 -27.005994 -26.31197 -26.296596 -26.296596 -26.354615 -26.517589 -26.304684 -26.30638 -26.516404 -27.267206 
-28.219399 -26.473402 -26.367252 -26.396756 -26.350539 -26.732418 -28.975547 -27.143627 -26.427088 -26.404724 -26.404217 -26.343288 -26.382112 -26.483338 -26.300585 -26.393573 -26.424198 -26.396477 -26.374069 -26.239248 -26.214386 -26.814047 -26.926687 -27.000198 -26.922521 -26.461402 -30.697101 -29.901391 -28.678874 -27.160086 -26.420327 -26.723496 -28.454542 -27.385056 -27.478512 -26.645118 -26.700371 -26.915411 -26.882827 -26.791772 -26.936687 -27.099073 -26.859953 -27.674916 -27.783445 -27.604656 -27.493185 -27.706578 -27.731453 -27.423493 -27.072439 -26.946905 -27.222946 -27.443523 -27.953223 -26.869561 -26.662541 -26.39599 -26.336732 -26.778392 -26.979365 -27.175188 -28.005286 -26.513584 -26.489735 -26.788728 -26.543384 -26.617073 -27.565695 -27.044158 -39.520249 -39.477902 0 0 0 -26.296596 -26.354615 -26.620808 -26.603865 -26.483441 -26.304684 -27.011404 -30.810985 
-38.504191 -26.367252 -26.427411 -26.350539 -26.732418 -26.732418 -26.850875 -26.928976 -26.409572 -26.320748 -26.343288 -26.382112 -26.384324 -26.371605 -26.272331 -26.605648 -26.396477 -26.374069 -26.41745 -26.214386 -26.173218 -26.893663 -26.989238 -27.18506 -26.461402 -26.590128 0 -28.675698 -26.921015 -26.512302 -26.386364 -26.420327 -28.213782 -27.546385 -27.371588 -26.700371 -26.81083 -27.263335 -27.735447 -27.469846 -27.099073 -26.859953 -26.751689 -26.808507 -26.722801 -26.636926 -26.773589 -27.493185 -27.908625 -27.731453 -27.971996 -27.619626 -26.721415 -27.949849 -28.185908 -26.925547 -26.944527 -26.336732 -26.358615 -26.979365 -27.175188 -27.279086 -27.305726 -26.489735 -26.705186 -26.502269 -26.465398 -26.425237 -26.451977 -26.429036 -30.86938 -29.292419 0 0 -28.233499 -26.997546 -26.748945 -26.890841 -26.841046 -26.603865 -26.483441 -26.727461 -30.121322 
-27.624107 -26.492407 -26.275489 -26.275489 -26.72559 -26.815518 -26.873939 -26.947302 -26.320748 -26.247567 -26.435242 -26.384324 -26.371605 -26.272331 -26.200966 -26.41054 -26.554328 -26.41745 -26.33911 -26.173218 -26.16841 -26.689039 -26.944527 -27.143627 -26.590128 -26.539746 -36.62105 -27.178255 -26.782711 -26.706953 -26.512302 -26.386364 -27.546385 -27.371588 -27.592204 -26.81083 -26.754453 -28.25808 -28.906571 -28.04712 -27.360017 -26.751689 -26.863242 -26.771474 -26.636926 -26.773589 -27.293751 -27.63725 -28.235711 -27.376608 -26.800762 -26.431085 -26.536793 -26.721415 -27.84316 -27.297469 -27.482396 -26.358615 -26.349724 -27.323335 -27.279086 -27.305726 -27.605798 -26.705186 -26.502269 -26.465398 -26.425237 -26.451977 -26.429036 -26.298163 -29.292419 -29.292419 -28.675698 -39.511437 -31.692206 0 -26.833591 -26.386298 -26.678067 -26.72887 -26.472906 0 0 
-26.734086 -26.734086 -26.275489 -26.313399 -26.815518 -26.873939 -26.84768 -26.712308 -26.247567 -26.226135 -26.571306 -26.42604 -26.356126 -26.200966 -26.246998 -26.557339 -26.69498 -26.809377 -26.445552 -26.16841 -26.181375 -26.639271 -26.87124 -27.180721 -26.539746 -26.696266 -39.500267 -27.419018 -26.876995 -26.730522 -26.45343 -26.627017 -27.527546 -27.550635 -27.911859 -26.754453 -26.709397 -28.822954 -35.7074 0 0 -39.525534 -39.008527 -31.354588 -27.743491 -27.293751 -28.744014 -29.518245 -27.550635 -26.884557 -26.70784 -26.562339 -26.431085 -26.536793 -28.07918 -27.858336 -28.764179 -26.349724 -26.350702 -27.697592 -27.475612 -28.140304 -26.984062 -27.907013 -26.791217 -26.552158 -26.4738 -26.476099 -26.298163 -26.298163 -26.997546 -27.59784 -27.658911 -27.32256 -26.824455 0 0 -26.833591 -26.386298 -26.376377 -26.405743 0 0 
-27.634822 -26.522986 -26.313399 -26.286324 -26.64328 -26.84768 -26.863903 -26.751689 -26.226135 -26.248111 -26.451796 -26.51605 -26.472214 -26.246998 -26.261781 -26.942555 -27.114267 -27.165478 -26.566147 -26.181375 -26.191811 -26.565013 -26.664687 -27.231622 -26.696266 -26.733608 0 -27.011404 -26.694552 -26.345336 -26.513701 -26.45343 -27.550635 -27.235668 -27.266881 -26.709397 -26.63567 -27.357563 -27.770851 -27.900589 -30.21467 -29.427416 -27.519319 -31.607353 -29.854748 -27.684919 -27.929842 -28.537326 -27.755698 -27.365778 -26.884557 -26.70784 -26.562339 -30.152632 -27.514222 -28.110285 -29.496443 -26.350702 -26.361545 -27.475612 -28.767568 -28.104382 -28.382006 -27.373257 -27.1583 -27.012311 -26.721876 -26.721876 -26.298163 -26.31197 -26.717972 -26.969271 -27.216356 -26.824455 -26.438284 -27.00465 -26.896859 -26.722801 -26.464344 -26.757746 -26.376377 0 0 
-27.703525 -26.502269 -26.286324 -26.350648 -26.67201 -26.662736 -26.642364 -26.696481 -26.248111 -26.299429 -26.499933 -26.486568 -26.619275 -26.261781 -26.271186 -26.72887 -27.522394 -27.1583 -26.678067 -26.191811 -26.294583 -26.437944 -26.430345 -26.568572 -26.733608 -26.54417 -27.078074 -26.652957 -26.69907 -26.314403 -26.345336 -26.513701 -27.235668 -26.887339 -26.904407 -26.63567 -26.580117 -27.222284 -27.384206 -27.040787 -26.919139 -26.854742 -26.824757 -27.519319 -27.435261 -27.01413 -27.153564 -29.874601 -28.537326 -27.755698 -27.365778 -27.296724 -26.81083 -27.514222 -26.818773 -27.357563 -28.592707 -26.361545 -26.405233 -28.975547 -28.104382 -28.757424 -28.207286 -27.423493 -27.292269 -27.292269 -26.721876 -26.635133 -26.31197 -26.717972 -26.805046 -26.927449 -26.908777 -26.438284 -26.405962 -26.565438 -26.579968 -26.464344 -26.53211 -26.618426 -26.757746 0 0 
-27.239953 -26.562619 -26.350648 -26.380823 -26.535519 -26.591831 -26.576119 -26.539875 -26.299429 -26.499933 -26.486568 -26.54078 -26.637826 -26.271186 -26.297103 -26.568858 -26.955726 -27.149451 -26.409944 -26.270958 -26.437944 -26.414232 -26.420249 -26.461213 -26.54417 -26.604998 -27.296724 -26.80247 -26.652957 -26.320657 -26.314403 -26.77866 -26.887339 -26.904407 -26.984062 -26.580117 -26.558581 -26.976399 -27.040787 -26.919139 -27.009142 -27.062343 -26.854742 -26.824757 -26.994031 -26.728165 -26.793721 -27.137288 -26.77412 -26.535774 -26.47761 -26.787902 -27.296724 -26.818773 -26.875974 -27.024256 -27.521367 -26.405233 -26.828998 -27.936465 -30.922481 -28.207286 -27.423493 -27.423493 -27.292269 -27.050965 -27.021937 -26.891545 -26.439479 -26.805046 -26.730758 -26.740833 -26.726524 -26.405962 -26.398226 -26.370264 -26.424437 -26.478521 -26.51499 -26.340081 -27.066862 0 0 
-26.750585 -26.467809 -26.380823 -26.34334 -26.469952 -26.576119 -26.539875 -26.522502 -26.270763 -26.561499 -26.54078 -26.637826 -26.741807 -26.297103 -26.300946 -26.603381 -26.624587 -26.745482 -26.270958 -26.323832 -26.414232 -26.420249 -26.448742 -26.45971 -26.576413 -26.648455 -27.161878 -26.674622 -26.613217 -26.29466 -26.320657 -28.173279 -27.459391 -27.104452 -27.078074 -26.558581 -26.750439 -27.201463 -27.624288 -28.148453 -27.400526 -27.013675 -27.072949 -26.945714 -26.728165 -26.736722 -26.732894 -26.782439 -26.660022 -26.732656 -26.535774 -26.47761 -26.813168 -26.875974 -26.99887 -27.041748 -26.698421 -26.417296 -27.936465 -30.922481 0 0 -27.423493 -26.940983 -39.160232 -27.832683 -27.544269 -26.439479 -26.64273 -26.730758 -26.740833 -26.919514 -26.814635 -26.398226 -26.370264 -26.424437 -26.478521 -26.495216 -26.340081 -26.258809 -26.599057 -27.039349 0 
-26.514704 -26.391457 -26.34334 -26.217736 -26.322352 -26.383345 -26.48396 -26.270763 -26.263955 -26.541429 -26.831135 -26.741807 -26.74205 -26.300946 -26.29393 -26.624587 -26.649574 -26.648455 -26.323832 -26.279931 -26.546013 -26.448742 -26.45971 -26.47005 -26.648455 -26.712083 -26.835442 -26.695408 -26.66157 -26.278997 -26.29466 -26.877336 -27.386758 -26.833899 -27.225603 -26.750439 -27.201463 -27.624288 -28.260341 -28.707801 -26.850555 -26.783798 -27.013675 -27.072949 -26.736722 -26.732894 -27.044158 -26.963889 -26.782439 -26.660022 -26.732656 -26.813168 -26.595108 -26.99887 -27.041748 -26.941768 -26.417296 -26.482511 -27.216356 0 0 0 -26.940983 -26.567143 0 -36.053325 -29.745983 -26.64273 -26.990976 -27.036486 -26.823553 -26.689249 -26.739861 -26.662541 -26.523836 -26.526401 -26.495216 -26.480048 -26.258809 -26.210644 -26.387891 -26.403134 0 
-26.822694 -26.361661 -26.217736 -26.219451 -26.253718 -26.354336 -26.502381 -26.263955 -26.312056 -26.822053 -26.831135 -26.74205 -26.708284 -26.29393 -26.273188 -26.649574 -26.648455 -26.545485 -26.279931 -26.263616 -26.639452 -26.539487 -26.47005 -26.663125 -26.712083 -27.887871 -27.141314 -26.756476 -26.668824 -26.251681 -26.278997 -26.822652 -26.833899 -26.538073 -26.639452 -26.678679 -28.833587 -29.637315 -30.16797 -29.491035 -26.973451 -26.850555 -26.783798 -27.052926 -27.007791 -27.044158 -28.142335 -27.724837 -26.963889 -26.849914 -27.573335 -26.595108 -26.440853 -27.388464 -26.941768 -27.312561 -26.482511 -27.216356 -27.216356 -28.242375 -38.299605 -28.757424 -26.567143 -26.311797 -28.65056 -39.498503 -37.847645 -26.990976 -27.438005 -26.823553 -26.689249 -26.739861 -26.656184 -26.523836 -26.455903 -26.484167 -26.410989 -26.362241 -26.210644 -26.22325 -26.377637 -26.369839 -29.770687 
-28.449214 -26.570873 -26.219451 -26.253718 -26.354336 -26.559828 -26.896503 -26.312056 -26.237161 -26.65258 -26.826872 -26.708284 -26.600971 -26.273188 -26.265789 -26.798495 -26.663125 -26.654852 -26.263616 -26.406693 -26.676441 -26.907315 -26.717288 -26.865892 -27.594453 -28.520325 -26.889437 -26.763643 -26.729341 -26.254461 -26.251681 -26.611224 -26.538073 -26.568142 -26.54247 -26.497947 -28.801927 -30.933241 0 0 -28.169102 -26.973451 -27.648009 -27.951535 -27.572239 -27.642014 -27.315621 -29.056131 -27.883145 -28.675698 -29.136835 -26.440853 -26.42969 -29.585312 -27.312561 -27.181339 -27.181339 -26.647339 -27.195101 -27.184439 -27.54957 -27.748895 -26.311797 -26.29923 -27.328007 -39.491443 -30.639171 -27.438005 -27.591081 -26.856689 -26.546807 -26.611556 -26.582513 -26.455903 -26.484167 -26.410989 -26.362241 -26.420719 -26.22325 -26.217464 -26.369839 -26.349995 -27.088707 
0 -27.011404 -26.406987 -26.416295 -26.734086 -26.63052 -26.732181 -26.237161 -26.230406 -26.579075 -26.575091 -27.063344 -26.523107 -26.265789 -26.43583 -27.793365 -26.995346 -27.361658 -26.406693 -26.687989 -27.744839 -27.677405 -27.923263 -27.190059 -26.614888 -27.667491 -27.150037 -26.889437 -26.763643 -26.238616 -26.254461 -26.673414 -26.568142 -26.54247 -26.497947 -26.439394 -29.17657 -39.479669 0 0 -29.149969 -28.169102 -30.554908 -30.27859 -27.642014 -27.350253 -27.975448 -27.315621 -28.936828 -32.912597 0 -26.42969 -26.475096 0 0 -27.181339 -26.647339 -27.191316 -27.184439 -27.54957 -27.944808 -27.732782 -26.29923 -26.547337 -27.336659 -27.803395 -30.998799 -28.862336 -27.142469 -26.824154 -26.803041 -26.546807 -26.482408 -26.537944 -26.822652 -26.809377 -26.420719 -26.333892 -26.217464 -26.198491 -26.349995 -26.432324 -27.054817 
0 -27.020089 -26.416295 -26.611556 -26.63052 -26.732181 -27.088998 -26.230406 -26.327307 -26.575091 -27.063344 -28.465266 -26.254691 -26.36791 -26.474298 -27.114267 -26.856039 -26.95411 -26.415605 -26.438199 -27.819387 -37.036548 -37.544632 -26.614888 -28.975547 -39.466118 -27.667491 -27.150037 -26.813754 -26.210526 -26.238616 -26.517945 -26.644566 -26.575972 -26.439394 -26.385836 -27.455626 -28.78121 -31.621319 -33.153609 -26.656566 -26.667834 -27.046579 -27.606941 -27.169706 -26.929741 -27.092688 -28.211612 -32.912597 0 -26.537048 -26.505305 -26.535774 0 -38.166993 -33.535775 -27.191316 -30.976754 -29.336221 -28.269432 -28.41773 -26.499601 -26.303618 -26.896859 -27.803395 -30.998799 -27.63725 -26.661376 -26.831135 -26.656566 -26.608259 -26.835751 -26.537944 -26.453612 -26.822053 -26.711858 -26.671211 -26.402057 -26.198491 -26.201217 -26.370995 -26.393299 -26.869973 
-28.659931 -26.309658 -26.498277 -26.607604 -26.592919 -26.578927 -26.703208 -26.228748 -26.295392 -27.554908 -26.559134 -26.379542 -26.209277 -26.254691 -26.758 -26.684234 -26.690726 -26.856039 -26.673816 -26.415605 -39.448425 0 0 -28.975547 0 0 -27.750251 -27.065352 -26.544959 -26.199139 -26.210526 -26.763643 -27.195101 -26.659829 -26.385836 -26.408386 -27.153564 -27.735447 -27.791941 -26.571017 -26.432075 -26.656566 -26.667834 -27.046579 -26.929741 -27.092688 -26.773324 0 0 0 -26.582062 -26.537048 -26.574506 -38.166993 0 -34.312953 -39.23742 -31.565868 -28.269432 -28.865971 -28.183793 -26.303618 -26.340645 -27.086377 -29.149969 -27.63725 -27.649214 -26.363642 -26.327117 -26.288151 -26.388425 -26.535138 -26.453612 -26.385704 -26.711858 -26.449099 -26.396895 -26.495107 -26.201217 -26.275691 -26.375938 -26.390847 -27.088643 
-26.964713 -26.265009 -26.309658 -26.547072 -26.566289 -26.592919 -26.578927 -26.257863 -26.228748 -26.648268 -26.365113 -26.419156 -26.240369 -26.209277 -26.67766 -26.630344 -26.684234 -26.690726 -27.441679 -26.673816 0 0 0 0 0 -29.039667 -27.535862 -26.717972 -26.200715 -26.212288 -26.199139 -26.696266 -27.163675 -26.810539 -26.408386 -26.442669 -26.785161 -26.913559 -26.962246 -26.50082 -26.571017 -26.432075 -26.702551 -27.565695 -26.994907 -26.773324 -26.667439 0 0 0 -26.582062 -26.631579 0 0 -34.312953 0 0 0 0 -28.183793 -27.748895 -26.340645 -26.361198 -28.944491 -29.149969 -26.991847 -26.476501 -26.264915 -26.363642 -26.327117 -26.288151 -26.403206 -26.385704 -26.447762 -26.449099 -26.396895 -26.327687 -26.29218 -26.275691 -26.304355 -26.390847 -26.402846 -27.247196 
-27.58438 -26.282242 -26.265009 -26.482614 -26.547072 -26.566289 -26.626494 -26.278721 -26.257863 -26.509296 -26.461874 -26.365113 -26.26886 -26.240369 -26.651449 -26.715923 -26.630344 -27.107704 0 -27.734114 0 0 0 0 0 0 -27.315621 -26.545485 -26.22314 -26.200715 -26.212288 -27.083248 -29.110893 -27.017789 -26.442669 -26.549737 -26.913559 -26.978092 -27.091631 -26.724425 -26.50082 -26.600811 -26.773854 -26.994907 -29.828592 -26.55583 -26.521174 -39.524946 -39.460222 0 -26.724425 -26.864565 0 0 0 0 0 -39.160232 0 0 -28.666216 -26.361198 -26.43332 -29.149969 -29.098082 -26.905495 -26.657523 -26.413246 -26.264915 -26.445201 -26.604674 -26.681342 -26.447762 -26.453065 -26.450893 -26.327687 -26.29218 -26.324157 -26.28007 -26.460272 -26.402846 -26.411214 -27.015074 
-28.026897 -26.287601 -26.282242 -26.614051 -26.482614 -26.635312 -26.318935 -26.265664 -26.278721 -26.523836 -26.509296 -26.461874 -26.263216 -26.26886 -26.691572 -26.990106 -27.181957 0 -31.649461 0 0 0 0 0 0 -39.540202 -26.738167 -26.524322 -26.265914 -26.22314 -26.837923 -28.704556 0 -27.163675 -26.549737 -26.717288 -27.085332 -27.170312 -27.259809 -27.021474 -26.724425 -27.199547 -39.455504 -32.313179 0 -26.387558 -26.521174 -38.787416 -39.524946 -39.460222 -27.353492 -34.192256 0 0 0 0 -39.160232 -37.427723 0 0 0 -26.43332 -26.753949 -27.651627 -26.743517 -26.67442 -26.428304 -26.386695 -26.413246 -26.626494 -26.67181 -26.532864 -26.453065 -26.498167 -26.399 -26.349399 -26.324157 -26.28007 -26.219004 -26.501042 -26.462631 -26.44723 -27.183652 
-28.451875 -26.291765 -26.287601 -26.676847 -26.614051 -26.909143 -26.314842 -26.318935 -26.265664 -26.608916 -26.523836 -26.647524 -26.260662 -26.263216 -26.924031 -27.445372 -38.504034 0 0 0 -30.518432 -27.355117 -27.247277 -28.764179 0 -27.672433 -26.714563 -26.738167 -26.33414 -26.265914 -27.292269 -28.698089 -28.704556 -27.404885 -26.717288 -26.942161 -29.841625 -33.199247 -34.017641 -28.283207 -27.021474 -27.636063 -31.565868 0 -28.560353 -26.33563 -26.387558 -27.500132 0 0 0 0 0 0 0 0 -37.427723 0 0 0 0 -26.753949 -30.160287 -27.627803 -26.920639 -26.741076 -26.355285 -26.428304 -26.386695 -26.55392 -26.626494 -26.546278 -26.498167 -26.534885 -26.349399 -26.386894 -26.36827 -26.219004 -26.216733 -26.613051 -26.5426 -26.79568 -28.608793 
-28.142335 -26.259613 -26.291765 -26.686315 -26.736241 -26.882137 -26.272397 -26.314842 -26.552293 -26.570729 -26.618087 -26.818476 -26.270568 -26.260662 -27.11924 -27.466027 0 0 0 -30.518432 -27.355117 -27.247277 -27.264042 -27.206601 -28.798453 -30.175681 -27.672433 -26.714563 -26.380245 -26.33414 -27.319467 -27.71958 -28.698089 -29.072774 -26.942161 -26.611224 -27.335077 -28.666216 -31.538551 -39.480847 -28.283207 -31.565868 -31.565868 -28.175374 -26.326928 -26.385638 -26.33563 -34.97403 0 0 -34.2221 0 0 0 0 0 -26.985782 0 0 0 -39.498503 -30.648727 -27.859868 -26.842616 -26.618426 -26.555419 -26.334338 -26.355285 -26.473005 -26.529489 -26.990541 -26.623724 -26.534885 -26.502381 -26.597629 -26.36827 -26.378079 -26.216733 -26.201666 -26.888387 -26.79568 -26.769632 -28.625889 
-26.866224 -26.232879 -26.259613 -26.615055 -26.859626 -27.165478 -26.236169 -26.272397 -26.463486 -26.633885 -26.807061 -27.017789 -26.30256 -26.270568 -27.17092 -27.652837 0 -27.274032 -29.591017 0 -29.432629 -27.264042 -27.206601 -28.798453 -31.032236 0 -30.175681 -27.819387 -26.350213 -26.380245 -27.150037 -27.319467 -27.84316 -29.302053 -26.611224 -27.335077 -27.500132 -28.269432 -29.921729 -34.799096 0 -31.565868 -27.554908 -27.235668 -26.389902 -26.326928 -26.385638 0 0 -34.2221 -39.457864 -30.033879 -39.494385 -34.868245 -39.502032 -26.985782 -26.714789 0 0 -39.498503 -32.84966 -30.582653 -27.119795 -26.779736 -26.694766 -26.618426 -26.372956 -26.334338 -26.570296 -26.577593 -26.974292 -26.798213 -26.502381 -26.418146 -26.621149 -26.600172 -26.384194 -26.201666 -26.248576 -26.849594 -26.769632 -26.883864 -27.966029 
-26.320976 -26.212889 -26.232879 -26.765456 -27.066358 -27.124258 -26.221323 -26.236169 -26.605973 -26.837612 -27.1583 -27.644407 -26.346396 -26.30256 -27.4426 0 -27.95661 -26.539101 -27.274032 -29.591017 -29.854748 -28.181682 -28.777787 -31.032236 0 0 -35.79163 -30.352857 -26.293091 -26.350213 -26.804186 -27.224273 -27.742145 -27.138435 -27.661354 -27.500132 -28.269432 -28.484261 -29.921729 -39.446064 -27.466027 -28.531633 -27.127628 -27.554908 -26.473999 -26.389902 0 0 0 -39.457864 -30.033879 -30.746493 -29.119493 -28.269432 -27.780631 -26.714789 -26.424437 0 0 0 -39.541375 -28.167019 -27.068377 -26.817882 -26.779736 -26.694766 -26.391118 -26.372956 -26.59121 -26.701896 -26.82026 -26.619785 -26.418146 -26.552023 -26.469659 -26.529862 -26.78928 -26.248576 -26.231233 -26.625106 -26.883864 -26.605323 -27.622652 
-26.347036 -26.252215 -26.212889 -26.67161 -26.709397 -26.746468 -26.220093 -26.221323 -26.805908 -26.999755 -27.965128 -26.340183 -26.414156 -26.346396 0 -27.810629 -27.057366 -26.730049 -26.539101 -28.82649 -28.181682 -28.777787 -35.230958 -27.394469 0 0 0 -35.79163 -26.25261 -26.293091 -26.78653 -27.35838 -26.787078 -26.540262 -27.138435 -28.376989 -28.484261 -28.484261 -28.607685 -27.466027 -26.617411 -27.72352 -27.559205 -27.127628 -26.533368 -26.596366 0 0 -39.491443 -27.396194 -26.626668 -26.617749 -26.569864 -26.459991 -26.626494 -26.424437 -26.317947 0 0 0 -28.332766 -26.940591 -27.012311 -27.041748 -26.817882 -26.784616 -26.412039 -26.391118 -26.546675 -26.59121 -26.619785 -26.623552 -26.462441 -26.469659 -26.529862 -26.474797 -26.573193 -26.231233 -26.220782 -26.305633 -26.339569 -26.371178 -27.609994 
-26.291012 -26.291125 -26.252215 -26.558857 -26.519615 -26.599057 -26.242357 -26.220093 -26.93436 -27.119795 -28.449214 -26.409646 -26.340183 -26.521174 0 -30.04835 -27.470804 -26.770947 -26.730049 0 0 -29.660915 -27.394469 -27.61499 0 0 0 -30.145006 -26.237711 -26.25261 -26.928976 -26.978516 -27.35838 -26.787078 -26.540262 -39.506147 -28.484261 -28.607685 -27.866019 -26.593855 -26.333596 -27.87221 -27.72352 -27.559205 -26.696266 -26.642181 0 0 -28.207286 -26.926687 -27.254906 -26.577889 -26.459991 -26.626494 -26.717744 -26.317947 -26.35103 0 0 0 -28.428134 -28.332766 -26.940591 -27.012311 -27.041748 -27.162476 -26.356238 -26.412039 -26.613051 -27.098004 -27.165478 -26.462441 -26.513117 -26.635849 -26.474797 -26.551214 -26.482924 -26.220782 -26.247133 -26.31853 -26.274151 -26.283589 -26.809129 
-26.330083 -26.291012 -26.291125 -26.556241 -26.564872 -26.519615 -26.282489 -26.242357 -26.986212 -27.435261 -29.60824 -26.46511 -26.621149 -29.568307 -39.510262 -27.911859 -27.199547 -26.759531 -26.770947 0 -29.660915 -27.383358 -26.987075 -26.696696 0 0 0 -26.820559 -26.235233 -26.237711 -27.09534 -27.374093 -26.978516 -26.564448 -39.506147 -39.444293 -30.796934 -27.866019 -26.432489 -26.317902 -26.321296 -31.962908 -27.87221 -33.108547 -26.642181 -26.632286 -28.202977 -27.39879 -27.217668 -26.948496 -26.926687 -27.560283 -27.949849 -26.717744 -27.039828 -26.35103 -26.503726 0 0 0 -27.657693 -28.428134 -29.102341 -29.386277 -27.73946 -26.922521 -26.269566 -26.356238 -26.483131 -26.718201 -26.705626 -26.513117 -26.338297 -26.895792 -26.551214 -26.482924 -26.492192 -26.247133 -26.30555 -26.274151 -26.283589 -26.324018 -26.695366 
-26.389565 -26.330083 -26.629114 -26.630168 -26.562059 -26.564872 -26.423561 -26.282489 -27.136143 -30.107289 0 -26.688828 -26.821156 -28.572024 -32.532452 -28.340022 -27.600105 -26.835751 -26.759531 -30.500412 -27.383358 -26.836371 -26.696696 -26.429281 0 0 -27.511181 -26.236589 -26.414232 -26.235233 -27.304217 -26.735042 -26.701024 -26.38063 -26.564448 0 -39.160232 -28.948338 -26.251961 -26.208292 -26.317902 -27.295236 -29.085376 -28.503551 -26.632286 -27.611531 -28.16494 -28.094617 -27.39879 -27.217668 -26.948496 -36.098307 -27.819387 -27.376608 -26.967609 -26.503726 -26.666061 0 -31.431911 -29.637315 -27.867563 -27.657693 -33.339721 -27.150037 -26.630696 -26.501488 -26.215883 -26.269566 -26.371056 -26.705626 -26.514052 -26.338297 -26.196179 -26.527016 -26.471228 -26.415529 -26.471918 -26.30555 -26.305385 -26.615223 -26.550005 -26.558028 -27.187301 
-26.481276 -26.389565 -26.905132 -26.910978 -27.100145 -27.16608 -27.082209 -26.423561 -31.066124 0 -30.145006 -26.821156 -26.540004 -26.732656 -26.836061 -27.361658 -26.726524 -26.74499 -26.835751 -27.402267 -26.836371 -26.641816 -26.429281 -26.374504 -31.17058 -30.848459 -27.072949 -26.431415 -26.236589 -26.414232 -26.692634 -26.641816 -26.622177 -26.338754 -26.38063 -39.489089 -28.948338 -30.858897 -26.208292 -26.217778 -26.944132 -27.085854 -27.831196 -27.642014 -27.604656 -30.152632 -31.607353 -28.16494 -28.094617 -28.682058 -39.008527 -27.819387 -29.292419 -26.967609 -26.86789 -26.666061 -27.067367 0 -39.489089 -31.431911 -27.84316 -27.144787 -26.718201 -26.484583 -26.469854 -26.460366 -26.204369 -26.215883 -26.31111 -26.514052 -26.423164 -26.196179 -26.179572 -26.471228 -26.415529 -26.327165 -26.360448 -26.305385 -26.594794 -26.684649 -26.72887 -26.817882 -27.376467 
-26.61139 -26.481276 -27.705288 -32.278057 0 -39.465529 0 -28.313635 -28.229087 -27.103372 -27.020089 -26.540004 -26.608587 -26.789004 -26.754453 -27.086377 -27.071421 -26.726524 -26.74499 -28.25808 -26.641816 -26.539616 -26.374504 -26.293281 -34.43726 0 -30.848459 -26.441284 -26.431415 -26.723264 -26.645672 -26.643646 -26.605485 -26.260632 -26.338754 -39.453145 -28.175374 -29.828592 -26.217778 -26.233457 -26.785435 -26.942161 -27.321011 -27.604656 -30.152632 0 -39.449015 -29.282841 -28.294815 -28.264878 -30.447205 -26.91282 -28.438629 -27.529616 -27.08481 -27.067367 -27.340628 -27.044158 -27.089523 -27.414571 -26.837302 -26.718887 -26.66371 -26.59121 -26.484583 -26.216545 -26.202498 -26.204369 -26.436083 -27.537955 -26.682992 -26.179572 -26.194021 -26.429526 -26.327165 -26.360448 -26.364405 -26.222589 -26.684649 -26.627889 -26.627365 -26.683405 -27.36248 
-26.77042 -26.61139 0 0 0 0 -30.610739 -28.229087 -27.103372 -27.020089 -26.908411 -26.608587 -26.746468 -26.754453 -27.086377 -27.834173 -27.062343 -27.071421 -28.311265 -39.394543 -27.462228 -26.531484 -26.293281 -26.260602 -26.87124 0 -28.959938 -26.243061 -26.441284 -26.703208 -26.674218 -26.645672 -26.475597 -26.238213 -26.260632 -28.175374 -27.026585 -27.139585 -26.233457 -26.254289 -26.769895 -27.063845 -26.986212 -27.221623 -30.998799 0 -28.415143 -27.572239 -29.282841 -28.294815 -26.91282 -26.993156 -28.306541 -31.809421 -28.936828 -27.340628 -26.768061 -26.631932 -26.894372 -27.089523 -26.91504 -26.756476 -26.641816 -26.572175 -26.491763 -26.192943 -26.216545 -26.202498 -26.556927 -27.49814 -27.302712 -26.194021 -26.240882 -26.482718 -26.449009 -26.364405 -26.222589 -26.242748 -26.627889 -26.627365 -26.581313 -26.581462 -27.275738 
-27.052926 -26.870568 0 0 0 -30.610739 -33.268805 -28.454542 -27.409271 -27.212435 -27.13386 -26.746468 -26.961426 -27.732782 -28.148453 -29.443103 -27.335077 -27.062343 -27.386758 -28.311265 -27.145949 -26.732894 -26.260602 -26.840733 -26.87124 0 -26.722107 -26.236317 -26.243061 -26.692634 -26.648827 -26.44723 -26.323275 -26.401914 -26.238213 -27.026585 -27.139585 -27.434349 -26.254289 -26.284447 -27.021474 -26.986212 -27.221623 -27.01413 -26.961426 -27.181957 -26.849914 -26.918765 -27.572239 -28.104382 -26.446345 -27.123698 -29.602481 -37.370151 0 -26.967609 -26.478521 -26.53299 -26.631932 -26.894372 -26.960199 -26.788728 -26.744253 -26.641816 -26.459897 -26.208967 -26.192943 -26.450713 -29.047877 -27.620789 -27.360017 -26.240882 -26.317723 -26.654852 -27.203385 -26.799344 -26.242748 -26.294007 -26.630168 -26.581313 -26.581462 -26.555283 -27.26154 
-29.306891 -28.682058 0 -27.015956 -26.552428 -26.441197 -26.417065 -26.783254 -26.918391 -27.248657 -28.07345 -26.961426 -27.357563 -28.148453 -29.203624 -30.554908 -27.317926 -27.335077 -28.077266 0 -27.394469 -26.930508 -26.840733 -26.321433 -26.687569 -27.032691 -26.837923 -26.270601 -26.236317 -26.580266 -26.444412 -26.298084 -26.308853 -26.323275 -26.401914 -33.436456 -27.434349 -27.15949 -26.284447 -26.292749 -27.098539 -27.050965 -27.01413 -26.961426 -27.048524 -28.060201 -27.181957 -26.849914 -26.918765 -26.377195 -26.308853 -27.041267 -32.808334 0 -27.594453 -26.38341 -26.355173 -26.478521 -26.53299 -26.958567 -27.197637 -26.960199 -26.788728 -26.664883 -26.464344 -26.226203 -26.208967 -26.747457 -27.620789 -27.042711 -27.200185 -26.317723 -26.357479 -27.203385 -28.05084 -27.554908 -26.295857 -26.317455 -26.706068 -26.582212 -26.555283 -26.523836 -27.366016 
0 -30.848459 -26.580565 -26.335231 -26.30713 -26.321068 -26.229726 -26.304519 -26.427898 -26.604027 -26.771738 -26.972193 -26.808217 -28.48153 -30.554908 -39.491443 -28.44391 -27.317926 -27.605798 -28.008856 -27.671195 -26.930508 -26.321433 -26.687569 -27.032691 -28.995292 -26.891193 -26.268828 -26.270601 -26.48783 -26.305343 -26.312056 -26.298084 -26.308853 -30.658322 0 -28.67253 -27.363303 -26.292749 -26.316875 -26.978516 -27.164876 -27.557053 -27.048524 -27.486301 -39.315518 -28.060201 -28.707801 0 -26.247921 -26.279169 -26.968855 0 0 -26.618596 -26.456456 -26.38341 -26.355173 -26.600811 -26.987507 -26.880416 -27.116472 -26.772002 -26.547337 -26.418301 -26.225323 -26.226203 -26.999755 -26.877336 -26.77253 -26.33623 -26.317857 -26.317857 -27.424391 -27.543213 -27.237701 -26.317455 -26.284986 -26.859298 -26.581612 -26.523836 -26.365882 -26.365882 
-32.933834 -26.585991 -26.439908 -26.469171 -26.335231 -26.229726 -26.304519 -26.352951 -26.337084 -26.387292 -26.521898 -26.697126 -27.090576 -27.308755 -27.620789 -28.833587 0 -28.44391 -29.660915 0 -27.671195 -27.037438 -26.473601 -28.628948 -29.326387 -28.438629 -26.69498 -26.241967 -26.268828 -26.326077 -26.292787 -26.305343 -26.312056 -26.436167 0 -27.111523 -27.088472 -27.506138 -26.316875 -26.338195 -26.737444 -26.801615 -26.998428 -27.486301 -27.837159 0 -39.512612 0 0 -26.251065 -26.247921 -27.23838 0 0 -26.358729 -26.376566 -26.442408 -26.455259 -26.640905 -26.684857 -26.585991 -26.798778 -26.729106 -26.508722 -26.406108 -26.269406 -26.225323 -26.877336 -26.77253 -26.805908 -26.346396 -26.33623 -26.340388 -27.106076 -26.878019 -26.855066 -26.284986 -26.240369 -27.098004 -26.609903 -26.528373 -26.25748 -26.360781 
-26.587058 -26.525911 -26.585991 -26.439908 -26.469171 -26.472807 -26.352951 -26.337084 -26.387292 -26.517589 -26.534252 -26.422847 -26.928212 -27.107161 -27.530653 -28.5779 0 0 0 -27.82675 -27.037438 -26.473601 -26.395712 -39.446064 0 -29.003264 -26.712083 -26.248658 -26.241967 -26.309658 -26.326077 -26.292787 -26.538073 -26.631932 -27.111523 -27.088472 -26.787902 -27.03601 -26.338195 -26.338754 -26.639271 -26.834824 -26.674622 -26.633529 -26.638006 0 0 -39.489678 -26.268572 -26.285238 -26.251065 -30.554908 0 -27.455626 -26.212929 -26.358729 -26.376566 -26.442408 -26.52226 -26.585991 -26.590746 -26.522623 -26.461119 -26.350757 -26.32309 -26.370629 -26.269406 -27.239741 -26.805908 -26.71029 -26.363877 -26.334437 -27.106076 -26.878019 -26.652014 -26.62338 -26.240369 -26.204461 -26.725356 -26.528373 -26.501822 -26.257041 -26.379452 
-26.44485 -26.55955 -26.525911 -26.609574 -26.815518 -26.797649 -26.816403 -26.643463 -26.517589 -26.534252 -26.422847 -26.499269 -26.85734 -26.599534 -28.5779 -28.5779 -39.456684 0 0 -32.84966 -26.972193 -26.395712 -26.399353 -26.627714 -26.615727 -26.467906 -26.452611 -26.219089 -26.248658 -26.343968 -26.309658 -26.420014 -26.665275 -26.787353 -27.488261 -26.787902 -27.03601 -26.963067 -26.338754 -26.639271 -26.434237 -26.587976 -26.633529 -26.638006 -26.34402 0 -27.951535 -27.107704 -26.257304 -26.268572 -26.285238 0 -28.118208 -26.439394 -26.185902 -26.212929 -26.370082 -26.429608 -26.462347 -26.52226 -26.522623 -26.582062 -26.414994 -26.355005 -26.350757 -26.32309 -26.370629 -26.971775 -26.71029 -26.550139 -26.334437 -26.243035 -27.077559 -26.652014 -26.62338 -26.604027 -26.204461 -26.196504 -26.56972 -26.501822 -26.414613 -26.228957 -26.364751 
-26.428466 -26.44485 -26.55955 -26.616063 -26.987507 -26.816403 -26.513935 -27.056376 -27.121465 -26.886294 -26.499269 -26.587823 -26.599534 -26.599534 -26.520934 -26.578482 -26.873262 -29.783662 -32.84966 -26.972193 -26.91282 -26.399353 -26.627714 -26.667439 -26.793721 -26.608587 -26.288004 -26.227091 -26.219089 -26.309786 -26.377069 -26.525666 -26.844508 -27.494173 -27.64321 -27.166683 -26.963067 -26.971357 -26.570584 -26.434237 -26.587976 -27.426192 -28.077266 -26.34402 -26.630872 -26.661182 -26.699286 -26.808217 -26.288815 -26.257304 0 0 -27.40576 -26.669419 -26.211493 -26.185902 -26.351522 -26.370082 -26.429608 -26.540521 -26.640178 -26.697342 -26.582062 -26.414994 -26.355005 -26.365113 -26.971775 -26.836061 -26.613884 -26.390712 -26.243035 -26.190645 -27.126502 -26.768322 -26.677253 -26.56136 -26.196504 -26.234451 -26.626321 -26.496851 -26.38289 -26.38289 -26.42871 
-26.410242 -26.428466 -26.702333 -26.71615 -26.616063 -26.513935 -26.582814 -26.807639 -26.823252 -26.897573 -26.587823 -27.347834 -26.599534 -26.520934 -26.578482 -26.548401 -26.519136 -26.715242 -26.765456 -26.578185 -26.597946 -26.656566 -27.370755 -27.735447 -27.068377 -26.75019 -26.288409 -26.288004 -26.227091 -26.370143 -26.479742 -26.681342 -26.813754 -26.868892 -27.731453 -27.491211 -27.603516 -26.570584 -26.911714 -34.017641 -26.715696 -26.993156 -27.173965 -26.272134 -26.371728 -26.902237 -26.661182 -26.699286 -26.414765 -26.288815 0 0 -27.62312 -26.731232 -26.237911 -26.211493 -26.38696 -26.442062 -26.534125 -26.315988 -26.543646 -26.465014 -26.444938 -26.408904 -26.419702 -26.423561 -26.386298 -26.700806 -26.606461 -26.421347 -26.190645 -26.183529 -26.806196 -27.09534 -27.413685 -26.65258 -26.234451 -26.336682 -26.707618 -26.707618 -26.38289 -26.203907 -26.322236 
-26.566005 -26.410242 -26.791495 -27.019628 -27.245213 -26.582814 -26.652202 -26.823252 -26.897573 -26.93591 -26.93591 -26.689249 -27.082209 -26.729106 -26.548401 -26.519136 -26.715242 -26.765456 -26.578185 -26.597946 -26.46159 -26.627017 -28.2809 -27.82675 -26.604674 -26.402846 -26.265664 -26.288409 -26.361082 -26.394536 -26.482924 -26.541169 -26.717516 -30.620178 -27.491211 -30.005244 -32.494854 -26.37469 -26.792328 -26.479029 -26.429036 -26.582363 -26.728165 -26.293816 -26.272134 -26.698637 -28.224692 -28.685249 -26.980216 -26.414765 0 -27.963419 -26.867223 -26.764419 -26.289854 -26.237911 -26.605323 -26.577593 -26.397315 -26.26445 -26.315988 -26.499822 -26.483234 -26.444938 -26.408904 -26.386298 -26.733847 -26.632996 -26.633351 -26.544433 -26.183529 -26.234062 -27.46698 -28.136252 0 -26.507008 -26.425799 -26.336682 -26.707618 -26.591675 -26.471918 -26.18461 -26.30641 
-26.858971 -26.566005 -27.234992 -27.232295 -27.978913 -26.652202 -27.138435 -27.033637 -27.033637 -26.918391 -26.689249 -26.48573 -26.793721 -26.712757 -26.857014 -27.453751 -27.709162 0 -26.917272 -26.46159 -26.627017 -26.675631 -26.88699 -26.648641 -26.405743 -26.347196 -26.267205 -26.265664 -26.371422 -26.361082 -26.429445 -26.669022 -28.290158 -27.4217 -26.758765 -26.65829 -26.773589 -26.273188 -26.37469 -26.467131 -26.479029 -26.429036 -26.582363 -26.296206 -26.293816 -26.879045 -29.154372 -29.351082 -28.685249 -30.246389 -27.747541 -27.072439 -26.933201 -26.349291 -26.309956 -26.289854 -26.546013 -26.420014 -26.440337 -26.299628 -26.26445 -26.519974 -26.50474 -26.483234 -26.628063 -26.391797 -26.632996 -26.674017 -26.851517 -27.014586 -26.234062 -26.257451 -27.989378 -27.989378 0 -26.425799 -26.425799 -26.910243 -26.874616 -26.713885 -26.579373 -26.226113 -26.408014 
-26.552699 -26.425157 -26.538329 -26.752692 -27.053418 -27.209187 -27.209187 -27.033637 -26.918391 -26.763643 -26.48573 -26.693698 -27.006891 -27.119795 -27.624288 -27.654048 -27.154154 -28.196545 -27.115368 -26.587364 -26.481379 -26.739134 -27.188806 -26.560106 -26.308896 -26.302844 -26.277249 -26.267205 -26.31692 -26.383606 -26.522623 -26.668824 -26.591365 -27.060845 -26.418146 -26.546145 -26.65829 -26.238969 -26.273188 -26.465974 -26.467131 -26.636387 -26.275153 -26.240651 -26.296206 -26.878019 0 0 0 -29.027435 -27.571144 -27.099073 -26.955321 -26.327878 -26.349291 -26.309956 -26.370143 -26.378968 -26.420014 -26.214753 -26.299628 -26.998428 -27.111523 -26.891193 -26.391797 -26.419156 -26.717744 -26.904044 -27.457506 -27.206601 -26.259942 -26.242669 -27.718271 -30.438459 0 -26.425799 -26.570729 -26.930892 -26.918391 -26.893663 -26.720264 -26.284375 -26.561485 
-26.354058 -26.454342 -26.425157 -26.538329 -26.751689 -26.354281 -26.440939 -26.655232 -27.049987 -27.343022 -27.099609 -27.130452 -27.119795 -27.644407 -27.654048 -27.154154 -26.88421 -26.68946 -26.528744 -26.481379 -26.438966 -26.472807 -26.896859 -26.393985 -26.292597 -26.308896 -26.302844 -26.277249 -26.397595 -26.530484 -26.851517 -26.57656 -26.407943 -26.591365 -26.62252 -26.418146 -26.546145 -26.227503 -26.238969 -26.544301 -26.747457 -26.708951 -26.246378 -26.275153 -26.240651 -26.529116 -39.468476 0 -27.173355 -27.755698 -27.043193 -26.841046 -26.832668 -26.24918 -26.32439 -26.336481 -26.358729 -26.370143 -26.378968 -26.180116 -26.214753 -26.684649 -27.177026 -27.1758 -26.315855 -26.363818 -26.948098 -26.717744 -26.904044 -27.457506 -26.276705 -26.268892 -28.11226 -27.876881 -28.833587 -26.570729 -26.69907 -26.918391 -26.989672 -26.950093 -26.955726 -26.336732 -26.724103 
-27.55598 -26.354058 -26.454342 -27.053418 -26.354281 -26.440939 -26.416603 -26.379797 -26.378143 -26.48783 -26.779198 -26.772002 -26.987075 -26.934747 -27.317926 -27.944808 -26.68946 -26.528744 -26.553784 -26.438966 -26.472807 -26.648082 -26.718658 -26.383736 -26.311927 -26.292597 -26.313486 -26.319206 -26.639452 -27.342223 0 -26.379861 -26.536921 -26.407943 -26.717972 -26.62252 -26.666061 -26.273023 -26.227503 -26.841046 -26.619105 -26.747457 -26.290114 -26.246378 -26.405233 -27.758433 -26.667242 -26.742539 -26.485835 -26.816403 -26.712083 -26.697989 -26.640178 -26.216858 -26.24918 -26.32439 -26.336481 -26.328881 -26.207621 -26.205954 -26.180116 -28.812401 -27.1758 -27.137861 -26.273354 -26.252412 -27.237701 -26.948098 -28.563261 -28.003506 -26.286869 -26.258158 -27.099073 -28.833587 -27.546385 -26.69907 -26.603381 -27.104452 -26.887688 -26.837612 -26.756476 -26.408904 -26.907363 
0 -26.467228 -26.846725 -27.661354 -26.506212 -26.416603 -26.379797 -26.378143 -26.48783 -26.453521 -26.4548 -26.57363 -26.809377 -27.317926 -29.914926 -31.916017 -29.278073 -26.973871 -26.62754 -26.593699 -26.648082 -26.420562 -26.882827 -26.36827 -26.383736 -26.311927 -26.370629 -26.313486 -26.760299 -32.439263 -29.77733 -26.385902 -26.379861 -26.69907 -26.632464 -26.717972 -26.739619 -26.339161 -26.273023 -26.743762 -26.702114 -26.619105 -26.567857 -26.290114 -27.49814 -26.536538 -26.523471 -26.611224 -26.371361 -26.485835 -26.75219 -26.708062 -26.58982 -26.222458 -26.216858 -26.359644 -26.338652 -26.226158 -26.249704 -26.207621 -26.205954 0 -27.137861 -26.658482 -26.235823 -26.206142 -28.44391 -27.89899 -34.374646 -26.686732 -26.258158 -26.330712 -26.475998 -26.896147 -27.878443 -26.603381 -26.599375 -26.887688 -26.687779 -26.631225 -26.699286 -26.315282 -27.927796 
-26.476199 -26.650511 -26.467228 -26.846725 -26.714337 -26.645487 -26.638728 -26.518183 -26.453521 -26.4548 -26.302114 -26.508722 -26.39282 -26.390712 -26.525911 -26.709397 -26.597946 -26.633173 -26.605323 -26.673615 -26.420562 -26.43499 -26.438455 -26.422689 -26.36827 -26.384586 -26.480355 -26.420954 -39.467297 -30.137407 -30.500412 -26.355845 -26.385902 -27.052435 -26.69907 -26.95816 -27.002865 -26.312705 -26.339161 -26.682372 -26.743762 -26.702114 -27.813539 -26.767799 -26.703427 -26.544301 -26.536538 -26.523471 -26.369537 -26.371361 -26.736001 -26.687151 -26.597471 -26.228656 -26.222458 -26.333104 -26.270763 -26.2638 -26.226158 -26.249704 -26.325889 -28.188027 -26.770683 -26.465014 -26.206142 -26.184852 -27.89899 -27.89899 -28.644349 -26.46511 -26.311668 -26.475998 -26.485104 -26.443277 -26.743517 -26.599375 -26.697773 -26.687779 -26.631225 -26.699286 -26.315282 -26.327973 -39.443847 
-26.701896 -26.476199 -26.650511 -27.267592 -26.671211 -26.638728 -26.565155 -26.59152 -26.55789 -26.302114 -26.274986 -26.39282 -26.390712 -26.525911 -26.64475 -26.597946 -26.459991 -26.492729 -26.609409 -26.784343 -26.43499 -26.732656 -26.745482 -26.438455 -26.422689 -26.445289 -26.594011 -26.687569 -28.975547 -35.749333 -30.137407 -26.327497 -26.355845 -27.012765 -27.052435 -28.589732 -27.178255 -26.224717 -26.312705 -26.943343 -26.682372 -27.672433 0 -27.400526 -26.683612 -26.567714 -26.544301 -26.332564 -26.36785 -26.369537 -26.759531 -26.694766 -26.57863 -26.22387 -26.228656 -26.306921 -26.315811 -26.270763 -26.2638 -26.248193 -26.49707 -27.115368 -26.465014 -26.443887 -26.184852 -26.184852 -26.847361 -26.965952 -27.353492 -26.311668 -26.355341 -26.485104 -26.443277 -26.455351 -26.414689 -26.555283 -26.483131 -26.873262 -26.770683 -26.933973 -26.327973 -26.327544 -39.394543 
-26.799061 -26.701896 -27.219642 -27.52445 -26.888737 -26.565155 -26.59152 -26.79991 -26.771738 -26.274986 -26.258513 -26.732181 -26.708062 -26.714789 -26.910978 -26.459991 -26.460742 -26.609409 -26.607932 -26.848317 -26.732656 -26.849274 -26.604512 -26.400487 -26.270828 -26.339416 -26.445289 -26.787627 -28.734042 -28.975547 -27.919991 -26.324951 -26.327497 -27.307997 -27.949849 -28.819428 -26.243402 -26.221237 -26.224717 -27.123139 -28.586764 0 -27.144207 -26.642547 -26.533746 -26.600331 -26.567714 -26.312661 -26.332564 -26.36785 -26.751189 -26.707174 -26.590746 -26.225458 -26.22387 -26.35229 -26.306921 -26.315811 -26.329361 -26.306838 -29.984034 -28.12619 -26.443887 -26.443887 -26.184852 -26.200004 -26.620637 -27.067872 -27.068377 -26.355341 -26.356294 -26.669816 -26.455351 -26.414689 -26.555283 -26.483131 -26.367311 -27.59784 -29.31661 -27.783445 -26.327544 -26.317544 -28.545912 
-27.077559 -26.799061 -27.218983 -27.001085 -28.959938 -27.422596 -27.327226 -27.34703 -26.688408 -26.258513 -26.314535 -26.360046 -26.463963 -26.697557 -26.884557 -26.460742 -26.306879 -26.600971 -26.535138 -26.523593 -26.752441 -27.328007 -26.439736 -26.274952 -26.360678 -26.270828 -26.339416 -26.900079 -27.476577 -28.734042 -29.529248 -26.393779 -26.324951 -28.335179 -29.739775 -32.687296 -26.257627 -26.243402 -26.221237 0 0 0 -26.566289 -26.684649 -26.642547 -26.533746 -26.585839 -26.26337 -26.312661 -26.602575 -26.650136 -26.751189 -26.703208 -26.228055 -26.225458 -26.348052 -26.389431 -26.498938 -26.611721 -26.329361 -27.691232 -31.524992 -26.443887 -26.441111 -26.200004 -26.202154 -26.441456 -26.624069 -26.835133 -26.356294 -26.319477 -26.706731 -26.761325 -26.600651 -26.551214 -26.367311 -26.635849 -26.754705 -27.849201 -29.458933 -26.317544 -26.330325 -27.237023 
-28.891675 -27.077559 -27.306482 -27.026118 -27.001085 -28.226887 -28.25808 -28.979475 -27.281265 -26.314535 -26.360046 -26.463963 -26.697557 -26.884557 -26.830218 -26.306879 -26.600971 -26.535138 -26.523593 -26.53211 -26.513701 -26.511605 -26.30584 -26.372525 -26.274952 -26.360678 -27.436175 -27.041748 -27.33114 -28.983414 -32.457688 -26.432241 -26.393779 -31.90055 -39.516137 -39.529642 -26.261508 -26.272726 -26.717516 0 0 0 -26.763643 -26.566289 -26.684649 -26.554192 -26.430017 -26.272331 -26.26337 -26.579521 -26.763901 -26.578927 -26.358388 -26.239121 -26.228055 -26.480252 -26.718658 -26.807639 -26.688408 -26.72489 -31.524992 -27.638438 -26.4764 -26.398296 -26.202154 -26.312748 -26.474198 -26.419546 -26.513467 -26.319477 -26.249593 -26.532613 -26.727695 -26.551214 -26.612552 -26.326975 -26.754705 -26.704305 -27.000198 -27.390174 -26.330325 -26.374877 -27.135087 
-29.901391 -26.984492 -26.412265 -26.405233 -26.875294 -26.889437 -27.279086 -27.087948 -26.948496 -26.798213 -27.024256 -27.317926 -27.128192 -26.830218 -26.648827 -26.337285 -26.573484 -26.578037 -26.53211 -26.513701 -26.656375 -26.525788 -26.420405 -26.30584 -26.372525 -26.973871 -26.391525 -27.275472 -27.207893 -28.240149 -39.5132 -26.433153 -26.42182 -39.448425 0 0 -26.272726 -26.302722 -27.091103 -39.514375 0 0 -26.597946 -26.519136 -26.44661 -26.421583 -26.460366 -26.359472 -26.272331 -26.682785 -26.399778 -26.343654 -26.286033 -26.358388 -26.239121 -26.96678 -27.411034 -27.172745 -26.343549 -26.688408 -30.776629 -27.037438 -26.527385 -26.262909 -26.184564 -26.474198 -26.419546 -26.513467 -26.486568 -26.249593 -26.24377 -26.349833 -26.561779 -26.760555 -26.326975 -26.30713 -26.704305 -26.700589 -26.920639 -27.01322 -26.374877 -26.398015 -27.73644 
-26.618935 -26.380053 -26.356632 -26.412265 -26.405233 -26.743272 -27.087948 -26.910978 -26.640905 -26.674622 -26.640905 0 0 -39.476135 -26.337285 -26.313138 -26.64771 -26.693059 -26.740104 -26.728635 -26.938635 -26.490054 -26.525788 -26.420405 -26.509066 -26.391525 -26.292825 -26.946905 -27.339038 -28.8443 0 -26.42182 -26.445201 -29.654987 -39.51555 -29.240421 -26.302885 -26.32989 -34.43726 -29.068596 -32.191937 -26.537432 -26.291878 -26.348106 -26.353725 -26.44661 -26.421583 -26.377447 -26.359472 -26.403711 -26.446787 -26.399778 -26.343654 -26.286033 -26.409349 -28.290158 -27.082209 -26.87836 -26.238213 -26.343549 -30.564119 -26.89793 -26.595579 -26.184564 -26.200128 -26.501488 -26.522139 -26.538329 -26.533368 -26.24377 -26.302195 -26.561779 -26.760555 -27.50916 -26.30713 -26.41745 -26.700589 -26.920639 -27.01322 -27.163075 -26.398015 -26.464823 -30.589735 
-26.443364 -26.409869 -26.380053 -26.356632 -26.523107 -26.618935 -26.670812 -26.640905 -26.674622 -26.640905 -26.477004 -26.882827 -27.618465 -27.294493 -26.313138 -26.340388 -26.693059 -26.814047 -26.765196 -26.946905 -27.173965 -26.841046 -26.490054 -26.54694 -27.321011 -26.195652 -26.283198 -26.512418 -26.829302 -27.636063 -26.418923 -26.324297 -26.432158 -27.009142 -28.379495 -27.554908 -26.377573 -26.330035 -29.068596 -28.685249 -27.455626 -26.322859 -26.328259 -26.291878 -26.348106 -26.353725 -26.4738 -26.296284 -26.377447 -26.58905 -26.403711 -26.446787 -26.819367 -26.670015 -27.761178 -26.924031 -26.823252 -26.483856 -26.233602 -26.238213 -27.406636 -26.840107 -26.75019 -26.200128 -26.238969 -26.371422 -26.491656 -26.613884 -26.612718 -26.302195 -26.317947 -27.09747 -28.486999 -33.339721 -26.244801 -26.392205 -27.141314 -27.800518 -26.950494 -27.166683 -26.38063 -26.500931 0 
-26.431662 -26.411964 -26.391933 -26.4022 -26.430756 -26.670812 -26.682579 -26.741319 -26.706731 -26.477004 -26.739619 -27.618465 -27.108793 -27.255604 -26.340388 -26.439736 -26.83917 -26.765196 -27.078589 -27.773634 -27.195734 -27.173965 -26.841046 -27.295236 -26.635312 -26.133504 -26.195652 -26.371117 -26.512418 -26.829302 -26.355789 -26.418923 -26.324297 -26.733608 -27.009142 -28.379495 -26.500709 -26.565155 -28.566176 -27.58996 -26.832668 -26.332564 -26.322859 -26.328259 -26.321068 -26.430756 -26.475096 -26.274484 -26.296284 -26.497837 -26.611059 -27.537955 -26.844824 -27.470804 -26.91504 -26.857992 -26.473999 -26.288225 -26.26294 -26.233602 -26.840107 -26.702333 -26.614051 -26.238969 -26.28495 -26.491656 -26.631225 -26.612718 -26.875974 -26.317947 -26.305385 -27.273313 -27.543213 -27.336659 -26.230453 -26.244801 -26.697989 -27.141314 -27.128756 -26.360967 -26.404724 -26.38063 -28.330357 
-26.314754 -26.260482 -26.294506 -26.391933 -26.550139 -27.062843 -26.741319 -26.706731 -26.870568 -26.739619 -27.75297 -27.108793 -27.255604 -28.183793 -26.439736 -26.499159 -27.012765 -27.078589 -26.910978 -27.04755 -29.654987 -27.195734 -27.665031 -26.439479 -26.276841 -26.135078 -26.133504 -26.320339 -26.537048 -26.777855 -26.302357 -26.355789 -26.504515 -26.564025 -26.733608 -28.010646 -26.898287 -28.566176 -27.58996 -27.563525 -26.887339 -26.33593 -26.332564 -26.377384 -26.417219 -26.462536 -26.45831 -26.342454 -26.274484 -26.784616 -27.312561 -29.529248 -26.496632 -26.721646 -26.807061 -26.501265 -26.315458 -26.298676 -26.288225 -26.26294 -26.702333 -26.527509 -26.556241 -26.28495 -26.28263 -26.631755 -27.09534 -27.372422 -26.386695 -26.305385 -26.320885 -27.252816 -27.217668 -27.087948 -26.271937 -26.230453 -27.844666 -28.124188 -27.363303 -26.418224 -26.360967 -26.404724 -39.473779 
-26.248494 -26.314754 -26.260482 -26.294506 -26.75673 -26.77042 -26.736962 -26.924031 -27.121465 -26.909876 0 0 -33.877716 -27.59784 -26.499159 -26.554873 -27.317157 -26.910978 -27.04755 -27.58438 -27.652837 0 -26.546807 -26.301227 -26.289556 -26.154021 -26.135078 -26.488041 -26.7954 -27.136715 -26.272529 -26.302357 -26.424517 -26.675631 -27.063845 0 0 -28.211612 -27.861402 -28.557452 -27.228271 -26.385572 -26.33593 -26.399212 -26.486778 -26.528249 -26.462536 -26.45831 -26.342454 -27.309514 -27.316388 -27.0224 -26.385572 -26.496632 -26.551753 -26.369839 -26.33593 -26.237511 -26.298676 -26.299747 -26.527509 -26.538201 -26.544959 -26.28263 -26.300026 -27.068883 -28.173279 -31.649461 -26.354949 -26.349562 -26.325372 -27.085332 -27.045609 -27.217668 -26.315194 -26.271937 -31.445016 -28.944491 -28.124188 -26.495216 -26.418224 0 0 
-26.378016 -26.248494 -26.349021 -27.075505 -26.967609 -29.06443 -27.264751 -28.714314 -26.464153 -28.462576 -39.499091 0 0 -30.629655 -26.554873 -28.944491 -30.648727 -28.473371 -27.58438 -27.652837 0 -27.371588 -26.406401 -26.381466 -26.301227 -26.185948 -26.154021 -26.846725 -27.172136 -27.627803 -26.283661 -26.272529 -26.684027 -27.55598 0 0 -27.984132 0 0 -37.603988 -27.846175 -26.424677 -26.385572 -26.552293 -26.580266 -26.533368 -26.547337 -26.390171 -26.937465 -26.977245 -26.97894 -26.864896 -26.333942 -26.385572 -26.464344 -26.409275 -26.369839 -26.256515 -26.237511 -26.516523 -26.538201 -26.544959 -26.562059 -26.300026 -26.381144 -28.144371 -35.307091 -39.470833 -26.330422 -26.36821 -27.299711 -27.049011 -27.085332 -27.045609 -26.309786 -26.302966 -30.746493 -31.445016 -28.944491 -26.545881 -26.495216 0 0 
-28.914077 -26.378016 -26.601612 -26.587517 -27.572239 -27.352681 -26.86789 -26.49187 -26.219323 -26.464153 -26.593855 -26.512535 -26.432324 -26.446699 -26.665471 -39.493208 0 0 -33.612023 -26.637105 -28.233499 -26.773854 -26.414918 -26.406401 -26.381466 -26.206936 -26.185948 -27.39879 -27.562443 -27.37493 -26.358274 -26.283661 -28.685249 0 0 -27.115368 -27.065855 -27.984132 -27.809178 -27.216356 -26.958567 -26.442582 -26.424677 -26.655613 -26.64383 -26.817586 -26.325748 -26.551079 -26.390171 -26.885946 -26.867556 -26.685689 -26.297142 -26.333942 -26.45971 -26.416603 -26.346662 -26.284196 -26.256515 -28.520325 -27.17764 -27.318696 -27.390174 -26.253234 -26.307465 -27.543213 -28.622837 -27.91348 -26.292029 -26.330422 -27.397059 -27.087423 -27.049011 -27.457506 -26.288299 -26.269052 -32.2261 -30.746493 -32.494854 -26.539616 -26.524322 0 0 
0 -28.914077 0 -26.423243 -26.587517 -27.125379 -26.519375 -26.324204 -26.205279 -26.219323 -26.461968 -26.500265 -26.512535 -26.432324 -26.446699 -26.713433 -26.73337 -26.589358 -26.550945 -26.376252 -26.456087 -26.349453 -26.353892 -26.414918 -26.18221 -26.217589 -26.206936 -27.499135 -27.603516 -27.562443 -26.536921 -26.358274 0 0 0 -26.774917 -26.812582 -26.638909 -26.742295 -26.885946 -26.952901 -26.958567 -26.442582 -26.655232 -26.743517 -26.803327 -26.266448 -26.325748 -26.551079 -26.670413 -26.758 -26.638548 -26.307507 -26.297142 -26.494673 -26.384586 -26.359873 -26.346662 -26.284196 -29.963047 -28.837149 -28.010646 -27.045125 -26.238515 -26.253234 -27.307997 -27.214392 -26.921015 -26.282878 -26.292029 -27.591081 -27.145368 -27.099073 -26.348859 -26.267839 -26.267839 -27.539003 -30.858897 0 -26.524322 -26.607114 0 0 
0 0 -30.554908 -26.390847 -26.423243 -26.986212 -26.406035 -26.360909 -26.245574 -26.205279 -26.52335 -26.461968 -26.500265 -26.624414 -26.867223 -26.63909 -26.506553 -26.425879 -26.385902 -26.212448 -26.225143 -26.240959 -26.299349 -26.353892 -26.199969 -26.18221 -26.217589 -27.252816 -27.540054 -27.603516 -26.909876 -26.536921 0 0 0 -26.462347 -26.647153 -26.789556 -26.638909 -26.742295 -26.885946 -26.952901 -26.569864 -26.626668 -26.655232 -26.711409 -26.266605 -26.266448 -26.508722 -26.821156 -26.768061 -26.577593 -26.301832 -26.307507 -26.409869 -26.36773 -26.384586 -26.359873 -26.844508 -27.89262 -27.755698 -27.593328 -26.213635 -26.229633 -26.238515 -27.028925 -26.916155 -26.905495 -26.328355 -26.282878 -28.35467 -27.145949 -27.1758 -26.336431 -26.333547 -26.313008 -26.995785 -27.503129 0 -26.607114 -26.861594 0 0 
0 0 -26.392751 -26.383802 -26.390847 -27.078589 -26.573921 -26.406035 -26.35799 -26.245574 -27.324889 -28.058322 -27.987626 -26.667242 -26.770157 -26.622864 -26.480866 -26.376691 -26.31889 -26.202516 -26.212448 -26.225143 -26.240959 -26.299349 -26.216027 -26.199969 -26.935134 -27.252816 -27.252816 -27.946485 -28.632013 -26.909876 0 -28.330357 -27.05391 -26.387159 -26.462347 -26.647153 -26.789556 -27.359198 -27.168495 -26.459523 -26.777855 -26.569864 -26.626668 -26.761838 -26.267331 -26.266605 -26.589666 -26.694125 -26.559134 -26.301751 -26.293625 -26.301832 -26.338449 -26.314097 -26.36773 -26.449456 -26.987507 -27.360837 -27.56787 -27.4128 -26.205392 -26.213635 -26.229633 -26.792606 -26.901157 -26.916155 -26.376064 -26.328355 -27.746189 -27.161878 -27.145949 -26.333547 -26.38302 -26.995785 -27.039349 -27.03601 -29.422219 -26.861594 -27.758433 0 0 
0 0 -26.348913 -26.392751 -26.383802 -27.374093 -26.902959 -26.573921 -26.43092 -26.35799 0 -30.827716 -28.058322 -26.577593 -26.667242 -26.607604 -26.501599 -26.463391 -26.376691 -26.314272 -26.202516 -26.311582 -26.377637 -26.367491 -26.22982 -26.216027 -26.667637 -26.983634 -27.563525 -31.90055 -33.637783 -28.701319 -26.857992 -26.683405 -26.72793 -27.05391 -26.387159 -26.675227 -27.451881 -27.578838 -26.744498 -26.639815 -26.459523 -26.777855 -26.970521 -26.77121 -26.236243 -26.267331 -26.525666 -26.653146 -26.682579 -26.378777 -26.301751 -26.293625 -26.285202 -26.338449 -26.314097 -26.667637 -26.583266 -27.377448 -27.360837 -27.106076 -26.208061 -26.205392 -27.183197 -27.13329 -26.792606 -26.901157 -26.467422 -26.376064 -28.037878 -27.714356 -27.161878 -26.375126 -26.380694 -27.039349 -27.03601 -27.207247 -28.517514 -27.758433 -38.03721 0 0 
0 0 -26.319206 -26.348913 -31.341914 -28.887975 -27.374093 -26.902959 -26.453521 -26.400345 0 0 -30.817412 -26.946905 -26.577593 -26.868223 -26.607604 -26.501599 -26.463391 -26.371178 -26.314272 -26.394812 -26.354838 -26.34757 -26.267585 -26.22982 -26.536028 -26.744498 -28.613725 0 -30.19119 -26.822353 -26.784888 -26.857992 -26.683405 -26.72793 -26.594481 -26.950894 -27.705288 -27.451881 -27.107161 -26.744498 -26.639815 -27.360837 -26.695837 -26.467325 -26.211216 -26.236243 -26.467035 -26.577003 -26.653146 -26.33608 -26.338043 -26.285418 -26.35467 -26.285202 -26.517945 -26.411139 -26.489523 -27.284912 -27.377448 -26.97979 -26.22989 -26.208061 -28.569097 -27.709162 -27.13329 -27.281993 -26.559967 -26.467422 -30.716734 -28.037878 -27.714356 -26.391118 -26.375126 -28.43337 -27.207247 -27.669959 -28.162866 -30.817412 0 0 0 
0 0 0 -26.319206 0 -33.742591 -28.917844 -28.454542 -27.925783 -26.428304 0 0 0 -30.817412 -26.946905 -29.102341 -26.960199 -26.989238 -26.839794 -26.698421 -26.371178 -26.481174 -26.394812 -26.354838 -26.34757 -26.267585 -26.635849 -35.268868 0 0 0 -30.19119 -26.822353 -26.784888 0 0 -30.16797 -26.594481 -26.950894 -27.705288 -28.948338 -27.107161 -29.019335 -28.730734 -27.360837 -26.695837 -26.467325 -26.211216 -26.408164 -26.518183 -26.687779 -26.906951 -26.33608 -26.338043 -26.285418 -26.426281 0 0 -26.411139 -27.64321 -27.284912 -27.701432 -26.97979 -26.22989 0 -32.80639 -27.945985 -27.855281 -30.378189 -26.559967 0 -30.716734 -30.687346 -30.482535 -26.394322 0 -39.515942 -29.691231 -39.535469 0 0 0 0 
