NCOLS 89
NROWS 112
XLLCORNER 543650.24
YLLCORNER 4083886.8
CELLSIZE 10
NODATA_VALUE -9999
0 0 0 0 0 0 0 0 0 0 0 0 0 0 0 0 0 0 0 0 0 0 0 0 0 0 0 0 0 0 0 0 0 0 0 0 0 0 -39.525534 -28.142335 0 0 0 0 0 0 0 0 0 0 0 0 0 -26.782711 0 -28.876931 -27.074481 -27.311036 -26.664101 -27.834173 -29.458933 0 0 0 0 0 0 -29.302053 0 0 0 0 0 0 0 0 0 0 0 0 0 0 0 0 0 0 0 0 0 
0 0 0 0 0 0 0 0 0 0 0 0 0 0 0 0 0 0 0 0 0 0 0 0 0 -32.208972 0 0 0 0 0 0 0 0 0 0 0 0 0 -39.525534 -28.142335 0 0 0 0 0 0 0 0 0 0 0 0 -27.222946 -26.782711 -33.637783 -28.876931 -27.074481 -26.714563 -26.664101 -27.834173 -29.458933 0 -27.504131 0 0 0 -28.462576 -29.302053 0 0 0 0 0 0 0 0 0 0 0 0 0 0 0 0 0 0 0 0 
0 0 0 0 0 0 0 0 0 0 0 0 0 0 0 0 0 0 0 0 0 0 0 0 0 -30.620178 -32.208972 0 0 0 0 0 0 0 0 0 0 0 0 0 0 0 0 0 0 0 0 0 0 0 0 0 0 -27.586607 -27.222946 0 -33.637783 -39.490266 -27.100145 -26.714563 -27.807729 -39.446064 -32.870511 -27.360837 -27.504131 0 0 -28.292484 -28.462576 0 0 0 0 0 0 0 0 0 0 0 0 0 0 0 0 0 0 0 0 
0 0 0 0 0 0 0 0 0 0 0 0 0 0 0 0 0 0 0 0 0 0 0 0 0 -37.200866 -30.620178 0 0 0 0 0 0 0 0 0 -39.524946 0 0 0 0 0 0 0 0 0 0 0 0 0 0 0 0 -27.965128 -27.586607 0 0 0 -27.862938 -27.100145 0 0 0 -32.870511 -27.360837 -36.773143 -30.455985 -28.301836 -28.292484 0 0 0 0 0 0 0 0 0 0 0 0 0 0 0 0 0 0 0 0 
0 0 0 0 0 0 0 0 0 0 0 0 0 0 0 0 0 0 0 0 0 0 0 0 0 0 -37.200866 0 0 0 0 0 0 0 -27.434349 -39.507323 0 -39.524946 0 0 0 0 0 0 0 0 0 0 0 0 0 0 0 -28.00707 -27.965128 0 0 0 -28.357129 -27.862938 0 0 0 0 -39.520836 0 -36.773143 -30.455985 -28.301836 0 0 0 0 0 0 0 0 0 0 0 0 0 0 0 0 0 0 0 0 
0 0 0 0 0 0 0 0 0 0 0 0 0 0 0 0 0 0 0 0 0 0 0 0 0 0 0 0 0 0 0 0 0 0 -26.777855 -27.434349 -39.507323 0 0 0 0 0 0 0 0 0 0 0 0 0 0 0 0 -28.198685 -28.00707 0 0 0 -29.351082 -28.357129 0 0 0 0 0 0 0 -28.589732 -37.973351 0 0 0 -30.206814 0 0 0 0 0 0 0 0 0 0 0 0 0 0 0 0 
0 0 0 0 0 0 0 0 0 0 0 0 0 0 0 0 0 0 0 0 0 0 0 0 0 0 0 0 0 0 0 0 0 0 -26.551214 -26.777855 0 0 0 0 0 0 0 0 0 0 0 0 0 0 0 0 0 -27.829712 -28.198685 0 0 0 -30.933241 -29.351082 0 0 0 -39.528469 0 0 0 -27.187555 -28.5779 -39.459633 0 0 -27.007791 -30.206814 0 0 0 0 0 0 0 0 0 0 0 0 0 0 0 
0 0 0 0 0 0 0 0 0 0 0 0 0 0 0 0 0 0 0 0 0 0 0 0 0 0 0 0 0 0 0 0 0 0 -26.581912 -26.551214 0 0 0 0 0 0 0 0 0 0 0 0 0 0 0 0 0 -27.423493 -27.829712 0 0 0 -28.08687 -30.933241 0 0 0 -39.532576 -39.528469 0 0 -26.920639 -26.796804 0 0 0 -28.392105 -27.007791 0 0 0 0 0 0 0 0 0 0 0 0 0 0 0 
0 0 0 0 0 0 0 0 0 0 0 0 0 0 0 0 0 0 0 0 0 0 0 0 0 0 0 0 0 0 0 0 0 0 -26.7954 -26.581912 0 0 0 -30.827716 0 0 0 0 0 -27.343821 0 0 0 0 0 0 0 -27.175188 -27.423493 0 0 0 -28.218133 -28.08687 0 0 0 -39.493208 -39.532576 0 0 -26.796804 -26.834824 0 0 0 0 -28.392105 0 0 0 0 0 0 0 0 0 0 0 0 0 0 0 
0 0 0 0 0 0 0 0 0 0 0 0 0 0 0 0 0 0 0 0 0 0 0 0 0 0 0 0 0 0 0 0 0 0 -27.130452 -26.7954 -30.677631 0 0 -28.134232 -30.827716 0 0 0 -27.343821 -27.103372 0 0 0 0 0 0 0 -27.101756 -27.175188 0 0 0 -28.152551 -28.218133 0 0 0 -39.472601 -39.493208 0 0 -26.834824 -26.834824 0 0 0 0 0 0 0 0 0 0 0 0 0 0 0 0 0 0 0 0 
0 0 0 0 0 0 0 0 0 0 0 0 0 0 0 0 0 0 0 0 0 0 0 0 0 0 -39.493797 0 0 0 0 0 0 0 -27.302712 -28.231291 -27.961712 0 0 -27.847687 -28.134232 0 0 0 -27.103372 -27.402267 0 0 0 0 0 0 0 -27.004203 -27.101756 0 0 0 -27.858336 -28.152551 0 0 0 0 -39.472601 0 0 -26.842931 -27.52445 -28.884284 0 0 0 -31.380117 0 0 0 0 0 0 0 0 0 0 0 0 0 0 0 
0 0 0 0 0 0 0 0 0 0 0 0 0 0 0 0 0 0 0 0 0 0 0 0 0 -39.493797 -32.174996 0 0 0 0 0 0 0 0 -27.918359 -27.2157 0 0 -27.612682 -27.847687 0 0 0 -27.402267 -28.320772 0 0 0 -32.208972 0 0 0 -26.816108 -27.004203 0 0 0 -27.69887 -27.858336 0 0 0 -34.312953 0 0 0 -28.294815 -28.884284 0 0 0 -31.380117 -39.477313 0 0 0 0 0 0 0 0 0 0 0 0 0 0 0 
0 0 0 0 0 0 0 0 0 0 0 0 0 0 0 0 0 0 0 0 0 0 0 0 0 -32.174996 -30.026682 0 0 0 0 0 0 0 0 -27.2157 -26.968024 0 0 -27.243155 -27.612682 0 0 0 -28.379495 -29.158786 0 0 0 -29.015301 -32.208972 0 0 -26.773059 -26.816108 0 0 0 -27.476577 -27.69887 0 0 0 -32.828934 -34.312953 0 0 0 0 0 0 0 -39.477313 0 0 0 0 0 0 0 0 0 0 0 0 0 0 0 0 
0 0 0 0 0 0 0 0 0 0 0 0 0 0 0 0 0 0 0 0 0 0 0 0 0 -30.026682 -28.66307 0 0 0 0 0 0 0 0 -26.968024 -27.036486 0 0 -27.039828 -26.994031 0 0 0 -28.757424 -28.75406 0 0 0 -28.094617 -29.015301 0 0 -26.689039 -26.773059 0 0 0 -27.292269 -27.476577 0 0 0 -30.206814 -32.828934 0 0 0 0 0 0 0 0 0 0 0 0 0 0 0 0 0 0 0 0 0 0 0 0 
0 0 0 0 0 0 0 0 0 0 0 0 0 0 0 0 0 0 0 0 0 0 0 0 0 -28.66307 -29.585312 0 0 0 0 0 0 0 0 -27.036486 -27.2459 0 0 -26.682992 -26.846725 0 0 0 -27.747541 -28.540182 0 0 0 -27.517276 -28.094617 0 0 -26.879387 -26.689039 -27.602378 0 0 -27.077559 -27.292269 0 0 0 -29.346113 -30.206814 0 0 0 0 0 0 0 -39.315518 0 0 0 0 0 0 0 0 0 0 0 0 0 -30.933241 0 0 
0 0 0 0 0 0 0 0 0 0 0 0 0 0 0 0 0 0 0 0 0 0 0 0 0 -29.585312 -39.505559 0 0 0 0 0 0 0 0 -27.062843 -27.321011 0 0 -26.552699 -26.682992 0 0 0 -27.17764 -27.747541 0 0 0 -27.123139 -27.517276 0 0 -27.654048 -26.505532 -26.802185 0 0 -26.881104 -27.077559 0 0 0 -28.369502 -29.346113 0 0 0 0 0 0 0 -30.858897 -39.315518 0 0 0 0 0 0 0 0 0 0 0 0 0 -30.933241 0 
0 0 0 0 0 0 0 0 0 0 0 0 0 0 0 0 0 0 0 0 0 0 0 0 0 -39.505559 0 0 0 0 0 0 0 0 0 -26.831135 -27.062843 0 -39.527295 -26.4738 -26.552699 0 0 0 -27.255604 -27.17764 0 0 0 -26.89793 -27.123139 0 -31.750216 -27.989378 -26.473303 -26.505532 -33.363668 0 -26.752441 -26.881104 0 0 0 -29.568307 -28.369502 0 0 0 0 0 0 0 -30.152632 -30.858897 0 0 0 0 0 0 0 0 0 0 0 0 0 -27.454688 -29.306891 
0 0 0 0 0 0 0 0 0 0 0 0 0 0 0 0 0 0 0 0 0 0 0 0 0 0 0 0 0 0 -30.286716 0 0 0 0 -26.762611 -26.831135 0 -27.730126 -26.467228 -26.4738 0 0 0 -27.82675 -27.255604 0 0 0 -26.996665 -26.89793 0 -35.230958 -27.823797 -26.534252 -26.473303 -29.003264 -33.363668 -26.887688 -26.752441 0 0 0 0 -29.568307 0 0 0 0 0 0 0 -32.010548 -30.152632 0 0 0 0 0 0 0 0 0 0 0 0 0 -28.196545 -27.454688 
0 0 0 0 0 0 0 0 0 0 0 0 0 0 0 0 0 0 0 0 0 0 0 0 0 0 0 0 0 0 -28.374488 -30.286716 0 -39.508498 0 -26.826266 -26.762611 -32.260642 -27.441679 -26.739134 -26.467228 0 0 0 -28.359593 -27.82675 0 0 0 -27.416347 -26.996665 0 0 -35.230958 -27.036962 -26.534252 -29.861343 0 -27.84316 -26.887688 0 0 0 0 0 0 0 0 0 0 0 0 -39.53375 -32.010548 0 0 0 0 0 0 0 0 0 0 0 0 0 -29.573957 -28.196545 
0 0 0 0 0 0 0 0 0 0 0 0 0 0 0 0 0 0 0 0 0 0 0 0 0 0 0 0 0 0 -28.134232 -28.374488 0 -39.540202 -39.508498 -27.021474 -26.826266 -30.198987 -28.136252 -27.441679 -26.739134 0 0 0 -28.229087 -28.359593 0 0 0 -27.558128 -27.258404 0 0 0 -27.284181 -27.036962 0 0 -28.798453 -28.420323 0 0 0 0 0 0 0 0 0 0 0 0 0 -39.53375 0 0 0 0 0 0 0 0 0 0 0 0 0 -29.34116 -31.830566 
0 0 0 0 0 0 0 0 0 0 0 0 0 0 0 0 0 0 0 0 0 0 0 0 0 0 0 0 0 0 -27.982389 -28.134232 0 0 -39.540202 -27.13443 -27.021474 -39.444293 -30.198987 -28.136252 0 0 0 0 -27.464125 -28.229087 0 0 0 -27.258404 -27.177026 0 0 0 -27.041748 -27.264042 0 0 -27.793365 -29.282841 0 0 0 0 0 0 0 0 0 0 0 0 0 0 0 0 0 0 0 0 0 0 0 0 0 0 0 -28.81591 0 
0 0 0 0 0 0 0 0 0 0 0 0 0 0 0 0 0 0 0 0 0 0 0 0 0 0 0 0 0 0 -27.343022 -27.982389 0 0 0 -27.068883 -27.13443 0 -39.444293 -39.479669 0 0 0 0 -27.130452 -27.464125 0 0 0 -26.885946 -27.138435 0 0 0 -26.712757 -27.041748 0 0 -27.432528 -27.793365 0 0 0 0 0 0 0 0 0 0 0 0 0 0 0 0 0 0 0 0 0 0 0 0 0 0 0 0 0 
0 0 0 0 0 0 0 0 0 0 0 0 0 0 0 0 0 0 0 0 0 0 0 0 0 0 0 0 0 0 -27.129886 -27.343022 0 0 0 -27.123698 -27.068883 0 0 0 0 0 0 0 -27.234992 -27.130452 0 0 0 -26.666454 -26.885946 -28.389572 -27.321011 -28.394643 -26.545354 -26.712757 0 0 -27.240422 -27.432528 0 0 0 0 0 0 0 0 0 0 0 0 0 0 0 0 0 0 0 0 0 0 0 0 0 0 0 0 0 
0 0 0 0 0 0 0 0 0 0 0 0 0 0 0 0 0 0 0 0 0 0 0 0 0 0 0 0 0 0 -27.191945 -27.129886 0 0 0 -27.33114 -27.123698 0 0 0 0 0 0 0 -27.384206 -27.234992 0 0 0 -26.602093 -26.666454 -27.18693 -27.161878 -27.321011 -26.549068 -26.545354 -39.522011 0 -27.049987 -27.240422 0 0 0 0 0 0 0 0 0 0 0 0 0 0 0 0 0 0 0 0 0 0 0 0 0 0 0 0 0 
0 0 0 0 0 0 0 0 0 0 0 0 0 0 0 0 0 0 0 0 0 0 0 0 0 0 0 0 0 0 -27.267592 -27.191945 0 0 0 -27.293751 -27.33114 0 0 0 0 0 0 0 -28.220315 -27.384206 0 0 0 -26.787078 -26.602093 -31.621319 -27.18693 -27.161878 -26.69498 -26.549068 0 -39.522011 0 -27.049987 0 0 0 0 0 0 0 0 -35.749333 0 0 0 0 0 0 0 0 0 0 0 0 0 0 0 0 0 0 0 0 
0 0 0 0 0 0 0 0 0 0 0 0 0 0 0 0 0 0 0 0 0 0 0 0 0 0 0 0 0 0 -27.337451 -27.267592 0 0 0 -27.365778 -27.293751 0 0 0 0 0 0 0 -39.464939 -28.220315 0 0 0 -27.191945 -26.787078 0 -31.947195 0 -26.891898 -26.69498 0 0 0 -26.914669 -28.659931 0 0 -39.518487 0 0 0 0 -31.484713 -35.749333 0 0 0 0 0 0 0 0 0 0 0 0 0 0 0 0 0 0 0 
0 0 0 0 0 0 0 0 0 0 0 0 0 0 0 0 0 0 0 0 0 0 0 0 0 0 0 0 0 0 -27.354304 -27.337451 0 0 0 -27.973721 -27.365778 0 0 0 0 0 0 0 0 -39.464939 0 0 0 -27.218325 -27.477544 -31.962908 -29.908147 -31.692206 -26.855714 -26.720264 0 0 0 -27.435261 -26.914669 0 0 -31.043482 -39.518487 0 0 0 -29.31661 -31.484713 0 0 0 0 0 0 0 0 0 0 0 0 0 0 0 0 0 0 0 
0 0 0 0 0 0 0 0 0 0 0 0 0 0 0 0 0 0 0 0 0 0 0 0 0 0 0 0 0 0 -27.313324 -27.354304 0 0 0 -27.8958 -27.973721 0 0 0 0 0 0 0 0 0 0 0 0 -27.477544 -27.782037 -29.908147 -31.692206 -31.607353 -26.720264 -26.687569 0 0 0 -27.306482 -27.060845 0 0 -30.438459 -31.043482 0 0 0 -28.589732 -29.31661 0 0 0 0 0 0 0 0 0 0 0 0 0 0 0 0 0 0 0 
0 0 0 0 0 0 0 0 0 0 0 0 0 0 0 0 0 0 0 0 0 0 0 0 0 0 0 0 0 0 -27.197002 -27.313324 0 0 0 -28.332766 -27.8958 0 0 0 0 0 0 0 0 0 0 0 0 -27.782037 -27.62663 -33.612023 -30.933241 -30.319533 -26.687569 -26.754201 0 0 0 -27.060845 -26.958567 0 0 -38.644137 -30.438459 0 0 0 0 -28.589732 0 0 0 0 0 0 0 0 0 0 0 0 0 0 0 0 0 0 0 
0 0 0 0 0 0 0 0 0 0 0 0 0 0 0 0 0 0 0 0 0 0 0 0 0 0 -39.514962 0 0 0 -27.072439 -27.197002 0 0 0 -31.90055 -28.332766 0 0 0 0 0 0 0 0 0 0 0 0 -27.62663 -28.052706 -30.933241 -30.319533 -28.770966 -26.746468 -26.75521 0 0 0 -26.958567 -26.944922 0 0 -35.834296 -39.468476 0 0 0 0 0 0 0 0 0 0 0 0 0 0 0 0 0 0 0 0 0 0 0 0 
0 0 0 0 0 0 0 0 0 0 0 0 0 0 0 0 0 0 0 0 0 0 0 0 0 0 -39.448425 -39.514962 0 0 -26.933587 -27.072439 0 0 0 -39.536097 -31.90055 0 0 0 0 0 0 0 0 0 0 0 0 -28.052706 -28.987363 -33.222284 -28.770966 -29.106611 -26.726992 -26.707618 0 0 0 -26.944922 -27.07397 0 0 -39.468476 0 0 0 0 0 0 0 0 0 0 0 0 0 0 0 0 0 0 0 0 0 0 0 0 0 
0 0 0 0 0 0 0 0 0 0 0 0 0 0 0 0 0 0 0 0 0 0 0 0 0 0 -32.66754 -39.448425 0 0 -26.710066 -26.933587 0 0 0 0 -39.536097 0 0 0 0 0 0 0 0 0 0 0 0 -28.952194 -29.351082 0 -29.106611 -30.667957 -26.681548 -26.687989 0 0 0 -27.07397 -27.478512 0 0 0 0 0 0 0 0 0 0 0 0 0 0 0 0 0 0 0 0 0 0 0 0 0 0 0 0 
0 0 0 0 0 0 0 0 0 0 0 0 0 0 0 0 0 0 0 0 0 0 0 0 0 0 -31.146997 -32.66754 0 0 -26.618596 -26.710066 0 0 0 0 0 0 0 0 0 0 0 0 0 0 0 0 0 -28.569097 -28.952194 0 -30.667957 -32.828934 -26.650323 -26.667637 0 0 0 -27.656476 -27.84316 0 0 0 0 0 0 0 0 -39.492032 0 0 0 0 0 0 0 0 0 0 0 0 0 0 0 0 0 0 0 
0 0 0 0 0 0 0 0 0 0 0 0 0 0 0 0 0 0 0 0 0 0 0 0 0 0 -29.625629 -31.146997 0 0 -26.887339 -26.618596 -29.690849 0 0 0 0 0 0 0 0 0 0 0 0 0 0 0 0 -27.812083 -28.569097 -39.47908 -29.573957 -32.457688 -26.557339 -26.650323 0 0 0 -29.163214 -28.271717 0 0 0 0 0 0 0 -34.43726 -39.541375 0 0 0 0 0 0 0 0 0 0 0 0 0 0 0 0 0 0 0 
0 0 0 0 0 0 0 0 0 0 0 0 0 0 0 0 0 0 0 0 0 0 0 0 0 0 -28.952194 -29.625629 0 0 -27.69377 -26.835442 -27.257002 0 0 0 0 0 0 0 0 0 0 0 0 0 0 0 0 -27.491211 -27.812083 -30.987752 -29.098082 -29.573957 -26.497728 -26.557339 0 0 0 -30.152632 -29.163214 0 0 0 0 0 0 0 -30.386698 -34.43726 0 0 0 -31.043482 -39.499679 0 0 0 0 0 0 0 0 0 0 0 0 0 0 
0 0 0 0 0 0 0 0 0 0 0 0 0 0 0 0 0 0 0 0 0 0 0 0 0 0 -28.185908 -28.952194 0 0 0 -26.997546 -26.835442 0 0 0 0 0 0 0 0 0 0 0 0 0 0 0 0 -27.290053 -27.491211 -28.190151 -27.837159 -27.796219 -26.483131 -26.497728 0 0 0 -30.639171 -30.152632 0 0 0 0 0 0 0 -30.062926 -30.386698 0 0 0 -28.495247 -30.879908 0 0 0 0 0 0 0 0 0 0 0 0 0 0 
0 0 0 0 0 0 0 0 0 0 0 0 0 0 0 0 0 0 0 0 0 0 0 0 0 0 -27.770851 -28.185908 0 0 0 -27.063845 -26.997546 0 0 0 0 0 0 0 0 0 0 0 0 0 0 0 0 -26.723728 -27.290053 -27.177026 -27.219642 -27.419018 -26.489735 -26.483131 0 0 0 -30.554908 -30.639171 0 0 0 0 0 0 0 -29.60824 -30.062926 0 0 0 -27.591081 -28.473371 0 0 0 0 0 0 0 0 0 0 0 0 0 0 
0 0 0 0 0 0 0 0 0 0 0 0 0 0 0 0 0 0 0 0 0 0 0 0 0 0 -27.759804 -27.770851 0 0 0 -27.037915 -27.063845 0 0 0 0 0 0 0 0 0 0 0 0 0 0 0 0 -26.573193 -26.723728 -27.088472 -27.177026 -27.219642 -26.493591 -26.489735 0 0 0 -28.910319 -30.554908 0 0 0 0 0 0 0 -29.072774 -29.60824 0 0 0 -27.242471 -27.591081 0 0 0 0 0 0 0 0 0 0 0 0 0 0 
0 0 0 0 0 0 0 0 0 0 0 0 0 0 0 0 0 0 0 0 0 0 0 0 0 0 -28.428134 -27.759804 0 0 0 -27.107704 -27.037915 0 0 0 0 0 0 0 0 0 0 0 0 0 0 0 0 -26.832668 -26.573193 -26.655042 -27.088472 -27.261217 -26.521295 -26.493591 0 0 0 -28.784642 -28.910319 0 0 0 -39.477313 0 0 0 -28.714314 -29.072774 0 0 0 -27.359198 -27.242471 0 0 0 0 0 0 0 0 0 0 0 0 -28.220315 0 
0 0 0 0 0 0 0 -38.299605 0 0 0 0 0 0 0 0 0 0 0 0 0 0 0 0 0 0 -27.474648 -28.428134 0 0 0 -27.432528 -27.107704 0 0 0 0 0 0 0 0 0 0 0 0 0 0 0 0 -26.951295 -26.469073 -26.489311 -31.445016 -28.237928 -26.546278 -26.521295 0 0 0 -29.019335 -28.784642 0 0 0 -27.610381 -39.477313 0 0 -28.694868 -28.714314 0 0 0 -27.66626 -27.359198 0 0 0 0 0 0 0 0 0 0 0 0 -27.423493 0 
0 0 0 0 0 0 0 -30.21467 -38.299605 0 0 0 0 0 0 0 0 0 0 0 0 0 0 0 0 0 -27.46698 -27.474648 0 0 0 -26.949294 -27.432528 0 0 0 0 0 0 0 0 0 0 0 0 0 0 0 0 0 -26.488358 -26.469073 0 0 -26.585383 -26.546278 0 0 0 0 -29.019335 0 0 0 -26.928594 -27.610381 -39.512612 0 -28.198685 -28.694868 0 0 0 -27.464125 -27.66626 0 0 0 0 0 0 0 0 0 0 0 0 -28.081097 0 
0 0 0 0 0 0 0 -39.472011 -30.21467 0 0 0 0 0 0 0 0 0 0 0 0 0 0 0 0 0 -27.361658 -27.46698 0 0 0 -26.829302 -26.949294 0 0 0 0 0 0 0 0 0 0 0 0 0 0 0 0 0 -26.509296 -26.488358 0 0 -26.606298 -26.585383 0 0 0 0 0 0 0 0 -26.823553 -26.928594 -30.629655 0 -27.608086 -28.198685 0 0 0 -27.242471 -27.464125 0 0 0 0 0 0 0 0 0 0 0 0 0 0 
0 0 0 -39.499679 0 0 0 0 -39.472011 0 0 0 -29.231143 0 0 0 0 0 0 0 0 0 0 0 0 0 -27.12258 -27.361658 0 0 0 -26.64771 -26.829302 0 0 0 0 0 0 0 0 0 0 0 0 0 0 0 0 0 -26.536665 -26.509296 0 0 -26.584625 -26.606298 0 0 0 0 0 0 0 0 -26.97894 -26.823553 0 0 -28.833587 -27.608086 0 0 0 -27.13386 -27.242471 0 0 0 0 0 0 0 0 0 0 0 0 0 0 
0 0 0 -28.610702 -39.499679 0 0 0 0 0 0 0 -29.203624 -29.231143 0 0 0 0 0 0 0 -38.299605 0 0 0 0 -27.092688 -27.12258 0 0 0 -26.540521 -26.64771 0 0 0 0 0 0 0 0 0 0 0 0 0 0 0 0 0 -26.472807 -26.536665 0 0 -26.628063 -26.584625 0 0 0 -28.737358 0 0 0 0 -26.99887 -26.97894 0 0 0 -28.833587 0 0 0 -28.847889 -27.13386 0 0 0 0 0 0 0 0 0 0 0 0 0 0 
0 0 0 0 -28.610702 0 0 0 0 0 0 0 -29.47491 -29.203624 0 0 0 0 0 0 0 0 -38.299605 0 0 0 -27.221623 -27.092688 0 0 0 -26.485417 -26.540521 0 0 0 0 0 0 0 0 0 0 0 0 0 0 0 0 0 -26.420405 -26.472807 0 0 -26.530111 -26.628063 0 0 0 -39.478491 -28.737358 0 0 0 -27.120351 -26.99887 0 0 0 0 0 0 0 0 -28.847889 0 0 0 0 0 0 0 0 0 0 0 0 0 0 
0 0 0 0 0 0 0 0 0 0 0 0 -28.858711 -29.47491 0 0 0 0 0 0 0 0 0 0 0 0 -27.112619 -27.221623 0 0 -28.316009 -26.549871 -26.485417 0 0 0 0 0 0 0 0 0 0 0 0 0 0 0 0 -39.510849 -26.434739 -26.420405 -33.961079 -28.506331 -26.472115 -26.530111 0 0 0 -27.533774 -39.478491 0 0 0 -33.535775 -27.120351 0 0 0 -27.302712 -39.486735 0 0 0 0 0 0 0 0 0 0 0 0 0 0 0 0 0 0 
0 0 0 0 0 0 0 0 0 0 0 0 -27.807729 -28.858711 0 0 0 0 0 0 0 0 0 0 0 0 -26.824757 -27.112619 -28.489742 -27.881575 -27.150623 -26.988372 -26.549871 0 0 0 0 0 0 0 0 0 0 0 0 0 0 0 0 -39.446064 -26.437689 -26.434739 -28.495247 -27.750251 -26.505985 -26.472115 0 0 0 -27.200185 -27.533774 0 0 0 -27.164876 -33.535775 0 0 0 -35.749333 -27.302712 0 0 0 0 0 0 0 0 0 0 0 0 0 0 0 0 -27.513207 -39.541375 
0 0 0 0 0 0 0 -30.944048 0 0 0 0 -27.160086 -27.807729 0 0 0 0 0 0 0 0 0 0 0 0 -26.605323 -26.824757 -28.242375 -28.489742 -27.881575 -27.150623 -27.057861 0 0 0 0 0 0 0 0 0 0 0 0 0 0 0 0 -39.494973 -26.472313 -26.437689 -28.940655 -27.754333 -26.556927 -26.505985 0 0 0 -27.165478 -27.200185 0 0 0 -27.277638 -27.164876 0 0 0 -27.002419 -35.749333 0 0 0 0 0 0 0 0 0 0 0 0 0 0 0 0 -26.825964 -27.513207 
0 0 0 0 0 0 0 -28.269432 -30.944048 0 0 0 -27.110429 -27.160086 0 0 0 0 0 0 0 0 0 0 0 0 -26.450174 -26.605323 -27.37493 -28.242375 -28.784642 -28.523143 0 0 0 0 0 0 0 0 0 0 0 0 0 -39.467297 0 0 0 0 -26.577593 -26.472313 -37.785776 -28.551669 -26.993156 -26.556927 -32.476218 0 0 -27.410152 -27.165478 0 0 0 -27.992892 -27.277638 0 0 0 -26.834824 -27.002419 0 0 0 0 0 0 0 0 0 0 0 0 0 0 0 0 -26.559273 -26.825964 
0 0 0 -30.23047 0 0 0 -27.915104 -28.269432 0 0 0 -27.782037 -27.110429 0 0 0 0 0 0 0 0 0 0 0 -30.412427 -26.450353 -26.450174 -27.705288 -39.532576 0 0 0 0 0 0 0 0 0 0 0 0 0 0 0 -39.450195 -39.467297 0 0 0 -26.641451 -26.577593 -39.443703 -30.954902 -27.841656 -27.728801 -27.58438 0 0 -29.331297 -27.410152 0 0 0 -39.47908 -27.992892 0 0 0 -26.874277 -26.834824 0 0 0 0 0 0 0 0 0 0 0 0 0 0 0 0 -27.01413 -26.559273 
0 0 0 -27.881575 -30.062926 0 0 -28.05084 -27.915104 0 0 0 -37.724551 -27.782037 0 0 0 0 0 0 0 0 0 0 0 -28.03972 -26.614553 -26.450353 0 0 0 0 0 0 0 0 0 0 0 0 0 0 0 0 0 0 -39.450195 0 0 0 -26.682372 -26.641451 -37.663958 -29.254439 -28.162866 -27.473685 -27.058357 0 0 -31.009896 -33.796081 0 0 0 0 -39.47908 0 0 0 -26.814635 -26.874277 0 0 0 0 0 0 0 0 0 0 0 0 0 0 0 -31.354588 -27.01413 -30.017013 
0 0 0 -28.528797 -27.881575 0 0 -28.154606 -28.05084 0 0 0 0 -37.724551 0 0 0 0 0 0 0 0 0 0 -35.964553 -29.331297 -27.274032 -26.614553 0 0 0 0 0 0 0 0 0 0 0 0 0 0 0 0 0 0 0 0 0 0 -26.730995 -26.703427 -31.316746 -28.162866 -31.90055 -27.058357 -26.914669 0 0 -33.796081 0 0 0 0 0 -28.438629 0 0 0 -27.69377 -26.814635 0 0 0 0 0 0 0 0 0 0 0 0 0 0 0 -28.563261 -28.412561 -28.260341 
0 0 0 -27.994653 -28.528797 0 0 -37.090783 -28.154606 0 0 0 0 0 0 0 0 0 0 0 0 0 0 0 -34.252163 -35.964553 -29.331297 -27.274032 0 0 0 0 0 0 0 0 0 0 0 0 0 0 0 0 0 0 0 0 0 0 -26.723728 -26.738409 0 -31.90055 0 -26.914669 -27.11592 0 0 0 0 0 0 0 -28.438629 -27.855281 0 0 -39.394543 -26.906222 -26.497728 0 0 0 0 0 0 0 0 0 0 0 0 0 0 -39.511437 -29.727423 -28.563261 -28.412561 
0 0 0 -27.902191 -27.994653 0 0 0 -27.450015 -28.67253 0 0 0 0 0 0 0 0 0 0 0 0 0 0 -38.299605 -34.252163 0 0 0 0 0 0 0 0 0 0 0 0 0 0 0 0 0 0 0 0 0 0 0 0 -26.761325 -26.723728 0 0 0 -27.11592 -27.357563 0 0 0 0 0 0 0 -27.855281 -27.682407 0 0 -30.04835 -26.497728 -26.851517 0 0 0 0 0 0 0 0 0 0 0 0 0 0 -39.5132 -30.554908 -29.727423 -30.412427 
0 0 0 -27.953223 -27.902191 0 0 0 -27.527546 -27.450015 0 0 0 0 0 0 0 0 0 0 0 0 -29.019335 -39.456094 0 -38.299605 0 0 0 0 0 0 0 0 0 0 0 0 0 0 0 0 0 0 0 0 0 0 0 0 -26.925547 -26.761325 0 0 0 -27.357563 -27.535862 0 0 0 0 0 0 0 -27.682407 -28.048979 0 0 0 -26.851517 -27.09534 0 0 0 0 0 0 0 0 0 0 0 0 -39.483202 0 -31.458184 -28.514709 -30.554908 -30.890482 
0 0 0 -27.923263 -27.602378 0 0 0 -27.572239 -27.527546 0 0 0 0 0 0 0 0 0 0 0 0 -27.368262 -29.019335 -39.456094 0 0 0 0 0 0 0 0 0 0 0 0 0 0 0 0 0 0 0 0 0 0 0 0 0 -26.994469 -26.925547 0 0 0 -27.535862 -27.82823 0 0 0 0 0 0 0 -28.048979 -28.422921 0 0 0 -27.09534 -27.180103 0 0 0 0 0 0 0 0 0 0 0 0 -29.24508 -39.483202 -30.933241 -29.573957 -28.514709 -31.824413 
0 0 0 -27.602378 -27.112619 0 0 0 -27.523421 -27.572239 0 0 0 0 0 0 0 0 0 0 0 0 -26.954513 -27.368262 -32.494854 0 0 0 0 0 0 0 0 0 0 0 0 0 0 0 0 0 0 0 0 0 0 0 0 0 -27.114267 -26.994469 0 0 0 -27.82823 -27.903796 0 0 0 0 0 0 0 -28.422921 -29.208178 0 0 0 -27.180103 -27.324889 0 0 0 0 0 0 0 0 0 0 0 0 -27.929842 -29.24508 0 -30.933241 -29.573957 0 
0 0 0 -27.112619 -26.816108 0 0 0 -27.542158 -27.523421 0 0 0 0 0 0 0 0 0 0 0 0 -26.704525 -26.954513 0 0 0 0 0 0 0 0 0 0 0 0 0 0 0 0 0 0 0 0 0 0 0 0 0 0 -27.181957 -27.114267 0 0 0 -27.903796 -28.192278 0 0 0 0 0 0 0 -29.208178 -30.183421 0 0 0 -27.324889 -27.732782 0 0 0 0 0 0 0 0 0 0 0 0 -27.393608 -27.216356 0 0 0 0 
0 0 0 -26.816108 -26.770947 0 0 0 -27.546385 -27.450015 0 0 0 0 0 0 0 0 0 0 0 0 -26.586296 -26.704525 0 0 0 0 0 0 0 0 0 0 0 0 0 0 0 0 0 0 0 0 0 0 0 0 0 0 -27.294493 -27.181957 0 0 0 -28.192278 -28.601673 0 0 0 0 0 0 0 -30.183421 -39.490855 0 0 0 -27.732782 -28.084942 0 0 0 0 0 0 0 0 0 0 0 0 -27.087948 -26.835442 0 0 0 0 
0 0 0 -26.770947 -26.856364 0 0 0 -27.450015 -27.124258 0 0 0 0 0 0 0 0 0 0 0 0 -26.589666 -26.586296 0 0 0 0 0 0 0 0 0 0 0 0 0 0 0 0 0 0 0 0 0 0 0 0 0 0 -27.414571 -27.294493 0 0 0 -29.321491 -28.876931 0 0 0 0 0 0 0 -39.490855 0 0 0 0 -28.084942 -29.448363 0 0 0 0 0 0 0 0 0 0 0 0 -26.835442 -26.717972 0 0 0 0 
0 0 0 -26.856364 -27.14016 0 0 0 -27.124258 -27.002419 0 0 0 -39.461402 0 0 0 0 0 0 0 0 -26.641087 -26.589666 0 0 0 0 0 0 0 0 0 0 0 0 0 0 0 0 0 0 0 0 0 0 0 0 0 0 -27.691232 -27.414571 0 0 0 -29.654987 -29.321491 0 0 0 0 0 0 0 0 0 0 0 0 -29.448363 -39.486146 0 0 0 0 0 0 0 0 0 0 0 0 -26.717972 -26.674218 0 0 0 0 
0 0 0 -27.14016 -28.032373 0 0 0 -27.002419 -26.994469 0 0 -39.461402 -31.750216 0 0 0 0 0 0 0 0 -26.768584 -26.641087 0 0 0 0 0 0 0 0 0 0 0 0 0 0 0 0 0 0 0 0 0 -32.158147 0 0 0 0 -28.083018 -27.691232 0 0 0 -29.0896 -29.654987 0 0 0 0 0 0 0 0 0 0 0 0 -39.486146 0 0 0 0 0 0 0 0 0 0 0 0 0 -26.674218 -26.687151 0 0 0 0 
0 0 0 -28.032373 -29.914926 0 0 0 -26.994469 -27.115368 0 0 -31.750216 -29.060275 -31.962908 0 0 0 0 0 0 0 -26.891193 -26.889788 0 0 0 0 0 0 0 0 0 0 0 0 0 0 0 0 0 0 0 0 0 0 -32.158147 0 0 0 -28.880603 -28.083018 0 0 0 -28.287836 -29.0896 0 0 0 0 0 0 0 0 0 0 0 0 0 0 0 0 0 0 0 0 0 0 0 0 0 0 -26.687151 -26.737926 0 0 0 0 
0 0 0 -29.914926 -29.027435 0 0 0 -27.115368 -27.351871 0 0 -29.060275 -31.962908 -31.593456 0 0 0 0 0 0 0 -27.043675 -27.327226 0 0 0 0 0 0 0 0 0 0 0 0 0 0 0 0 0 0 0 0 0 0 -26.651261 -27.52858 0 0 -30.933241 -28.880603 0 0 0 -27.665031 -28.287836 0 0 0 0 0 0 0 0 0 0 0 0 0 0 0 0 0 0 0 0 0 0 0 0 0 0 -26.737926 -26.796242 0 0 0 0 
0 0 0 -29.027435 -27.707869 0 0 0 -27.306482 -27.471763 0 0 0 -31.593456 -31.994583 0 0 0 0 0 0 0 -27.327226 -27.616147 0 0 0 0 0 0 0 0 0 0 0 0 0 0 0 0 0 0 0 0 0 -28.278597 -26.817586 -26.651261 0 0 -30.766541 -30.933241 0 0 0 -27.484346 -27.665031 0 0 0 0 0 0 0 0 0 0 0 0 0 0 0 0 0 0 0 0 0 0 0 0 0 0 -26.796242 -26.903321 0 0 0 0 
0 0 0 -27.682407 -27.011404 0 0 0 -27.174576 -27.306482 0 0 0 -32.330888 -31.869858 0 0 0 0 0 0 0 -27.616147 -33.769244 0 0 0 0 0 0 0 0 0 0 0 0 0 0 0 0 0 0 0 0 -28.8443 -28.589732 -27.72352 -26.817586 0 0 -29.015301 -30.766541 0 0 0 -27.609233 -27.484346 0 0 0 0 0 0 0 0 0 0 0 0 0 0 0 0 0 0 0 0 0 0 0 0 0 0 -26.903321 -27.237023 0 0 0 0 
0 0 0 -27.011404 -26.812582 0 0 0 -27.224938 -27.174576 0 0 0 -39.516137 -32.330888 0 0 0 0 0 0 0 -33.769244 0 0 0 0 0 0 0 0 0 0 0 0 0 0 0 0 0 0 0 0 0 -30.582653 -28.8443 -28.589732 -27.72352 0 0 -28.192278 -29.015301 0 0 0 -27.665031 -27.609233 0 0 0 0 0 0 0 0 0 0 0 0 0 0 0 0 0 -39.503208 0 0 0 0 0 0 0 0 -27.237023 -29.568307 0 0 0 0 
0 0 0 -26.812582 -26.994907 0 0 0 -27.393608 -27.224938 0 0 0 0 -39.516137 0 0 0 0 0 0 0 0 0 0 0 0 0 0 0 0 0 0 0 0 0 0 0 0 0 0 0 0 -30.107289 0 -30.582653 0 0 0 0 -28.171188 -28.192278 0 0 0 -27.759804 -27.665031 0 0 0 0 0 0 0 0 0 0 0 0 0 0 0 0 0 -30.114778 -39.503208 0 0 0 0 0 0 0 -29.568307 0 0 0 0 0 
0 0 0 -26.984921 -27.121465 0 0 0 -27.286377 -27.144207 0 0 0 0 0 0 0 0 0 0 0 0 0 0 0 0 0 0 0 0 0 0 0 0 0 0 0 0 0 0 0 0 -39.494973 -28.971629 -30.107289 0 0 0 0 0 -28.622837 -28.171188 0 0 0 -27.923263 -27.759804 0 0 0 0 0 0 0 0 0 0 0 0 0 0 0 0 0 -28.983414 -30.114778 0 0 0 0 0 0 0 0 0 0 0 0 0 
0 0 0 -27.116472 -26.984921 0 0 0 -27.144207 -27.143627 0 0 0 0 0 0 0 0 0 0 0 0 0 0 0 0 0 0 0 0 0 0 0 0 0 0 0 0 0 0 0 0 -29.86796 -39.47319 -28.971629 0 0 0 0 0 -29.098082 -28.622837 0 0 0 -30.222555 -27.923263 0 0 0 0 0 0 0 0 0 0 0 0 0 0 0 0 0 -31.021041 -28.983414 0 0 0 0 0 0 0 0 0 0 0 0 0 
0 0 0 -27.135571 -27.116472 0 0 0 -27.143627 -27.450947 0 0 0 0 -39.453145 0 0 0 0 0 0 0 0 0 0 0 0 0 0 0 0 0 0 0 0 0 0 0 0 0 0 -27.393608 -29.240421 -29.86796 -39.47319 0 0 0 0 0 -29.75221 -29.098082 0 0 0 0 -30.222555 0 0 0 0 0 0 0 0 0 0 0 0 0 0 0 0 0 0 -31.021041 0 0 0 0 0 0 0 0 0 0 0 0 0 
0 0 0 -27.924904 -27.135571 0 0 0 -27.281265 -27.70015 0 0 0 -32.402728 -34.43726 0 0 0 0 0 0 0 0 0 0 0 0 0 0 0 0 0 0 0 0 0 0 0 0 0 0 -26.644566 -27.393608 -29.240421 0 0 0 0 0 0 -37.036548 -29.75221 0 0 0 0 0 0 0 0 0 0 0 0 0 0 0 0 0 0 0 0 0 0 0 0 0 0 0 0 0 0 0 0 0 0 0 0 0 
0 0 0 -27.020089 -27.924904 0 0 0 -28.188027 -27.281265 0 0 0 -28.653676 -31.054777 0 0 0 0 0 0 0 0 0 0 0 0 0 0 0 0 0 0 0 0 0 0 0 0 0 0 -26.646968 -26.644566 -35.045967 0 0 0 0 0 0 0 -37.036548 0 0 0 0 0 0 0 0 0 0 0 0 0 0 0 0 0 0 0 0 0 0 0 0 0 0 0 0 0 0 0 0 0 0 0 0 0 
0 0 0 -26.888737 -27.020089 0 0 0 -27.545326 -28.188027 0 0 0 -32.208972 -28.653676 0 0 0 0 0 0 0 0 0 0 0 0 0 0 0 0 0 0 0 0 0 0 0 0 0 0 -26.881792 -26.646968 0 0 0 0 0 0 0 0 0 0 0 0 0 0 0 0 0 0 0 0 0 0 0 0 0 0 0 0 0 0 0 0 -39.449015 0 0 0 0 0 0 0 0 0 0 0 0 0 
0 0 0 -26.906586 -26.888737 0 0 0 -28.283207 -27.545326 0 0 0 -28.855094 -32.208972 0 0 0 0 0 0 0 0 0 0 0 0 0 0 0 0 0 0 0 0 0 0 0 0 -39.49615 -39.491443 -27.713054 -26.881792 0 0 0 0 0 0 0 0 -39.523185 0 0 0 0 0 0 0 0 0 0 0 0 0 0 0 0 0 0 0 0 0 0 -39.449015 -39.506735 0 0 0 0 0 0 0 0 0 0 0 -39.520836 0 
0 0 0 -27.074481 -26.906586 0 0 0 -29.031501 -28.283207 0 0 0 -28.457214 -28.855094 0 0 0 0 0 0 0 0 0 0 0 0 0 0 0 0 0 0 0 0 0 0 0 -30.311282 -28.290158 -39.49615 -39.491443 -27.713054 0 0 0 0 0 0 0 0 -38.504034 -39.523185 0 0 0 0 0 0 0 0 0 0 0 0 0 0 0 0 0 0 0 0 0 -39.506735 -39.527295 0 0 0 0 0 0 0 0 0 0 0 -29.523738 0 
0 0 0 -27.216356 -27.074481 -26.840107 0 0 -29.637315 -28.171188 0 0 0 -28.808901 -28.457214 0 0 0 0 0 0 0 0 0 0 0 0 0 0 0 0 0 0 0 0 0 0 -31.779667 -27.437089 -30.311282 -28.290158 0 -39.531403 0 0 0 0 0 0 0 0 -32.84966 -38.504034 0 0 0 0 0 0 0 0 0 0 0 0 0 0 0 0 0 0 0 0 0 -39.527295 0 0 0 0 0 0 0 0 0 0 0 0 0 0 
0 0 0 -27.172745 -26.840107 -26.736001 0 0 -28.171188 -27.477544 0 0 0 -28.604676 -28.554557 0 0 0 0 0 0 0 0 0 0 0 0 0 0 0 0 0 0 0 0 0 0 -27.679902 -27.636063 -27.437089 -37.785776 0 0 0 0 0 0 0 0 0 0 -32.457688 -32.84966 0 0 0 0 0 0 0 -39.459043 0 0 0 0 0 0 0 0 0 0 0 0 0 0 0 0 0 0 0 0 0 0 0 0 0 0 0 0 
0 0 0 0 -26.736001 -26.674017 0 0 -27.477544 -27.146532 0 0 0 -28.554557 -27.645606 0 0 0 0 0 0 0 0 0 0 0 0 0 0 0 0 0 0 0 0 0 0 -26.551753 -26.551753 -29.534775 0 0 0 0 0 0 0 0 0 0 0 -31.458184 -32.457688 0 0 0 0 0 0 0 -33.98926 -39.459043 0 0 0 0 0 0 0 0 0 0 0 0 0 0 0 0 0 0 0 0 0 0 0 0 0 0 0 
0 0 0 0 -26.674017 -26.740833 0 0 -27.146532 -27.378289 0 0 0 -27.645606 -27.164876 0 0 0 0 0 0 0 0 0 0 0 0 0 0 0 0 0 0 0 0 0 0 -26.457659 -26.551753 0 0 0 0 0 0 0 0 0 0 0 0 -31.242645 -31.458184 0 0 0 0 0 0 0 -31.009896 -33.98926 0 0 0 0 0 0 0 0 0 0 0 0 0 0 0 0 0 0 0 0 0 0 0 0 0 0 0 
0 0 0 0 -26.740833 -27.224938 0 0 -27.378289 -30.922481 0 0 0 -27.164876 -27.06939 0 0 0 0 0 0 0 0 0 0 0 0 0 0 0 0 0 0 0 0 0 0 -26.54078 -26.457659 0 0 0 0 0 0 0 0 0 0 0 0 0 -31.242645 0 0 0 0 0 0 0 -29.185537 -31.009896 0 0 0 0 0 0 0 0 0 0 0 0 0 0 0 0 0 0 0 0 0 0 0 0 0 0 0 
0 0 0 0 -27.001085 -27.439839 0 0 -27.743491 -32.608967 0 0 0 -27.06939 -27.370755 0 0 0 0 0 0 0 0 0 0 0 0 0 0 0 0 0 0 0 0 0 -35.423674 -26.723264 -26.54078 0 0 0 0 0 0 0 0 0 0 0 0 -30.084987 0 0 0 0 0 0 0 0 -28.098512 -29.185537 0 0 0 0 0 0 0 0 0 0 0 0 -34.046225 0 0 0 0 0 0 0 0 0 0 0 0 0 0 
0 0 0 0 -26.943737 -27.001085 0 0 -27.309514 -27.743491 0 0 0 -27.370755 -27.683662 0 0 0 0 0 0 0 0 0 0 0 0 0 0 0 0 0 0 0 0 0 -29.469568 -27.255604 -26.723264 0 0 0 0 0 0 0 0 0 0 0 0 -30.545733 -30.084987 0 0 0 0 0 0 0 0 -28.098512 0 0 0 0 0 0 0 0 0 0 0 0 -32.955202 -34.046225 0 0 0 0 0 0 0 0 0 0 0 0 0 
0 0 0 0 -26.924031 -26.943737 0 0 -27.396194 -27.309514 0 0 0 -28.454542 -27.480452 0 0 0 0 0 0 0 0 0 0 0 0 0 0 0 0 0 0 0 0 0 -39.523185 -29.469568 -27.255604 0 0 0 0 0 0 0 0 0 0 0 0 0 -30.545733 0 0 0 0 0 0 0 -30.238415 0 0 0 0 0 0 0 0 0 0 0 0 0 -32.870511 -32.955202 0 0 0 0 0 0 0 0 0 0 0 0 0 
0 0 0 0 -26.981068 -26.924031 0 0 -27.803395 -27.396194 0 0 0 -30.677631 -28.454542 0 0 0 0 0 0 0 0 0 0 0 0 0 0 0 0 0 0 0 0 -39.447835 0 -39.523185 -33.315929 0 0 0 0 0 0 0 0 0 0 0 0 0 0 0 0 0 0 0 0 0 0 -30.238415 0 0 0 0 0 0 0 0 0 0 0 0 -39.531403 -32.870511 0 0 0 0 0 0 0 0 0 0 0 0 0 
0 0 0 0 -27.141891 -26.981068 0 0 -27.938128 -27.803395 0 0 0 -31.458184 -30.677631 0 0 0 0 0 0 0 0 0 0 0 0 0 0 0 0 0 0 0 0 0 -39.447835 0 0 0 0 0 0 0 0 0 0 0 0 0 0 0 0 0 0 0 0 0 0 0 0 0 0 0 0 0 0 0 0 0 0 0 0 0 0 -39.531403 0 0 0 0 0 0 0 0 0 0 0 0 0 
0 0 0 0 -27.386758 -27.141891 0 0 -28.979475 -27.938128 -30.129836 0 0 -31.009896 -31.458184 0 0 0 0 0 0 0 0 0 0 0 0 0 0 0 0 0 -39.539616 0 0 0 0 0 0 0 0 0 0 0 0 0 0 0 0 0 0 0 0 0 0 0 0 0 0 0 0 0 0 0 0 0 0 0 0 0 0 0 0 0 0 0 0 0 0 0 0 0 0 0 0 0 0 0 0 
0 0 0 0 -27.426192 -27.386758 0 0 -31.735603 -27.505134 -28.120197 0 0 -30.041102 -31.009896 0 0 0 0 0 0 0 0 0 0 0 0 0 0 0 0 0 -28.075356 -39.539616 0 0 0 0 0 0 0 0 0 0 0 0 0 0 0 0 0 0 0 0 0 0 0 0 0 0 0 0 0 0 0 0 0 0 0 0 0 0 0 0 0 0 0 0 0 0 0 0 0 0 0 0 0 0 0 
0 0 0 0 -27.459391 -27.426192 0 0 0 -27.511181 -27.505134 0 0 -29.437858 -30.041102 0 0 0 0 0 0 0 0 0 0 0 0 0 0 0 0 0 -27.284912 -28.075356 0 0 0 0 0 0 0 0 0 0 0 0 0 0 0 0 0 0 0 0 0 0 0 0 0 0 0 0 0 0 0 0 0 0 0 0 0 0 0 0 0 0 0 0 0 0 0 0 0 0 0 0 0 0 0 
0 0 0 0 -27.429806 -27.459391 0 0 0 -27.39879 -27.511181 0 0 -28.682058 -29.437858 0 0 0 0 0 0 0 0 0 0 0 0 0 0 0 0 0 -27.148866 -27.284912 0 0 0 0 0 0 0 0 0 0 0 0 0 0 0 0 0 0 0 0 0 0 0 0 0 0 0 0 0 0 0 0 0 0 0 0 0 0 0 0 0 0 0 0 0 0 0 0 0 0 0 0 0 0 0 
0 0 0 0 -27.714356 -27.429806 0 0 0 -27.350253 -27.39879 0 0 -28.278597 -28.682058 0 0 0 0 0 0 0 0 0 0 0 0 0 0 0 0 0 -27.355117 -27.148866 0 0 0 0 0 0 0 0 0 0 0 0 0 0 0 0 0 0 0 0 0 0 0 0 0 0 0 0 0 0 0 0 0 0 0 0 0 0 0 0 0 0 0 0 0 0 0 0 0 0 0 0 0 0 0 
0 0 0 0 -27.870658 -27.743491 0 0 0 -27.660132 -27.350253 0 0 -29.391365 -28.278597 0 0 0 0 0 0 0 0 0 0 0 0 0 0 0 0 0 -28.666216 -27.355117 0 0 0 0 0 0 0 0 0 0 0 0 0 0 0 0 0 0 0 0 0 0 0 0 0 0 0 0 0 0 0 0 0 0 0 0 0 0 0 0 0 0 0 0 0 0 0 0 0 0 0 0 0 0 0 
0 0 0 0 -27.954915 -27.878443 0 0 0 -28.07918 -27.660132 0 0 -34.630852 -29.391365 0 0 0 0 0 0 0 0 0 0 0 0 0 0 0 0 0 0 -28.666216 0 0 0 0 0 0 0 0 0 0 0 0 0 0 0 0 0 0 0 0 0 0 0 0 0 0 0 0 0 0 0 0 0 0 0 0 0 0 0 0 0 0 0 0 0 0 0 0 0 0 0 0 0 0 0 
0 0 0 0 -27.894209 -27.849201 0 0 0 -27.984132 -28.052706 0 0 0 -34.630852 0 0 0 0 0 0 0 0 0 0 0 0 0 0 0 0 0 0 0 0 0 0 0 0 0 0 0 0 0 0 0 0 0 0 0 0 0 0 0 0 0 0 0 0 0 0 0 0 0 0 0 0 0 0 0 0 0 0 0 0 0 0 0 0 0 0 0 0 0 0 0 0 0 0 
0 0 0 0 -27.775029 -27.43162 0 0 0 -27.91673 -27.883145 0 0 0 0 0 0 0 0 0 0 0 0 0 0 0 0 0 0 0 0 0 0 0 0 0 0 0 0 0 0 0 0 0 0 0 -39.505559 0 0 0 0 0 0 0 0 0 0 0 0 0 0 0 0 0 0 0 0 0 0 0 0 0 0 0 0 0 0 0 0 0 0 0 0 0 0 0 0 0 0 
0 0 0 0 -27.43162 -27.402267 0 0 0 -27.853757 -27.844666 0 0 0 0 0 0 0 0 0 0 0 0 0 0 0 0 0 0 0 0 0 0 0 0 0 0 0 0 0 0 0 0 0 0 0 -36.876982 -39.505559 0 0 0 0 0 0 0 0 0 0 0 0 0 0 0 0 0 0 0 0 0 0 0 0 0 0 0 0 0 0 0 0 0 0 0 0 0 0 0 0 0 
0 0 0 0 -27.402267 -27.657693 0 0 0 -27.844666 -27.73946 0 0 0 -32.420944 0 0 0 0 0 0 0 0 0 0 0 0 0 0 0 0 0 0 0 0 0 0 0 0 0 0 0 0 0 0 0 0 -36.876982 0 0 0 0 0 0 0 0 0 0 0 0 0 0 0 0 0 0 0 0 0 0 0 0 0 0 0 0 0 0 0 0 0 0 0 0 0 0 0 0 0 
0 0 0 0 -27.657693 -27.859868 0 0 0 -27.73946 -27.604656 0 0 -32.420944 0 0 0 0 0 0 0 0 0 0 0 0 0 0 0 0 0 0 0 0 0 0 0 0 0 0 0 0 0 0 0 0 0 -39.51555 0 0 0 0 0 0 0 0 0 0 0 0 0 0 0 0 0 0 0 0 0 0 0 0 0 0 0 0 0 0 0 0 0 0 0 0 0 0 0 0 0 
0 0 0 0 -27.859868 -27.965128 0 0 0 -27.604656 -27.56787 0 0 0 0 0 0 0 0 0 0 0 0 0 0 0 0 0 0 0 0 0 0 0 0 0 0 0 0 0 0 0 0 0 0 0 0 0 -39.51555 0 0 0 0 0 0 0 0 0 0 0 0 0 0 0 0 0 0 0 0 0 0 0 0 0 0 0 0 0 0 0 0 0 0 0 0 0 0 0 0 
0 0 0 0 -27.965128 -27.65042 0 0 0 -27.56787 -27.472723 0 0 0 0 0 0 0 0 0 0 0 0 0 0 0 0 0 0 0 0 0 0 0 0 0 0 0 0 0 0 0 0 0 0 0 0 0 0 0 0 0 0 0 0 0 0 0 0 0 0 0 0 0 0 0 0 0 0 0 0 0 0 0 0 0 0 0 0 0 0 0 0 0 0 0 0 0 0 
0 -33.742591 0 0 -27.65042 -27.408392 0 0 0 -27.472723 -27.435261 0 0 0 0 0 0 0 0 0 0 0 0 0 0 0 0 0 0 0 0 0 0 0 0 0 0 0 0 0 0 0 0 0 0 0 0 0 0 0 0 0 0 0 0 0 0 0 0 0 0 0 0 0 0 0 0 0 0 0 0 0 0 0 0 0 0 0 0 0 0 0 0 0 0 0 0 0 0 
0 -38.101753 0 0 -27.408392 -27.337451 0 0 0 -27.435261 -27.507144 0 0 0 0 0 0 0 0 0 0 0 0 0 0 0 0 0 0 0 0 0 0 0 0 0 0 0 0 0 0 0 0 0 0 0 0 0 0 0 0 0 0 0 0 0 0 0 0 0 0 0 0 0 0 0 0 0 0 0 0 0 0 0 0 0 0 0 0 0 0 0 0 0 0 0 0 0 0 
0 -38.86028 0 0 -27.337451 -27.541105 0 0 0 -27.507144 -27.831196 0 0 0 0 -35.307091 0 0 0 0 0 0 0 0 0 0 0 0 0 0 0 0 0 0 0 0 0 0 0 0 0 0 0 0 0 0 0 0 0 0 0 0 0 0 0 0 0 0 0 0 0 0 0 0 0 0 0 0 0 0 0 0 0 0 0 0 0 0 0 0 0 0 0 0 0 0 0 0 0 
0 -39.487912 0 0 -27.541105 -27.847687 0 0 0 -27.831196 -27.743491 0 0 0 -35.307091 -29.240421 0 0 0 0 0 0 0 0 0 0 0 0 0 0 0 0 0 0 0 0 0 0 0 0 0 0 0 0 0 0 0 0 0 0 0 0 0 0 0 0 0 0 0 0 0 0 0 0 0 0 0 0 0 0 0 0 0 0 0 0 0 0 0 0 0 0 0 0 0 0 0 0 0 
0 -39.394543 0 0 -27.847687 -28.045265 0 0 0 -27.743491 -27.782037 0 0 0 -29.240421 -28.11226 0 0 0 0 0 0 0 0 0 0 0 0 0 0 0 0 0 0 0 0 0 0 0 0 0 0 0 0 0 0 0 0 0 0 0 0 0 0 0 0 0 0 0 0 0 0 0 0 0 0 0 0 0 0 0 0 0 0 0 -35.920752 0 0 0 0 0 0 0 0 0 0 0 0 0 
0 -33.961079 0 0 -28.045265 -28.134232 0 0 0 -27.782037 -27.849201 0 0 0 -28.11226 -27.840154 0 0 0 0 0 0 0 0 0 0 0 0 0 0 0 0 0 0 0 0 0 0 0 0 0 0 0 0 0 0 0 0 0 0 0 0 0 0 0 0 0 0 0 0 0 0 0 0 0 0 0 0 0 0 -33.46104 0 0 0 0 -31.5115 -35.920752 0 0 0 0 0 0 0 0 0 0 0 0 
0 -30.667957 0 0 -28.134232 -27.71958 0 0 0 -27.849201 -27.768076 0 0 0 -27.840154 -27.793365 0 0 0 0 0 0 0 0 0 0 0 0 0 0 0 0 0 0 0 0 0 0 0 0 0 0 0 0 0 0 0 0 0 0 0 0 0 0 0 0 0 0 0 0 0 0 0 0 0 0 0 0 0 0 -35.045967 -33.46104 0 0 0 -29.167653 -31.5115 0 0 0 0 0 0 0 0 0 0 0 0 
-39.541608 -29.835097 0 0 -27.71958 -27.553837 0 0 0 -27.768076 -27.489243 0 0 0 -27.793365 -30.352857 0 0 0 0 0 0 0 0 0 0 0 0 0 0 0 0 0 0 0 0 0 0 0 0 0 0 0 0 0 0 0 0 0 0 0 0 0 0 0 0 0 0 0 0 0 0 0 0 0 0 0 0 0 0 0 -35.045967 0 0 0 -28.698089 -29.167653 0 0 0 0 0 0 0 0 0 0 0 0 
-39.534923 -39.534923 0 0 -27.553837 -27.62312 0 0 0 -27.489243 -27.274032 0 0 0 -30.352857 0 0 0 0 0 0 0 0 0 0 0 0 0 0 0 0 0 0 0 0 0 0 0 0 0 0 0 0 0 0 0 0 0 0 0 0 0 0 0 0 0 0 0 0 0 0 0 0 0 0 0 0 0 0 0 0 0 0 0 0 -31.158762 -28.698089 0 0 0 0 0 0 0 0 0 0 0 0 
-39.459743 -28.876931 0 0 -27.62312 -28.899104 0 0 0 -27.274032 -27.146532 0 0 0 0 0 0 0 0 0 0 0 0 0 0 0 0 0 0 0 0 0 0 0 0 0 0 0 0 0 0 0 0 0 0 0 0 0 0 0 0 0 0 0 0 0 0 0 0 0 0 0 0 0 0 0 0 0 0 0 0 0 0 0 0 0 -31.158762 0 0 0 0 0 0 0 0 0 0 0 0 
-31.432691 -27.87221 0 0 -28.899104 -27.770851 -27.248657 0 0 -27.146532 -27.286377 0 0 0 0 0 0 0 0 0 0 0 0 0 0 0 0 0 0 0 0 0 0 0 0 0 0 0 0 0 0 0 0 0 0 0 0 0 0 0 0 0 0 0 0 0 0 0 0 0 0 0 0 0 0 0 0 0 0 0 0 0 0 0 0 0 0 0 0 0 0 0 0 0 0 0 0 0 0 
-27.87221 -30.286716 0 0 0 0 -27.61499 0 0 0 -27.286377 0 0 0 0 0 0 0 0 0 0 0 0 0 0 0 0 0 0 0 0 0 0 0 0 0 0 0 0 0 0 0 0 0 0 0 0 0 0 0 0 0 0 0 0 0 0 0 0 0 0 0 0 0 0 0 0 0 0 0 0 0 0 0 0 0 0 0 0 0 0 0 0 0 0 0 0 0 0 
