NCOLS 47
NROWS 172
XLLCORNER 276896.32
YLLCORNER 3833168.9
CELLSIZE 10
NODATA_VALUE -9999
0 0 0 0 0 0 0 -26.789055 0 0 0 0 0 0 -26.90377 0 0 0 0 0 -27.109007 0 0 0 0 0 0 0 0 0 0 0 0 0 0 0 0 0 0 0 -27.751309 -28.875902 -27.986242 0 0 0 -35.547066 
0 0 0 0 0 0 -27.330254 -26.38166 -26.678336 -26.416087 0 0 -31.845296 0 -26.694876 -26.90377 -34.744486 -27.905283 -28.905949 0 -26.649128 -28.734092 0 0 0 0 0 0 0 0 0 0 0 0 0 0 0 0 0 0 -27.751309 -26.63896 -26.555378 -27.174098 0 -26.819405 -35.547066 
0 0 -27.46002 -28.129569 0 0 0 -26.678336 -26.416087 -26.2741 -26.97538 -31.845296 -30.761618 -27.859307 -26.724395 -26.694876 0 -32.482813 -27.905283 -28.905949 -39.092943 0 0 0 0 0 0 0 0 0 0 0 0 0 0 0 0 0 0 0 0 0 -27.174098 -39.120285 -26.819405 -32.211816 -39.067214 
0 -32.845447 -27.057698 -27.46002 -28.129569 0 0 -27.276388 -26.2741 -26.383348 -26.320806 -26.712975 -27.859307 -27.89487 -26.689807 -26.543339 0 0 -32.482813 0 0 -39.092943 0 0 0 0 0 0 0 0 0 0 0 0 0 0 0 0 0 0 0 0 -31.308359 0 0 -26.967217 -37.133919 
0 -36.511857 -32.845447 -27.057698 0 0 -34.066381 -30.919247 -26.383348 -26.320806 -26.454343 -26.450214 -27.375096 -29.128841 -26.543339 -26.718639 -31.026211 -28.02391 -28.61058 0 0 0 0 0 0 0 0 0 0 0 0 0 0 0 0 0 0 0 0 0 0 0 -27.609081 -31.308359 0 0 0 
0 0 0 0 0 0 0 0 -26.901811 -26.454343 -26.450214 -26.660253 -38.928985 -28.62375 -28.268922 -28.391509 -28.02391 -27.54228 -27.201909 0 0 0 0 0 0 0 0 0 0 0 0 0 0 0 0 0 0 0 0 0 0 0 -37.628205 -27.609081 0 0 0 
0 0 0 0 0 0 0 0 -28.531174 -26.683911 -26.660253 -26.476073 -26.558959 -28.268922 -28.391509 -28.594303 -27.54228 -27.201909 -28.394261 -32.211816 -27.429915 0 0 0 0 0 0 0 0 0 0 0 0 0 0 0 0 0 0 0 0 -32.286904 -27.642103 0 0 0 0 
-39.117498 0 0 0 0 0 0 0 0 -27.85599 -26.476073 -26.558959 -26.893676 -27.514216 -28.594303 -28.660661 -29.846108 -28.394261 -32.211816 -27.429915 -26.785972 0 0 0 0 0 0 0 0 0 0 0 0 0 0 0 0 0 0 0 0 -27.642103 -28.405334 0 0 0 0 
0 -39.117498 0 0 0 0 0 0 -28.96391 0 0 -26.893676 -27.514216 -27.53545 -26.405938 -29.846108 -39.056571 -39.124742 -29.817875 -26.785972 -27.503275 0 0 0 0 0 0 0 0 0 0 0 0 0 0 -29.462079 -29.51472 0 0 0 0 -27.005066 -28.291414 0 0 0 0 
-39.048161 -39.062174 0 0 0 0 0 -28.96391 -30.861767 0 -27.239874 -27.28665 -27.53545 -26.405938 -26.644104 0 -39.124742 -39.048161 -26.673287 -26.41099 -27.736689 0 0 0 0 0 0 0 0 0 0 0 0 0 0 -27.896598 -29.462079 -29.51472 0 0 0 -28.444909 -27.005066 0 0 0 0 
-39.08456 -39.048161 -39.062174 0 -37.436436 -30.675999 -33.353575 -30.861767 -27.352743 -27.239874 -27.28665 -27.636935 -28.199361 -26.644104 0 0 0 0 -26.405227 -26.340106 -39.05601 0 0 0 0 0 0 0 0 0 0 0 0 0 0 -27.057161 -27.896598 0 0 0 0 0 -28.444909 0 0 0 0 
0 -39.08456 0 -37.436436 -30.675999 -33.353575 0 -27.352743 -26.770258 0 -27.636935 -28.199361 -26.850561 -26.35691 -27.218095 -32.267963 -28.2348 -27.181433 -26.340106 -26.409131 -30.919247 0 0 0 0 0 0 0 0 0 0 0 0 0 0 -27.315117 -27.057161 0 0 0 0 0 0 0 0 0 0 
0 0 0 0 0 0 -39.111922 -26.770258 -28.99808 0 0 0 -26.35691 -26.802031 -29.650398 -28.2348 -27.181433 -26.819405 -26.557462 -26.489977 0 0 0 0 0 0 0 0 0 0 0 0 0 0 0 0 -27.315117 0 0 0 0 0 0 0 0 0 0 
0 0 0 0 0 0 0 -28.99808 0 0 0 0 -26.802031 -31.038383 0 -28.410909 -26.819405 -26.557462 -26.755983 -27.087556 0 0 0 0 0 0 0 0 0 0 0 0 0 0 0 -29.853232 -30.634333 0 0 0 0 0 0 0 0 0 0 
0 0 0 0 0 0 0 0 0 0 0 0 -31.038383 0 0 0 0 0 0 -39.10132 -30.220646 0 0 0 0 0 0 0 0 0 0 0 0 0 0 -30.634333 0 0 0 0 0 0 0 0 0 0 0 
0 0 0 0 0 0 0 0 0 0 0 0 0 0 0 0 0 0 -34.161314 -27.4631 0 -30.220646 0 0 0 0 0 0 0 0 0 0 0 0 0 0 0 0 0 0 0 0 0 0 0 0 0 
0 0 0 0 0 0 0 0 0 0 0 0 0 0 0 0 0 -34.161314 -27.4631 0 0 0 0 0 0 0 0 0 0 0 0 0 0 0 0 0 0 0 0 0 0 0 0 0 0 0 0 
0 0 0 0 0 0 0 0 0 0 0 0 0 0 0 0 0 0 0 0 0 0 0 0 0 0 0 0 0 0 0 0 0 0 0 0 0 0 0 0 0 -29.963343 0 0 0 0 0 
0 0 0 0 0 0 0 0 0 0 0 0 0 0 -39.115825 0 0 0 -31.878329 -31.026211 0 0 0 -29.191235 0 0 0 0 0 0 0 0 0 0 0 0 0 0 0 0 -29.963343 -27.551481 -39.080086 0 0 0 0 
0 0 0 0 0 0 0 0 0 0 0 0 0 0 0 -39.115825 0 -31.878329 -31.026211 -31.026211 -39.122514 0 0 0 -29.191235 0 0 0 0 0 0 0 0 0 0 0 0 0 0 -39.083442 -27.551481 -27.486093 -27.23107 -27.256347 -27.487156 -30.884597 0 
0 0 0 0 0 0 0 0 0 0 0 0 0 0 0 0 0 0 -31.026211 -39.122514 0 0 0 0 0 0 0 0 0 0 0 0 0 0 0 0 0 0 0 0 -27.486093 -27.23107 -27.256347 -27.487156 -30.873155 0 0 
0 0 0 0 0 0 0 0 0 0 0 0 0 0 0 0 0 0 0 0 0 0 0 0 0 0 0 0 0 0 0 0 0 0 0 0 0 0 0 0 0 0 0 0 0 0 0 
0 0 0 0 0 0 0 0 0 0 0 0 0 0 0 0 0 0 0 0 0 0 0 0 0 0 0 0 0 0 0 0 0 0 0 0 0 0 0 0 0 0 0 0 0 -27.447827 0 
0 0 0 0 0 0 0 0 0 0 0 0 0 0 0 0 0 0 0 0 0 0 0 0 0 0 0 0 0 0 0 0 0 0 0 0 0 0 0 0 0 0 0 0 0 0 -27.447827 
0 0 0 0 0 0 0 0 0 0 0 0 0 0 0 0 0 0 0 0 0 0 0 0 0 0 0 0 0 0 0 0 0 0 0 0 0 0 0 0 0 0 0 0 0 0 0 
0 0 0 0 0 0 0 0 0 0 0 0 0 0 0 0 0 0 0 0 0 0 0 0 0 0 0 0 0 0 0 0 0 0 0 0 0 0 0 0 0 0 0 0 0 0 0 
0 0 0 0 0 0 0 0 0 0 0 0 0 0 0 0 0 0 0 0 0 0 0 0 0 0 0 0 0 0 0 0 0 0 0 0 0 0 0 0 0 0 0 0 0 0 0 
0 0 0 0 0 0 0 0 0 0 0 0 0 0 0 0 0 0 0 0 0 0 0 0 0 0 0 0 0 0 0 0 0 0 0 0 0 0 0 0 0 0 0 0 0 0 0 
0 0 0 0 0 0 0 0 0 0 0 0 0 0 0 0 0 0 0 0 0 0 0 0 0 0 0 0 0 0 0 0 0 0 0 0 0 0 0 0 0 0 0 0 0 0 0 
0 0 0 0 0 0 0 0 0 0 0 0 0 0 0 0 0 0 0 0 0 0 0 -29.201055 -27.872696 -27.378742 -27.029945 -26.994496 -29.562875 -29.105489 -32.442661 0 -36.511857 0 -30.474842 0 0 0 0 0 0 0 0 0 0 0 0 
0 0 0 0 0 0 0 0 0 0 0 0 0 0 0 0 0 0 0 0 0 -28.61058 -29.388767 -27.48822 -27.736689 -27.029945 -26.994496 -26.741698 -27.776735 -28.846312 -29.105489 -32.442661 0 -30.474842 0 0 0 0 0 0 0 0 0 0 0 0 0 
0 0 0 0 0 0 0 0 0 0 0 0 0 0 0 0 0 0 0 0 0 0 -28.61058 -29.388767 -27.48822 -27.691504 -26.741698 -27.742508 -28.230009 -27.957266 -28.846312 0 0 0 0 0 0 0 0 0 0 0 0 0 0 0 0 
0 0 0 0 0 0 0 0 0 0 0 0 0 0 0 0 0 0 0 0 0 -35.958362 0 0 0 0 0 0 0 0 0 0 0 0 -27.728034 -30.603568 0 0 0 0 0 0 0 0 0 0 0 
0 0 0 0 0 0 0 0 0 0 0 0 0 0 0 0 0 0 0 0 -35.958362 0 0 0 0 0 0 -31.593824 0 0 0 -27.545718 0 -27.728034 -27.234723 -26.447984 -26.417926 -27.248056 0 0 -27.328555 -26.701436 -26.758463 -26.702858 -27.561965 0 0 
-27.673812 -27.072419 0 0 0 0 0 0 0 0 0 0 0 0 0 0 0 0 0 0 0 0 0 0 0 0 -31.593824 -39.109133 -32.983317 0 0 -27.709574 -26.990236 -27.234723 -26.447984 -26.417926 -26.558809 -26.3915 -26.500467 -26.427985 -26.329494 -26.450116 -26.677232 -26.371505 0 0 0 
-27.072419 -27.072419 0 0 0 0 0 0 0 0 0 0 0 0 0 0 0 0 0 0 0 0 0 0 0 0 -39.109133 -32.983317 0 0 0 -26.990236 -27.068015 0 0 -26.558809 -26.3915 -26.382573 -26.411397 -26.43854 -26.427985 -26.329494 -26.26655 -26.26655 -26.484274 -26.780956 0 
0 0 0 0 0 0 0 0 0 0 0 0 0 0 0 0 0 0 0 0 0 0 0 0 0 0 0 0 0 0 0 -27.068015 -27.41436 -28.881797 -27.55496 -26.986012 -26.382573 -26.411397 -26.493346 -26.517523 -26.43854 -26.474769 -26.26655 -26.364412 -26.401086 -26.477713 -27.362905 
0 0 0 0 0 0 0 0 0 0 0 0 0 0 0 0 0 0 0 0 0 0 0 0 0 0 0 0 0 0 0 -27.41436 -28.881797 -26.96587 -26.662144 -27.372375 -26.986012 -26.493346 -26.65116 -26.538975 -26.517523 -27.01835 -26.364412 -26.401086 -26.477713 -26.433063 -26.77913 
0 0 0 0 0 0 0 0 0 0 0 0 0 0 0 0 0 0 0 0 0 0 0 0 0 0 0 0 0 0 0 0 -26.432703 -26.378535 -26.579351 -26.586703 -26.452663 -27.770686 -28.029834 -27.24656 -27.504362 -28.091041 -26.773983 -26.544192 -26.433063 -26.400622 -26.452466 
0 0 0 0 0 0 0 0 0 0 0 0 0 0 0 0 0 0 0 0 0 0 0 0 0 0 0 0 0 0 -29.077921 -26.410585 -26.351127 -26.432703 -26.378535 -26.56107 -26.586703 -26.452663 -39.098529 -28.42496 -28.826973 -27.504362 -28.091041 -27.903539 -27.718044 -27.494635 -28.777901 
0 0 0 0 0 0 0 0 0 0 0 0 0 0 0 0 0 0 0 0 0 0 0 0 0 0 0 0 0 0 -26.437802 -26.464176 -26.410585 -26.351127 -26.659207 -26.966768 -26.56107 -27.097308 0 -39.106902 -28.42496 -27.094422 -27.215249 -27.679216 -27.3085 -27.190901 -27.447827 
0 0 0 0 0 0 0 0 0 0 0 0 0 0 0 0 0 0 0 0 0 0 0 0 0 -27.040245 -27.160347 -28.142729 -29.963343 -39.043112 -26.356604 -26.437802 -26.464176 -26.793769 -29.911185 -26.916511 -26.916511 -26.84848 0 0 0 -28.206358 -27.094422 -27.215249 -27.190901 -27.200522 -27.331866 
0 0 0 0 0 0 0 0 0 0 0 0 0 0 0 0 0 0 0 0 0 0 0 0 -26.644702 -26.828873 -27.040245 -27.160347 -28.097365 -29.068841 -26.446637 -26.356604 -26.938422 -28.439176 0 -26.916511 -26.84848 -26.525232 0 0 -26.862909 -27.017354 -28.206358 0 0 0 0 
0 0 0 0 0 0 0 0 0 0 0 0 0 0 0 0 0 0 0 0 0 0 0 0 -26.465318 -26.644702 -26.828873 -27.301949 -27.910532 -28.047817 -26.501553 -26.446637 -27.919345 -28.041787 0 -26.607964 -26.525232 -28.670909 0 -26.862909 -27.017354 -28.361646 0 0 0 0 0 
0 0 0 0 0 0 0 0 0 0 0 0 0 0 0 0 0 0 0 0 0 0 0 0 -26.70788 -26.465318 0 -30.739921 -29.147778 -28.402556 -28.047817 -26.501553 -26.995448 0 0 -26.722132 -26.607964 -26.704524 0 0 0 -31.189192 -39.0476 0 0 0 0 
0 0 0 0 0 0 0 0 0 0 0 0 0 0 0 0 0 0 0 -27.497863 0 0 0 0 -27.293047 -26.70788 0 0 -30.739921 -29.147778 0 0 0 0 0 -27.036101 -26.405069 -39.081205 0 0 0 -39.0476 -31.911737 0 0 0 0 
0 0 0 0 0 0 0 0 0 0 0 0 0 0 0 0 0 0 -27.497863 -28.361646 0 0 0 -26.443117 -27.140625 -29.749073 0 0 0 0 0 0 -27.584569 0 0 -26.405069 -26.618814 0 0 0 0 -31.911737 0 0 0 0 0 
0 0 0 0 0 0 0 0 0 0 0 0 0 0 0 0 0 0 -28.361646 0 0 0 -28.741297 -26.470794 -26.443117 -30.816741 0 0 0 0 0 -27.584569 0 0 0 -26.618814 -28.518916 0 0 0 0 0 0 0 0 0 0 
0 0 0 0 0 0 0 0 0 0 0 0 0 0 0 0 0 0 -32.014279 -34.932209 0 0 -39.083442 -27.015863 -26.470794 0 0 0 0 0 0 0 0 0 0 -37.012662 0 0 0 0 0 0 0 0 0 0 0 
-28.408292 -26.8597 -26.969471 0 0 0 0 0 0 0 0 0 0 0 0 0 0 0 0 -32.014279 0 0 0 -27.426972 -27.578558 0 0 0 0 0 0 0 0 0 0 0 0 0 0 0 0 0 0 0 0 0 0 
-27.964659 -26.669172 -26.724647 -26.904556 -27.232528 -27.942644 -31.578824 -39.050404 0 0 0 0 0 0 0 0 0 -27.101958 -29.860382 0 0 0 0 -27.813915 0 0 0 0 0 0 0 0 0 0 0 -27.872696 0 0 0 0 0 0 0 0 0 0 0 
-28.169535 -26.629487 -26.904556 -27.232528 -27.588198 -27.4693 -27.416286 -26.949992 -28.842423 -39.058812 0 0 0 0 0 0 0 -28.96391 -27.101958 -29.860382 0 0 0 0 0 0 0 0 0 0 0 0 0 0 -27.872696 -27.282683 0 0 0 0 0 0 0 0 0 -28.60079 0 
-30.412603 -26.70957 -27.798236 -27.588198 -27.4693 -27.416286 -26.949992 -27.33452 -28.959693 -30.024682 -34.193456 -35.59108 -32.503078 0 0 0 0 -39.065534 -28.96391 0 0 0 0 0 0 0 0 0 0 0 0 0 0 0 -27.282683 -26.672199 0 0 0 0 0 -33.679304 0 0 0 0 0 
-30.42919 -26.76096 0 0 0 0 -27.33452 -28.653873 -27.232528 -34.193456 -35.59108 -32.503078 -28.283867 0 0 0 0 0 -39.065534 0 0 0 0 0 0 0 0 0 0 0 0 0 0 0 -26.672199 -27.036617 0 0 0 0 -33.679304 0 0 -29.399843 -39.052086 0 0 
-26.93882 -26.406573 0 0 0 -39.095178 -28.653873 -27.232528 -27.864306 -39.082323 0 -28.283867 -35.863929 0 0 0 0 0 0 0 0 0 0 0 0 0 0 0 0 0 0 0 0 0 -27.036617 -38.316634 0 0 0 0 0 0 -29.399843 -39.052086 -28.873835 0 0 
-26.999193 -26.460988 -29.388767 0 0 0 -39.095178 -27.864306 -39.082323 0 0 -35.863929 -27.415323 0 0 0 0 0 0 0 0 0 0 0 0 0 0 0 0 0 0 0 0 0 -38.316634 0 0 0 0 0 0 0 0 -28.873835 0 0 0 
-28.456456 -28.456456 0 0 0 0 0 0 -28.246868 -29.01984 0 -27.415323 -26.799565 0 0 0 0 0 0 0 0 0 0 0 0 0 -39.082882 0 0 0 0 0 0 0 0 0 0 0 0 0 0 0 0 0 0 -27.125202 -29.762634 
0 0 0 0 0 0 0 -28.246868 -29.01984 -28.684696 -27.337953 -26.799565 -26.531947 0 0 0 0 0 0 0 -28.118725 -39.096295 0 0 0 -34.781397 -31.014097 -28.375127 -28.131751 -30.371412 0 0 0 0 0 0 0 0 0 0 0 0 0 0 -26.393648 -26.632549 -27.125202 
0 -30.553191 0 0 0 0 0 -29.399843 -28.755822 -27.337953 -26.939693 -26.531947 -26.617162 0 0 0 0 0 0 -28.118725 -27.760199 -27.508726 -32.523469 -26.781249 0 0 -28.375127 -28.131751 -30.371412 -29.271529 -28.142729 -39.047039 0 0 0 0 -39.049282 0 0 0 0 0 0 -28.101603 -26.349711 -26.393648 -26.632549 
0 0 0 0 0 -39.041428 -31.716796 -27.456952 0 0 -26.453254 -26.453254 -27.135644 -27.614075 -28.61386 0 0 0 0 -27.760199 -27.508726 -27.451869 -26.781249 -26.531268 -27.088125 -27.184797 -30.729146 -27.61784 -27.429915 -27.579756 -26.70548 -26.708362 -26.998793 -29.388767 0 0 0 -39.049282 -27.636935 -27.475553 -28.620445 -30.446151 -30.032483 -27.989079 -26.375597 -26.349711 -27.95359 
0 0 0 0 0 0 -27.456952 -29.225873 0 0 -26.475529 -26.949125 -27.279528 -26.889473 -26.581618 0 0 0 0 0 -27.451869 -28.800336 -26.531268 -27.088125 -27.184797 -27.113756 -27.040766 -26.618262 -26.361374 -26.70548 -26.708362 -26.998793 -27.345743 -27.905283 0 0 0 0 -27.036101 -27.636935 -27.475553 -28.620445 -29.769452 -27.144389 -26.372971 -26.375597 -27.142504 
-28.15453 -27.784355 -27.320962 0 0 -27.144389 -26.384695 -26.657124 -29.225873 -39.080086 -26.474012 -27.279528 -26.889473 -26.581618 -26.581618 -27.431883 0 0 0 0 0 -27.713799 -27.330254 -31.087669 -27.113756 -27.040766 -27.586987 -26.361374 -26.32527 -26.3915 -27.379656 -27.345743 -27.905283 0 -28.439176 0 0 0 -28.099482 -27.036101 -28.220488 -29.143022 -27.063103 -26.778326 -26.470688 -26.372971 -27.305216 
0 -27.320962 -35.088292 0 -39.04199 -27.489285 -27.144389 -26.384695 -26.657124 -26.820375 -28.61058 -26.474012 0 -26.581618 -27.066919 -26.627398 -39.125856 0 0 0 0 -27.330254 -39.083442 0 0 -27.586987 -27.903539 -26.32527 -26.3915 -27.239874 -26.930447 0 0 -28.439176 -26.932533 -39.095736 0 0 0 -28.099482 0 -29.860382 -29.143022 -27.063103 -26.778326 -26.470688 -27.596731 
0 -26.592552 -27.080776 0 -26.622145 -27.521971 -27.489285 -27.758711 0 -32.503078 -26.820375 -27.143132 -26.538975 -26.407369 -26.627398 -27.712388 0 0 0 0 0 -27.589412 0 0 0 0 0 -27.068563 -27.239874 -26.930447 0 0 -26.492762 -26.932533 -27.313457 -37.436436 -39.095736 0 0 0 -28.127391 0 -29.860382 -35.374977 0 -27.105471 0 
-26.390252 -26.595947 -26.592552 -27.080776 -26.473042 -26.622145 -27.521971 0 0 -27.367863 -26.849866 -27.315949 -26.884933 -26.538975 -26.407369 -27.276388 0 0 0 0 0 -26.792257 -27.589412 0 0 0 -26.855458 -27.150083 -27.520858 0 0 0 -26.36874 -26.393351 -37.436436 0 0 0 -27.131936 -27.157764 -28.834677 -28.127391 0 -27.560793 -27.88628 -27.40481 -27.105471 
-26.448467 -26.390252 -26.595947 -27.949928 -26.600939 -26.473042 -27.370567 -28.709169 0 -27.14376 -27.367863 -26.849866 -27.315949 -26.884933 0 0 0 0 0 0 0 -27.266288 -26.792257 0 0 0 -27.159054 -26.855458 -27.150083 0 0 0 -26.454442 -26.36874 0 0 0 0 0 -27.131936 -27.157764 -28.834677 -27.844471 -26.488596 -27.409569 -27.766177 -27.40481 
-26.880066 -26.448467 -28.237203 -26.565185 -26.671115 -26.600939 -30.272655 -33.485877 0 -26.870128 -27.14376 0 0 0 0 0 0 0 0 0 -28.340392 -27.6434 -27.266288 0 -29.762634 0 -28.410909 -27.159054 -29.251079 0 0 0 -26.564878 -26.86148 0 0 0 0 0 0 0 -27.502189 -26.887954 -26.589697 -26.488596 -27.409569 -27.766177 
0 -26.880066 -34.004311 -26.525896 -26.565185 -26.671115 -32.564639 -35.048762 -39.059933 -29.556783 -26.870128 0 0 0 0 0 0 0 0 0 -27.028927 -27.028927 -31.447354 0 0 -29.762634 0 -28.410909 -34.097779 -29.251079 0 0 -26.880066 -27.701186 0 0 0 0 0 -39.098529 -27.166855 -26.654849 -26.664683 -26.815871 -26.589697 -27.269378 -28.268922 
0 0 0 -27.076303 -26.525896 -39.049843 -39.113595 0 -35.048762 -39.059933 -29.556783 0 0 0 0 0 0 0 0 0 -27.115548 -27.443808 0 0 0 0 0 0 0 0 0 -26.731527 -26.675473 -26.891378 0 0 -27.301134 -27.940832 -39.125856 -30.38986 -27.197757 -27.166855 -26.654849 -26.664683 -26.815871 -27.940832 -30.178262 
0 -39.08456 -34.564492 -26.649939 -27.076303 0 -39.049843 -39.113595 0 0 0 0 0 0 0 0 0 0 0 0 -27.699796 -27.115548 0 0 0 0 0 0 0 0 0 -27.503275 -26.731527 -26.675473 0 -28.2348 -27.405759 -27.301134 -27.940832 0 -30.38986 -27.197757 -27.192266 -27.749836 0 0 0 
0 -29.606105 -28.291414 -26.649939 -26.558359 0 0 0 0 0 0 0 0 0 0 0 0 0 0 0 0 -27.699796 0 0 0 0 0 0 0 0 0 0 -27.503275 0 -39.071133 -28.180916 -28.2348 -27.405759 -30.001459 0 0 -32.120442 -33.102523 0 0 0 0 
-30.616097 -27.502189 -28.291414 -26.558359 -26.444728 0 0 0 0 0 0 0 0 0 0 0 0 0 0 0 0 0 0 0 0 0 -28.657263 0 0 0 0 -28.922276 -35.771271 0 0 -39.071133 -28.180916 -29.041918 0 0 0 0 0 0 0 0 0 
-27.502189 -27.502189 -27.164895 -26.444728 -26.373842 -28.691643 -31.281407 -31.764316 -30.112191 -27.817084 0 0 0 0 0 0 0 0 0 0 0 0 0 0 0 -28.657263 -31.268033 0 0 0 0 -35.771271 0 0 0 0 -27.660452 -28.968138 0 0 0 0 0 0 0 0 0 
-29.332962 -26.659834 -26.579674 -26.373842 -26.76544 -26.944386 -27.11495 -27.124594 -27.151994 -26.642909 0 0 0 0 0 -28.462271 0 0 0 0 0 0 0 0 0 -31.268033 -39.085119 0 0 0 0 0 0 0 0 0 -27.146281 -27.660452 -28.968138 0 0 0 0 0 0 0 0 
-27.302102 -26.460784 -26.432253 -26.234545 -26.565032 -26.669388 -26.639353 -26.55941 -26.636614 -26.413523 -31.878329 -27.017354 -26.948692 -27.970241 -27.164243 -26.440957 0 0 0 0 0 0 0 0 0 -39.085119 -32.344422 0 0 0 0 0 0 0 0 0 -26.729475 -27.146281 -28.430626 0 0 0 0 0 0 0 0 
-26.994143 -26.401086 -26.234545 -26.231209 -26.541783 -26.618078 -26.526295 -26.417423 -26.413523 -26.357769 -26.780663 -26.616796 -27.017354 -26.948692 -26.440957 -26.668957 0 0 0 0 0 0 -33.794389 -34.129422 0 -32.344422 -30.839149 0 0 0 -31.878329 -27.688757 0 0 0 -31.335588 -26.522462 -26.729475 -28.881797 -28.430626 0 0 0 0 0 0 0 
-26.638638 -26.31065 -26.231209 -26.221557 -26.408008 -26.509164 -26.417423 -26.593905 -26.357769 -26.468673 -26.431447 -26.496407 -26.616796 -26.593566 -26.308531 -26.793769 0 0 0 0 0 -33.794389 -34.129422 0 0 -30.839149 0 0 0 0 -27.688757 -26.770258 0 -31.404897 -28.053882 -28.534258 -26.553016 -26.522462 -27.82987 -38.389987 0 0 0 0 0 0 0 
-26.889782 -26.346911 -26.221557 -26.213092 -26.431894 -26.600765 -26.710297 -26.813955 -26.468673 -26.806696 -26.823623 -26.431447 -26.496407 -26.308531 -26.253432 -26.892143 -27.968377 -39.081764 -29.496996 0 0 0 0 -39.110807 -29.064321 -27.420153 0 0 0 0 -26.770258 -27.795133 -29.803913 -30.353118 -29.612367 -28.053882 -28.534258 -26.553016 0 0 -38.389987 0 0 0 0 0 0 
0 -26.309035 -26.213092 -26.262084 -26.370975 -26.44635 -26.678558 -26.916511 -26.439281 -26.653204 -26.806696 -26.823623 -27.560793 -26.253432 -26.323298 -26.570142 -26.578063 -26.909698 -26.956984 -27.95359 0 0 -39.110807 -29.064321 -27.099628 -26.628916 0 0 0 0 -27.795133 0 0 -29.803913 -30.353118 -29.612367 -29.246006 -29.581274 -39.081205 0 0 0 0 0 0 0 0 
0 -26.868312 -26.262084 -26.370975 -26.383914 -26.287988 -26.342119 -26.439281 -26.510789 -26.703333 -26.653204 -27.948102 -27.238398 -26.323298 -26.419612 -26.578063 -26.550966 -26.604782 -27.026895 -27.05288 0 0 -39.103553 -27.099628 -26.628916 -26.503739 0 0 0 0 0 0 0 0 -39.113595 -26.68167 -30.783515 -32.014279 -29.581274 -39.081205 0 0 0 0 0 0 0 
0 0 -26.801722 -26.383914 -26.287988 -26.342119 -26.3059 -26.478482 -26.555972 -26.684586 -26.715673 -26.895599 -26.656295 -26.419612 -26.410747 -26.550966 -26.604782 -27.026895 -26.447021 -26.447021 0 0 0 -29.456327 -26.503739 -26.883805 0 0 0 0 0 0 0 0 0 -26.880438 -26.68167 -30.783515 -32.014279 -34.358043 0 0 0 0 0 0 0 
0 0 0 -26.714935 -26.3441 -26.3059 -26.478482 -26.669172 -26.584396 -26.715673 -26.62702 -26.656295 -26.575664 -26.410747 -26.570298 -29.874762 -28.549788 -39.128641 -26.480804 -26.499866 0 0 0 0 -26.883805 -27.871012 0 0 0 0 0 0 0 0 0 -27.083591 -26.880438 0 0 0 0 0 0 0 0 0 0 
0 0 0 0 -27.015863 -26.578545 -26.669172 -26.584396 -26.40705 -26.62702 -26.859345 -27.497863 -26.301467 -26.356971 -26.454145 -26.904949 -29.874762 -28.549788 -26.504839 -26.598519 -26.979974 -31.241488 0 0 0 -38.172503 -34.258507 -33.54014 0 0 0 0 0 0 0 -27.06528 -27.083591 0 0 -37.628205 -27.73524 0 0 0 0 0 0 
0 -26.572968 -29.256167 -27.601648 -26.579835 -26.876728 -28.138325 -26.40705 -26.818117 -28.281363 -29.176616 -28.74854 -26.32355 -26.301467 -26.752973 -26.969471 -26.904949 -39.113038 -26.598519 -26.649331 -26.550237 -26.979974 -26.898694 -26.792559 0 -34.258507 -33.54014 -31.176281 0 0 0 0 0 0 0 -26.913292 -26.846065 0 0 0 -37.628205 -27.73524 0 0 0 0 0 
0 -26.611898 -26.452072 -26.579835 -26.876728 -28.041787 -27.626695 -26.435056 -26.952166 -33.707755 -28.74854 -27.251058 -26.306938 -26.208333 -26.839916 -26.638372 -27.0819 0 0 -27.799792 -26.649331 -26.550237 -26.792559 -26.991652 -26.454442 0 -31.176281 0 0 0 0 0 0 0 -39.115268 -26.554638 -26.554638 0 0 0 0 -29.01984 0 0 0 0 0 
0 -26.452072 -26.543197 -27.440808 -28.041787 -27.760199 -26.415256 -26.361311 -33.707755 -28.591072 -27.251058 -26.641522 -26.208333 -26.174575 -26.493815 -26.443023 -26.514197 -29.394296 -26.941821 -26.517652 -28.031817 -36.252829 -26.930447 -26.454442 -26.485971 -27.051284 0 0 0 0 0 0 0 0 0 -31.321939 -26.668957 0 0 0 -29.01984 -27.301949 0 0 0 0 0 
0 -27.003128 -27.440808 -39.073932 0 0 -26.361311 -26.313459 -28.591072 -27.588198 -27.087556 -26.639746 -26.174575 -26.199273 -26.443023 -26.451386 -26.466361 -26.457944 -26.394769 -26.745686 -26.517652 -26.930447 -26.807636 -26.485971 -26.61992 -27.948102 -30.144963 0 0 0 0 0 0 0 -31.321939 -32.585419 -29.114788 -39.10132 0 0 -27.301949 -29.669715 0 0 0 0 0 
0 0 -39.073932 0 0 0 -26.313459 -26.365308 -26.952602 -27.245068 -27.182104 -26.508293 -26.199273 -26.269589 -26.451386 -26.466361 -26.457944 -26.690723 -26.622145 -26.394769 -26.745686 -26.807636 -26.773983 -26.61992 -26.531675 -26.793466 0 0 0 0 0 0 0 0 -32.585419 -29.114788 -39.10132 -39.124185 -39.067774 -39.080645 -29.669715 0 0 -39.044234 0 0 0 
0 0 0 0 0 0 -26.365308 -26.952602 -27.043899 -27.182104 -27.146281 -26.445204 -26.382081 -26.437342 -26.433063 -26.42029 -26.524438 -26.636809 -26.836539 -26.622145 -27.530931 -26.894829 -26.752156 -26.531675 -26.613341 -26.793466 -28.497746 0 0 0 -32.822996 -27.859307 -31.534301 0 -30.465237 -29.292238 -39.124185 -39.067774 -33.707755 -30.071947 -28.099482 0 -39.044234 0 0 0 0 
0 0 0 0 0 0 -27.071315 -27.043899 -27.795133 -27.146281 -27.320124 -26.382081 -26.523514 -26.433063 -26.42029 -26.524438 -26.501674 -26.546192 -26.550674 -26.836539 -26.871221 -26.637589 -26.893676 -26.613341 -26.613341 -27.746897 -32.102489 0 -39.056571 -31.780332 -29.372288 -32.822996 -27.859307 -30.465237 -29.292238 -32.868046 0 -28.468113 -28.093145 -28.099482 -26.643108 0 0 0 0 0 0 
0 0 0 0 0 0 0 -28.491763 -27.815498 -27.320124 -27.025882 -26.523514 -26.628536 -26.781249 -26.554934 -26.501674 -26.546192 -26.550674 -26.704763 -26.673069 -26.637589 -26.748368 -26.561221 -26.561221 -27.128865 -27.178755 -29.261272 0 -27.584569 -26.989294 -27.905283 -29.372288 0 0 -32.868046 0 -28.468113 -27.586987 -27.069662 -26.643108 -26.691182 0 0 0 0 -28.512831 0 
0 0 0 0 0 0 0 -39.104669 -27.669781 -27.025882 -26.891378 -26.628536 -26.51407 -27.55496 -27.027402 -26.828873 -27.070763 -27.559623 -29.444881 -27.590627 -26.748368 -26.930864 -26.561221 -26.56983 -27.178755 -27.448835 -28.647119 0 -26.90103 -26.9093 -26.989294 -27.905283 -30.281448 -28.2348 -26.921382 -28.142729 -27.586987 -27.069662 -28.059983 -26.691182 -26.792861 0 0 0 0 -27.053413 -39.080294 
0 0 0 0 0 0 0 0 -28.488782 -27.47242 -26.911292 -26.51407 -26.58227 -39.085119 -28.807895 -27.504362 -28.627063 -39.080645 -30.71842 -27.82987 -27.487156 -26.930864 -26.56983 -26.458044 -27.448835 -28.647119 0 0 -27.437821 -26.90103 -26.9093 -30.281448 -28.2348 -26.921382 -28.142729 -27.584569 -29.329116 -32.756519 -33.707755 -26.792861 -26.649331 0 0 -34.258507 -32.383356 -26.832189 -35.264836 
0 0 0 0 0 0 0 0 -27.620361 -27.574973 -27.778254 -26.58227 -39.085119 0 0 -39.091826 -39.080645 -36.354893 0 0 -27.471379 -27.009455 -26.458044 -26.483486 -31.228315 0 0 0 -32.066896 -27.437821 0 0 0 -28.922276 -27.584569 -29.329116 -28.918177 -27.116147 -26.930864 -26.649331 -26.414594 0 -34.258507 -32.383356 -27.09155 -26.704286 0 
-28.251732 0 0 0 0 0 0 0 -31.563903 -28.926387 -39.100204 -27.053413 0 0 0 0 -36.354893 -27.733794 0 -27.471379 -27.009455 -28.430626 -26.483486 -27.033014 -29.6762 -29.181474 0 0 0 -32.066896 0 0 0 0 -29.235908 -28.918177 -27.116147 -26.930864 -26.565954 -26.414594 -26.30077 -30.739921 0 -27.09155 -26.704286 -26.620845 0 
0 -28.251732 0 0 0 0 0 0 0 0 -27.053413 -29.383256 0 0 0 0 -27.733794 -27.733794 0 0 0 -26.796809 -27.033014 -29.6762 -29.181474 0 -31.996943 -39.056571 0 0 0 0 0 -29.235908 -28.763143 -35.291238 -26.960519 -26.565954 -26.679888 -26.30077 -26.74382 -29.58745 0 -39.067214 -26.620845 -26.630632 0 
0 0 0 0 -26.89176 -27.000715 -27.864306 -27.84939 -26.967217 -33.37966 -29.383256 0 0 0 0 0 -27.733794 -28.56235 0 0 0 -27.043899 -26.786864 -36.954673 0 -31.996943 0 0 -39.056571 0 0 0 0 -28.763143 0 0 -37.190372 -26.701436 -26.390105 -26.284444 -28.027856 0 -39.067214 -27.557288 -26.630632 -26.469943 0 
0 0 0 0 -27.516424 -26.89176 -27.000715 -26.967217 -27.839578 -27.331105 -34.258507 0 0 0 -31.461655 0 -28.56235 0 0 0 0 -26.786864 -26.760126 0 0 0 0 0 0 0 0 0 0 0 0 0 0 0 -26.284444 -26.418683 -26.848134 -27.257106 -27.557288 -26.661723 -26.469943 -26.40697 0 
0 0 0 0 -35.417415 -27.516424 0 -27.839578 -27.331105 -34.258507 0 0 0 -31.461655 -31.461655 0 -30.533348 -39.049843 0 0 0 -26.760126 -39.120285 0 0 0 0 0 -34.494552 -39.065534 0 0 0 -39.046478 0 0 0 0 -26.418683 -26.848134 -27.218809 -28.759477 -29.235908 -27.47242 -26.40697 -26.735146 0 
0 0 0 0 -28.989464 -35.417415 0 0 0 0 0 0 0 -31.461655 0 -29.05532 -31.505012 0 0 0 0 -39.120285 0 0 0 0 0 0 0 -34.494552 -39.065534 0 -39.046478 -34.564492 0 0 0 -36.897291 -26.956104 -30.048176 -28.789073 -29.235908 0 -28.062025 -26.735146 -28.358968 0 
0 0 0 0 -30.417826 -28.989464 0 0 0 0 0 0 0 0 -28.617149 -39.041428 -29.05532 0 0 0 -33.736418 0 0 0 0 0 0 0 0 0 0 0 -34.564492 -29.064321 0 0 0 0 -30.966219 -27.169478 0 0 0 -30.523491 -26.889853 0 0 
0 0 0 0 -30.761618 0 0 0 0 0 0 0 0 0 0 -28.617149 -39.111364 0 0 -33.736418 0 0 -32.383356 -39.097412 0 0 0 0 0 0 0 0 -29.064321 0 0 0 -31.308359 0 -27.169478 -39.057691 -28.095253 0 -30.523491 -26.889853 -26.415256 0 0 
0 0 0 0 0 0 0 0 0 0 0 0 0 0 0 -29.31321 -27.238398 0 0 0 0 -32.383356 -39.097412 0 0 0 0 0 0 0 0 0 0 0 0 -31.308359 0 0 -39.081764 -28.095253 -27.494635 -27.278741 -28.730503 -26.415256 -26.597487 0 0 
0 0 0 0 0 0 0 0 0 0 0 0 0 0 -29.31321 -27.238398 -39.056571 -28.088941 -28.52503 -31.002041 -38.539345 0 0 0 0 0 0 0 0 0 0 0 0 0 0 0 0 0 0 -27.494635 -27.278741 0 0 -26.539115 -27.034555 -33.707755 0 
0 0 0 0 0 0 0 0 0 0 0 0 0 0 0 -39.056571 0 -37.499653 -28.088941 -28.52503 0 0 0 0 0 0 0 0 0 0 0 0 0 0 -26.998793 -26.657748 0 -27.579756 -28.627063 -27.171454 -28.372418 -27.605356 0 -26.4764 -26.539115 -27.1597 -33.707755 
0 0 0 0 0 0 0 0 0 0 0 0 -39.095178 -39.062174 0 0 0 0 -37.499653 0 0 0 0 0 0 0 0 0 0 0 0 -29.508792 -29.439186 -26.895599 -26.724395 -26.998793 -26.657748 -27.919345 -27.579756 -28.627063 -27.171454 -28.372418 -26.711755 -26.498787 -26.4764 -27.043375 -27.1597 
0 0 0 0 0 0 0 0 0 0 0 -39.095178 -39.062174 0 0 0 0 0 0 0 0 0 0 0 0 0 0 0 0 0 0 -27.270929 -29.323797 -27.014377 -26.895599 -26.724395 -27.728034 0 -27.919345 0 -39.107459 0 -26.738015 -26.711755 -26.498787 -27.217382 -27.043375 
0 0 0 0 0 0 0 0 0 0 0 0 0 0 0 0 0 0 0 0 0 0 0 0 0 0 0 0 0 0 0 -26.807009 -27.225269 -29.323797 -27.014377 -33.882992 0 0 0 0 0 0 -27.280315 -26.738015 -29.496996 -29.769452 0 
0 0 0 0 0 0 0 0 0 0 0 0 0 0 0 0 0 0 0 0 0 0 0 0 0 -29.948299 -26.879322 0 0 -27.268604 -27.281104 -27.000234 -26.807009 -27.225269 -39.102995 0 0 0 0 0 0 0 -29.073374 -27.280315 0 0 0 
0 0 0 0 0 0 0 0 0 0 0 0 0 0 0 0 0 0 0 0 0 0 0 0 -29.948299 -26.879322 -30.907643 -28.955488 -26.513056 -26.519591 -26.988824 -27.281104 -27.000234 0 0 0 0 -28.053882 -32.564639 0 0 0 -27.655168 -26.762634 0 0 0 
0 0 -28.785339 0 0 0 0 0 0 0 0 0 0 0 0 0 0 0 0 0 0 0 0 0 -27.778254 -26.415173 -26.883429 -26.54951 -26.81876 -26.513056 -26.519591 -26.988824 0 0 -32.23042 -28.450669 -27.931821 -26.737753 -30.739921 -28.491763 -28.989464 -28.889803 -26.762634 -26.762634 -27.266288 -26.776293 0 
0 0 -30.353118 -28.785339 0 0 0 0 0 0 0 0 0 0 0 0 0 0 0 0 -30.455674 0 0 -27.103711 -26.585547 -26.587532 -26.415173 -26.883429 -26.54951 -26.81876 0 0 0 -32.23042 -28.450669 -27.931821 -26.737753 -26.44049 -28.491763 -28.989464 -28.889803 -28.889803 -26.762634 -27.186825 -26.776293 -26.715673 0 
0 0 0 -31.294849 0 0 0 0 0 0 0 0 0 0 0 0 0 0 0 -26.976753 -39.057691 0 -28.151594 -26.521938 -27.103711 -26.585547 -26.587532 0 0 0 0 0 0 0 0 -27.669781 -26.44049 -26.410585 -27.225269 -29.762634 -28.889803 -27.519747 -26.533721 -26.713954 -26.627398 -26.555378 -27.045473 
0 0 0 0 0 0 0 0 0 0 0 0 0 0 0 0 0 0 0 -26.479474 -26.976753 -27.436828 -26.554934 -26.788355 -26.521938 -27.458996 0 0 -39.119727 0 0 0 0 0 0 0 -26.410585 -27.153271 -26.830859 -29.762634 -27.627968 -26.533721 -26.505084 -26.627398 -26.626077 -26.526695 0 
0 0 0 0 0 0 0 0 0 0 0 0 0 0 0 0 0 0 -26.49358 -26.654026 -26.479474 0 -27.436828 -26.554934 -26.788355 0 0 -39.119727 0 0 0 0 0 0 0 0 -26.731013 -26.830859 -26.830859 -27.136264 -27.337953 -26.505084 -26.47358 -26.626077 -26.526695 -26.576461 -27.073662 
0 0 0 0 0 0 0 0 0 0 0 0 0 0 0 0 0 0 -26.70764 -26.49358 -26.654026 0 0 -39.09797 0 0 0 0 0 0 0 0 0 0 0 -26.731013 -27.045473 -26.830859 -27.136264 -27.2033 -27.546867 -26.47358 -26.516624 -26.733849 -26.810467 -26.980436 -28.091041 
0 0 0 0 0 0 0 0 -39.092385 0 0 0 0 0 0 0 0 0 -27.114353 -26.70764 0 0 0 0 -39.059372 0 0 0 0 0 0 0 0 0 0 -27.045473 -27.045473 -27.301949 -27.2033 -27.546867 -27.669781 -26.516624 -26.562283 -26.902593 -27.208191 -28.055911 0 
0 0 0 0 0 0 0 -39.092385 0 0 0 0 0 0 0 0 0 0 -26.736708 -26.520892 0 0 0 -39.059372 0 0 0 0 0 0 0 0 0 0 0 -27.045473 -27.869331 -27.836331 -28.345669 -29.410992 -29.416594 -26.562283 -26.902593 -27.208191 -27.104297 -27.003612 0 
0 0 0 0 0 0 0 0 0 0 0 0 0 0 0 0 0 0 -26.520892 -26.890615 0 0 0 0 0 0 0 0 0 0 0 0 0 0 0 -31.911737 0 -30.290278 -29.410992 0 0 -29.70897 -27.272484 -27.104297 -27.003612 -27.306856 0 
-32.712916 -27.546867 -38.849131 0 0 0 0 0 0 0 0 0 0 0 0 0 0 0 -26.890615 -39.065534 0 0 0 0 0 0 0 0 0 0 0 0 0 0 0 0 -35.817381 0 0 0 -33.327674 -28.893822 -27.415323 -27.213123 -27.409569 -27.104297 -39.104582 
-26.783014 -32.712916 -27.546867 0 0 0 0 0 0 0 0 0 0 0 0 0 0 0 0 0 0 0 0 0 0 0 0 0 0 0 0 0 0 0 0 -35.817381 0 0 0 0 0 -31.764316 -27.213123 -27.409569 -29.422214 -28.688165 0 
-39.061053 -26.783014 0 0 0 0 -27.687388 0 0 0 0 0 0 0 0 0 0 0 0 0 0 0 0 0 0 0 0 0 0 0 0 0 0 0 0 0 0 0 0 0 0 0 0 -29.422214 -32.648556 -32.691325 0 
0 -39.061053 0 0 0 -27.820263 -27.192266 -27.687388 0 0 0 0 0 0 0 0 0 0 0 0 0 0 0 0 0 0 0 0 0 0 0 0 0 0 0 0 0 0 0 0 0 0 0 0 0 0 0 
0 0 0 0 0 0 -27.820263 -27.192266 0 0 0 0 0 0 0 0 0 0 -28.190099 0 0 0 0 0 0 0 0 0 0 0 0 0 0 0 0 0 0 0 0 0 0 0 0 0 0 -39.099645 0 
-28.230009 -26.66447 -29.339805 -29.339805 -28.993766 0 0 0 0 0 0 0 0 0 0 0 0 -28.190099 -27.480804 0 0 0 0 0 0 0 0 0 0 0 0 0 0 0 0 0 0 0 0 0 0 0 0 0 0 0 0 
-26.906835 -26.419189 -26.588862 -26.88418 -27.151356 -27.089835 -26.635059 0 0 0 0 0 0 0 0 0 0 -27.480804 -36.619171 0 0 0 0 0 0 0 0 0 0 0 0 0 0 0 0 0 0 0 0 0 0 0 0 0 0 0 0 
-29.639952 -26.588862 -26.88418 -26.760682 -27.033527 -26.635059 -26.45865 0 0 0 0 0 0 0 0 0 0 -36.619171 0 0 0 0 0 0 0 0 0 0 0 0 0 0 0 0 0 0 0 0 0 0 0 0 0 0 0 0 0 
0 -26.987416 -26.760682 -27.033527 -27.634363 -26.45865 -26.647512 0 0 0 0 0 0 0 0 0 0 0 0 0 0 0 0 0 0 0 0 0 0 0 0 0 0 0 0 0 0 0 0 0 0 0 0 0 0 0 0 
0 0 -30.805615 -28.281363 0 -26.647512 -26.720132 0 0 0 0 0 0 0 0 0 0 0 0 0 0 0 0 0 0 0 0 0 0 0 0 0 0 0 0 0 0 0 0 0 0 0 0 0 0 0 0 
0 0 0 0 -29.31321 -26.951295 -27.215249 -29.041918 -30.523491 -38.244144 -27.272484 -31.861766 0 0 0 0 0 0 0 0 0 0 0 0 0 0 0 0 -28.509799 0 0 0 0 0 0 0 0 0 0 0 0 0 0 0 0 0 0 
0 0 0 0 0 -27.61784 -29.041918 -30.523491 -36.511857 -27.272484 -26.655262 -26.431357 0 0 0 0 0 0 0 0 0 0 0 0 0 0 0 -28.509799 -32.523469 0 0 0 0 0 0 0 0 0 0 0 0 0 0 0 0 0 0 
0 0 0 0 -28.405334 -27.382406 0 0 -29.70897 -26.655262 -26.431357 -26.439003 0 0 -30.861767 0 0 0 0 0 0 0 0 0 0 0 0 -32.523469 -28.311784 0 0 0 0 0 0 0 0 0 0 0 0 0 0 0 0 0 0 
0 0 0 -28.405334 -27.382406 -27.310148 -39.094619 0 0 -31.281407 -26.439003 -26.688894 0 -30.861767 0 0 0 0 0 0 0 0 0 0 0 0 0 -28.311784 -28.854122 0 0 0 0 0 0 0 0 0 0 -37.962523 0 0 0 0 0 0 0 
0 0 -37.25089 0 -27.310148 0 -39.08456 -39.094619 -31.281407 -27.162291 -26.688894 -26.674378 0 0 0 0 0 0 0 0 0 0 0 0 0 0 0 -28.854122 0 0 0 0 0 0 0 0 0 0 -37.962523 0 0 0 0 0 0 -30.839149 0 
0 -37.25089 -28.980897 -29.925946 0 0 0 0 -27.162291 -26.867226 -26.674378 -26.445204 0 0 0 0 -34.324599 0 0 0 0 0 0 0 0 0 0 0 0 0 0 0 0 0 0 0 0 0 0 0 0 0 -39.128084 0 -30.613778 -39.08456 -30.839149 
0 -28.980897 -29.925946 -39.087914 0 0 0 0 0 -26.892909 -26.445204 -26.930031 -33.567568 0 0 -34.324599 -28.73769 0 0 0 0 0 0 0 0 0 0 0 0 0 0 0 0 0 0 0 0 0 0 0 0 -39.128084 0 0 0 -30.613778 -39.08456 
0 0 -39.087914 0 0 0 0 0 -28.881797 -27.285855 -26.887197 -27.220955 -27.41436 0 0 -28.73769 -27.660452 0 0 0 0 0 0 0 0 0 0 0 0 0 0 0 0 0 0 0 0 0 0 0 0 0 0 -33.823701 -33.823701 0 0 
0 0 0 0 0 0 0 -28.881797 0 -26.887197 -26.716166 -27.41436 -27.41436 -29.015463 -36.840508 -27.660452 -26.908506 0 0 0 0 0 0 0 0 0 0 -29.656814 0 0 0 0 0 0 0 0 0 0 0 0 0 0 0 0 -34.529378 0 0 
0 0 0 0 0 0 0 0 -27.228888 -26.716166 -26.716166 -27.41436 -26.980898 -27.110783 -30.079932 -26.908506 -26.807009 0 0 0 0 0 0 0 0 0 -29.656814 -27.675159 0 0 0 0 0 0 0 0 0 0 0 0 0 0 0 0 0 0 0 
0 -39.075051 -39.12697 -31.038383 -28.684696 -27.327707 -26.904556 -28.667484 0 -26.716166 -27.917576 -26.980898 -27.110783 -28.296473 -32.211816 -26.807009 -27.712388 0 0 0 0 -33.301955 0 0 0 0 -27.675159 -28.358968 0 0 0 0 0 0 0 0 0 0 0 0 0 0 0 0 -39.12697 0 0 
0 -34.932209 -30.494175 -27.058775 -26.969923 -26.773983 -27.291442 -26.904556 -27.382406 0 0 -39.041428 -27.807611 0 -27.742508 -27.742508 -31.062906 0 0 0 -33.301955 -27.865978 0 0 0 0 -28.358968 0 0 0 0 0 0 0 0 0 0 0 0 0 0 0 0 -39.12697 0 0 0 
0 -33.151352 -29.128841 -26.533037 -26.578706 -26.78037 -26.773983 -26.549946 -26.645302 -26.981824 -26.668957 -26.500949 -26.644902 -27.807611 0 -30.697114 0 0 0 0 -27.865978 -27.388866 0 0 0 0 0 0 0 0 0 0 0 0 0 0 0 0 -35.291238 0 0 0 0 -39.080645 0 0 0 
0 0 -27.0075 -26.473688 -26.533037 -26.578706 -26.389959 -26.410585 -26.549946 -26.645302 -26.877098 -26.668957 -26.500949 -26.644902 -31.418976 0 0 0 0 0 -27.388866 -27.831481 0 0 0 0 0 0 0 0 0 0 0 0 0 0 0 -35.291238 0 0 0 0 -39.080645 0 0 0 0 
0 0 -27.19022 -26.565493 -26.473688 -27.549171 -26.674816 -26.389959 -26.410585 -26.747293 -27.055016 -26.877098 -27.144389 -35.59108 0 0 0 0 0 -26.798338 -26.792559 -27.49142 0 0 0 0 0 0 0 0 0 0 0 0 0 0 0 0 0 0 0 0 0 0 0 0 0 
0 -28.723354 -26.302651 -26.302651 0 -33.102523 -28.587849 0 0 0 0 0 0 0 0 0 0 0 0 -26.500226 -26.798338 -26.792559 0 0 0 0 0 0 0 0 0 0 0 0 0 0 0 0 0 0 0 0 0 0 0 0 0 
0 -27.133169 -26.302651 -26.30991 -26.56983 -27.436828 0 0 0 0 0 0 0 0 0 0 0 0 0 -27.239135 -26.500226 0 0 0 0 0 0 0 0 0 0 0 0 0 0 0 0 0 0 0 0 0 0 -32.868046 0 0 0 
-27.133169 -27.133169 -26.30991 -26.425882 -26.657332 -26.785378 -27.68602 -28.968138 -39.067214 -27.41436 -27.403862 -27.604118 0 0 0 0 0 0 0 0 -27.239135 0 0 0 0 0 0 0 0 0 0 0 0 0 0 0 0 0 0 0 0 0 -32.868046 -31.654642 0 0 0 
0 -27.91581 -26.425882 -26.447502 -26.753246 -26.919346 -27.123986 -26.789851 -26.982288 -27.403862 -27.604118 0 0 0 0 0 0 0 0 0 0 0 0 0 0 0 0 0 0 0 0 0 0 0 0 0 0 -36.152757 0 0 0 0 -28.391509 -31.654642 0 0 0 
0 -27.610327 -26.447502 -26.525365 -26.683687 -26.643307 -26.789851 -26.982288 -26.369067 0 0 0 0 0 0 0 0 0 0 0 0 0 0 0 0 0 0 0 0 0 0 0 0 0 0 0 -36.152757 0 0 0 0 -28.391509 -28.391509 -27.300321 -27.195005 -32.156667 0 
0 -27.722311 -26.525365 -26.683687 -26.643307 -27.055016 -27.054481 -26.369067 -26.454542 0 0 0 0 0 0 0 0 0 0 0 0 0 0 0 0 0 0 0 0 0 0 0 0 0 0 0 0 0 0 0 0 -28.391509 -27.300321 -27.195005 -29.210937 -28.61386 0 
0 -28.807895 -26.904556 -31.608906 -27.283475 -27.054481 -28.039785 -26.454542 -26.527496 0 0 0 0 -39.049843 -32.822996 0 0 0 0 0 0 0 0 0 0 0 0 0 0 0 0 0 0 0 0 0 0 0 0 0 0 0 0 -29.210937 -28.61386 0 0 
0 -26.904556 -28.74854 0 0 0 0 -26.527496 -26.536474 0 0 0 -39.049843 -32.822996 0 0 0 0 0 0 0 0 0 0 0 -28.02391 0 0 0 0 0 0 0 0 0 0 0 0 0 0 0 0 -39.117498 0 0 0 0 
0 -28.74854 0 0 0 0 0 -26.536474 -26.559862 -28.309218 -39.120842 0 0 0 0 0 0 0 0 -29.36683 0 0 0 0 -28.02391 -27.949928 -28.348317 0 0 0 0 0 0 0 0 0 0 0 0 0 0 -39.117498 -39.064414 -28.127391 -30.353118 -35.332919 0 
0 -39.0476 0 0 0 0 -26.90064 -26.559862 -27.174761 -39.120842 -31.534301 -28.531174 -29.281851 -27.258627 -27.73814 -28.60079 -33.943188 0 -29.36683 0 -33.512911 -28.41651 -29.669715 0 -27.949928 -28.348317 -27.208893 -27.007012 -28.766817 0 0 0 0 0 0 0 0 0 0 0 0 -39.064414 -28.127391 -30.353118 -31.845296 -30.353118 0 
0 -28.518916 -39.0476 0 0 0 -26.863267 -26.90064 -27.933616 -31.534301 -32.936747 -30.272655 -27.258627 -27.698408 -28.568677 -27.508726 -27.269378 -27.557288 0 -33.512911 -28.41651 -29.669715 0 -28.804111 -27.655168 -27.208893 -27.007012 -27.010927 -26.790151 -27.647304 -39.060493 0 0 0 0 0 0 0 0 0 0 0 0 -31.845296 -31.363097 -29.046372 0 
0 -27.252565 -28.518916 -38.928985 0 0 -27.202604 -26.863267 0 0 0 0 -27.698408 -28.568677 -27.508726 -27.269378 -27.557288 0 0 0 0 0 -28.804111 -27.655168 -27.743968 -26.773983 -26.699785 -26.790151 -27.647304 -27.910532 -27.69564 0 0 0 0 0 0 0 0 0 0 -38.692348 0 -33.006837 -32.778534 -39.046478 0 
-29.450595 -35.59108 -27.252565 -39.068894 -38.928985 0 -26.945244 -26.649939 0 -29.186347 -29.47945 0 0 0 0 0 0 0 -27.709574 0 0 0 0 -30.144963 -26.773983 -26.699785 -27.627968 -29.287036 -27.910532 -27.69564 -27.949928 0 0 0 0 0 0 0 0 0 -38.692348 -29.742329 0 0 -39.094061 0 0 
0 -29.450595 -35.59108 0 0 0 -26.649939 -26.745419 -34.129422 -26.780663 -27.809183 -29.47945 0 0 0 0 0 -27.709574 -31.928584 0 0 0 0 0 0 -30.513676 -30.665512 0 0 -27.949928 0 0 0 0 0 -33.823701 0 0 0 0 -29.742329 0 0 0 -29.874762 0 0 
0 0 0 0 -28.518916 0 -26.745419 -34.129422 0 -37.628205 -26.780663 -27.809183 0 0 0 0 0 -31.928584 0 0 0 0 0 -33.126854 0 0 0 0 0 0 0 -29.355968 -28.076431 -39.075051 -33.823701 -29.377763 -39.11694 0 0 0 0 0 0 -29.874762 -27.33281 -27.655168 0 
0 0 0 -28.518916 -30.494175 -33.054355 0 0 0 0 -37.628205 0 0 0 0 0 0 -28.630385 0 0 0 0 -27.174098 -26.703809 -28.26645 -37.628205 0 0 0 0 -29.355968 -28.076431 -27.82987 -27.559623 -29.196138 -27.49249 0 -29.860382 -28.485808 -39.090149 0 0 0 -27.33281 -27.655168 -26.820051 -38.091991 
0 -32.523469 0 -30.494175 -33.054355 0 -29.266392 0 0 0 0 0 0 0 0 0 0 -31.390892 -28.630385 0 0 -29.562875 -26.445776 -27.174098 -26.703809 -28.26645 -37.628205 0 0 0 0 -27.82987 -27.559623 -29.196138 -27.49249 -26.766286 -29.860382 -28.485808 -28.922276 -28.408118 -27.877767 0 0 0 -27.552639 -26.785378 -33.370686 
0 -32.959954 0 0 0 -29.266392 -39.079527 0 0 0 0 0 0 0 0 0 0 0 -28.405334 -28.332519 0 -39.066654 -27.189539 -26.445776 -28.345669 0 0 0 0 0 0 0 -39.120842 -28.723354 -26.766286 -28.712701 -27.713799 -28.465189 -28.408118 -27.877767 -27.252565 0 0 0 0 -26.742492 -30.314569 
0 0 0 0 0 -39.079527 0 0 0 0 0 0 0 0 -31.390892 0 0 -28.405334 -28.332519 -27.910532 -29.978502 -27.788958 -26.585218 -27.189539 0 0 0 0 0 -38.389987 0 0 0 0 -28.712701 -27.713799 -28.465189 -27.348359 -28.187796 -27.252565 -27.120354 0 0 0 0 -28.846312 0 
0 0 0 0 0 0 0 0 0 0 0 0 0 -31.390892 -32.800692 0 0 0 -27.910532 -29.978502 -28.171809 -26.585218 -26.679666 -26.495579 0 0 0 -30.362246 -38.389987 -28.01022 -28.620445 -35.910921 0 0 0 -29.235908 -27.348359 -28.187796 -39.100762 -27.120354 -26.874149 0 0 0 0 0 0 
0 0 0 0 0 0 0 0 0 0 0 0 0 -32.800692 0 0 0 0 -30.095998 -28.171809 -34.324599 -26.679666 -26.495579 -26.495579 0 0 0 0 -28.01022 -28.620445 -35.910921 -30.308046 -28.660661 -28.208701 -27.876074 0 0 -39.100762 0 -26.874149 -26.926717 0 0 0 0 0 0 
0 0 0 0 0 0 0 0 0 -26.952166 -33.276416 0 0 0 0 0 0 0 0 0 0 -32.36383 -26.495579 -26.366725 0 0 0 0 0 0 -30.308046 -28.660661 -28.208701 -27.876074 -26.916915 0 0 0 -28.568677 -26.926717 -26.969019 0 0 0 0 0 0 
0 0 0 0 0 0 0 -34.225853 -26.653204 -26.62289 -26.952166 -33.276416 0 0 0 0 0 0 0 0 0 -27.360706 -26.366725 -26.581618 0 0 0 0 0 0 0 0 -28.064071 -26.916915 -27.596731 0 -34.707885 0 -27.977733 -28.568677 -26.982752 0 0 0 0 0 0 
0 0 0 0 -27.937218 -30.583284 0 -26.836539 -26.699079 -26.653204 -26.465006 -27.047579 -27.865978 -30.128512 0 0 0 0 0 0 0 -27.081338 -26.868674 -29.028632 0 0 0 0 0 0 0 0 0 -27.596731 0 0 0 -34.707885 -32.648556 -27.977733 0 0 0 0 0 0 0 
0 0 0 0 -27.473463 -26.830196 0 0 -26.836539 -26.699079 -26.462937 -26.465006 -27.2033 0 0 -27.322642 0 0 0 -28.316933 -35.332919 -26.539815 -27.331957 0 0 -27.439811 -27.629243 0 0 0 0 0 0 0 0 0 0 0 -39.044795 -32.648556 0 0 0 0 0 0 0 
0 0 0 0 -26.830196 -26.858281 0 0 0 0 -26.588362 -26.462937 -39.100204 -27.831481 -27.166855 -27.21171 -27.322642 -27.21454 -26.857927 -26.883054 -26.746757 -26.340886 -26.539815 -27.551481 -26.70548 -26.634865 -27.439811 -27.629243 0 0 0 0 0 0 0 0 0 0 -33.327674 -39.044795 0 0 0 0 0 0 0 
0 0 0 0 -26.858281 -27.190901 0 0 0 -26.792861 -26.487337 -26.664258 -29.002407 -27.226714 -27.166855 -27.508726 -27.485033 -26.976753 -26.616979 -26.497356 -26.491365 -26.564266 -26.340886 -27.281104 -27.551481 -26.70548 -26.634865 -32.523469 0 0 0 0 0 0 0 0 0 0 0 -33.327674 0 0 0 0 0 0 0 
0 0 0 0 0 -27.064735 0 0 0 0 -26.777454 -27.133169 0 -28.232402 -29.318495 -28.204021 0 -27.485033 -26.976753 -26.616979 -26.497356 -26.491365 -26.564266 -31.176281 -27.358928 -28.709169 0 0 0 0 0 0 0 0 0 0 0 0 0 0 0 0 0 0 0 0 0 
