NCOLS 44
NROWS 39
XLLCORNER 276816.32
YLLCORNER 3833388.9
CELLSIZE 10
NODATA_VALUE -9999
0 0 0 0 0 0 0 0 0 0 -10.419067 0 0 0 0 0 0 0 0 0 0 0 0 0 0 0 0 0 0 0 0 -2.664127 -1.9792916 -1.9817539 0 0 0 0 0 0 0 0 0 0 
0 0 0 0 0 0 0 0 0 0 0 -14.746064 0 0 0 0 0 0 0 0 0 0 0 0 0 0 0 -2.4881799 0 0 -4.36443 -1.9009709 -2.664127 -1.9792916 -1.9817539 0 0 0 0 0 0 0 0 0 
0 0 0 0 0 0 0 0 0 0 0 0 0 0 0 0 0 0 0 0 0 0 0 0 0 0 0 -1.8493357 -2.4881799 -3.1537572 -1.9414512 -2.2370758 -1.9009709 -3.1878708 0 0 0 0 0 0 0 0 0 0 
0 0 0 0 0 0 0 0 0 0 0 0 0 0 0 0 0 0 0 0 0 0 0 0 0 0 -1.8664314 -2.064937 -1.8493357 0 -3.1537572 -1.9414512 -2.2370758 0 0 0 0 0 0 0 0 0 0 0 
0 0 0 0 0 0 0 0 0 0 0 0 0 0 0 0 0 0 0 0 0 0 0 0 0 0 -2.1329753 -1.8664314 -2.064937 0 0 0 0 0 0 0 0 0 0 0 0 0 0 0 
0 0 0 0 0 0 0 0 0 0 0 0 0 0 0 0 0 0 0 0 0 0 0 0 0 0 -2.6791312 -2.1329753 0 0 0 0 0 0 0 0 0 0 0 0 0 0 0 0 
0 0 0 0 0 0 0 0 0 0 0 0 0 0 0 0 0 0 0 0 0 0 0 0 0 0 -2.170232 -1.8996934 0 0 0 0 0 0 0 0 0 0 0 0 0 0 0 0 
0 0 0 0 0 0 0 0 0 0 0 0 0 0 0 0 0 0 0 0 0 0 0 0 0 0 -1.8996934 -2.3719294 0 0 0 0 0 0 0 0 0 0 0 0 0 0 0 0 
0 0 0 0 0 0 0 0 -14.794973 -3.3250784 0 0 0 0 0 0 0 0 0 0 0 0 0 0 0 0 -2.3719294 0 0 0 0 0 0 0 0 0 0 0 0 0 0 0 0 0 
0 0 0 -6.3775211 -4.08121 -3.4342319 -2.8933277 -2.283205 -2.2301244 -14.794973 -3.3250784 0 0 0 0 0 0 0 0 0 0 0 0 0 0 0 0 0 0 0 0 0 0 0 0 0 0 0 0 0 0 0 0 0 
-14.794385 -14.836683 -4.5450801 -2.5959793 -5.2081471 -4.08121 -3.4342319 -2.8933277 -2.283205 -2.2301244 0 0 0 0 -3.5513222 0 0 0 0 0 0 0 0 0 0 0 0 0 0 0 0 0 0 0 0 0 0 0 0 0 0 0 0 0 
0 -14.794385 -14.836683 -4.5450801 -2.5959793 -5.2081471 -5.362926 -6.6419144 -10.133535 0 0 0 0 -3.7733711 -2.7902268 -3.5513222 0 0 0 0 0 0 0 0 0 0 0 0 0 0 0 0 0 0 0 0 0 0 0 0 0 0 0 0 
-12.612986 -2.9480094 -2.4203512 -1.9654714 -4.445579 0 0 0 0 0 0 0 0 0 -3.7733711 -2.7902268 0 0 0 0 0 0 0 0 0 0 -4.4368351 0 0 0 0 0 0 0 0 0 0 0 0 0 0 0 0 0 
-2.5397406 -2.0430276 -1.9654714 -1.7552588 -2.1922502 -2.4494513 -2.8142224 -3.5137817 -2.7298057 -2.0781233 -7.0502164 -7.0502164 -6.1588967 0 0 0 0 0 0 0 0 0 0 0 0 -4.4368351 -3.2216259 0 0 0 0 0 0 0 0 0 0 0 0 0 0 0 0 0 
-7.1207567 -2.0996268 -1.7552588 -1.8872111 -2.4494513 -2.8142224 -2.8722387 -2.681664 -2.0781233 -1.7769035 -1.9834054 -2.3633438 -2.7316196 -2.644622 -2.0410758 0 0 0 0 0 0 0 0 0 0 -3.2216259 0 0 0 0 0 0 0 0 0 0 0 0 0 0 0 0 0 0 
-5.5270699 -2.0345635 -1.8872111 -1.9157267 -3.1237975 -2.8722387 -2.681664 -2.3653516 -1.7769035 -1.9834054 -2.3633438 -2.2011567 -2.5661699 -2.0410758 -1.8242006 0 0 0 0 0 0 0 0 0 0 0 0 0 0 0 0 0 0 0 0 0 0 0 0 0 0 0 0 0 
-8.3676364 -2.1739387 -1.9157267 -1.9033808 0 0 -14.769065 -3.941254 -2.0990606 -2.5027432 -2.2011567 -2.5661699 -3.4649403 -1.8242006 -2.0567298 0 0 0 0 0 0 0 0 0 0 0 0 0 0 0 0 0 0 0 0 0 0 0 0 0 0 0 0 0 
0 -2.343675 -1.9033808 -1.8190171 0 0 0 -11.871302 -6.1484586 0 -12.445553 -4.6117437 0 -2.0567298 -2.1489549 0 0 0 0 0 0 0 0 0 0 0 0 0 0 0 0 0 0 0 0 0 0 0 0 0 0 0 0 0 
0 -10.419067 -1.8190171 -12.176982 0 0 0 -4.8853123 0 0 0 0 -6.9778861 -2.4535638 -2.8234212 -6.2767538 -11.134296 0 -2.9069411 -14.768476 0 0 0 0 0 0 0 0 0 0 0 0 0 0 0 0 -5.0710185 0 0 0 0 0 0 0 
0 0 0 0 0 0 0 -3.7203227 -4.8853123 0 0 0 0 -3.4382759 -6.2767538 -11.134296 0 -2.9069411 -2.0664957 -1.7914416 0 0 0 0 0 0 0 0 0 0 0 0 0 0 0 -5.0710185 -14.789678 0 0 0 0 0 0 0 
0 0 0 0 0 0 0 -4.0641787 -3.7203227 0 0 0 -4.8570591 -3.0708507 0 0 -8.1289344 -2.0664957 -1.7914416 -1.8005979 0 0 -12.727723 0 0 0 0 0 0 0 0 0 0 0 0 -14.789678 -4.6711031 0 0 0 0 0 0 0 
0 0 0 0 0 0 0 0 -4.0641787 0 0 -4.8570591 -3.0708507 -2.9625775 0 0 0 -14.745474 -1.8005979 -2.1090864 0 -12.727723 0 0 0 0 0 0 0 0 0 0 0 0 0 -4.6711031 -5.8274958 0 0 0 0 0 0 0 
0 0 0 0 0 0 -6.7450159 0 0 0 0 0 -2.9625775 0 0 0 -14.745474 -2.7472256 -2.1090864 -2.0906627 0 0 0 0 0 0 0 0 0 0 0 0 0 0 0 -5.8274958 0 0 0 0 0 0 0 0 
0 0 0 0 0 -6.7450159 0 -4.8237376 0 0 -6.1277164 -8.8357754 0 0 0 0 -2.7472256 -2.3407873 -2.0906627 -1.8080351 0 0 0 0 -14.830229 0 0 0 0 0 0 0 0 0 0 0 0 0 0 0 0 0 0 0 
0 0 0 0 0 0 -4.8237376 0 0 -6.1277164 -8.8357754 0 0 0 0 0 0 -2.3749928 -1.8080351 -2.4248181 -14.81555 0 0 -14.830229 -5.5624286 0 0 0 0 0 0 0 0 0 0 0 0 0 0 0 0 0 0 0 
0 0 0 0 0 0 0 0 0 0 0 0 0 0 0 0 -5.8919772 -2.9266298 -2.3673669 -2.8316923 -3.1193868 0 0 -5.5624286 -3.5072864 0 0 0 0 0 0 0 0 0 0 0 0 0 0 0 0 0 0 0 
-2.6494458 -4.1124013 -4.1953845 0 0 0 0 0 0 0 0 0 0 0 0 -5.8919772 0 -2.3673669 -2.1438761 -3.1193868 -3.1193868 -6.2117686 0 -3.5072864 -2.3958715 0 0 0 0 0 0 0 0 0 0 -7.9675403 0 0 0 0 0 0 0 0 
0 -2.6494458 -12.556732 -14.233979 0 0 0 0 0 0 0 0 0 0 0 0 -2.8432127 -2.1438761 -2.1438761 -3.1193868 -2.4938364 -2.6740932 -9.3750132 -2.3958715 -2.2614258 0 0 0 0 0 0 0 0 0 -7.9675403 -3.5312906 0 0 0 0 0 0 0 0 
0 0 0 0 -6.8115001 -6.0464926 -4.2677218 -3.3142346 -10.803032 0 0 -13.667001 -5.4450057 -2.9887011 -2.3905762 -5.4072894 0 -2.1438761 -3.941254 -2.4938364 -2.6740932 -4.6411598 -14.780258 -2.2614258 -3.5924841 0 0 0 0 -14.809674 0 0 0 0 -3.5312906 -4.7642422 0 0 0 0 0 0 0 0 
0 0 0 -14.746064 0 -4.2677218 -3.3142346 -4.2065709 -6.1799083 -14.840202 -11.0074 -2.6012095 -2.4788705 -2.2183914 -2.9348778 -2.3905762 -3.0708507 0 0 0 -3.7518751 0 -3.6424502 -3.6424502 -13.804034 0 0 0 -14.809674 -3.8516691 0 0 0 0 -4.7642422 0 0 0 0 0 0 0 0 0 
0 0 0 0 -14.746064 0 -4.2065709 -6.1799083 -14.840202 -14.806147 -6.4943807 -1.9145531 -1.9708118 -2.2266873 -2.2183914 -1.9353121 -2.053949 -2.4951007 -2.0837981 -1.8753846 -2.0534457 -3.7518751 0 -11.92105 0 0 0 0 -3.8516691 -3.0806306 0 0 0 0 0 0 0 0 0 0 0 0 0 0 
0 0 0 -5.1481753 0 0 0 0 0 0 -2.5302795 -1.8423395 -1.9145531 -1.9708118 -1.7421482 -1.7666485 -1.9353121 -2.053949 -2.3539095 -2.0837981 -1.8753846 -2.0534457 -14.751375 0 0 0 0 0 -3.0806306 -3.7924916 0 0 0 0 0 0 0 0 0 0 0 0 0 0 
0 0 -5.1481753 0 0 0 0 0 0 0 -2.7872807 -1.9544719 -1.8423395 -3.328719 -2.091217 -1.7421482 -1.7666485 -2.183864 -2.5959793 -2.3539095 -2.7216997 0 0 0 0 0 0 -2.2500935 -2.2425546 -3.2381277 0 0 0 0 0 0 0 0 0 0 0 0 0 0 
0 -2.6382437 0 0 0 0 0 -2.8570532 -2.6551174 -5.5304702 -1.6397223 -1.6397223 0 -14.804971 -5.2354055 0 0 0 0 0 0 0 0 0 0 0 0 -1.8745058 -2.2500935 -2.2425546 0 0 0 0 0 0 0 0 0 0 0 0 0 0 
-14.747389 -2.323791 -2.9912319 0 0 0 -2.8570532 -2.6551174 -2.693608 -2.7057603 -1.6397223 -1.6481597 -1.9598293 -3.1537572 0 0 0 0 0 0 0 0 0 0 0 0 0 -2.8581282 -1.8745058 0 0 0 0 0 0 0 0 0 0 0 0 0 0 0 
0 -2.9912319 -2.3485237 -3.5671527 -2.561217 0 -5.3052444 -2.693608 -2.7057603 -2.7057603 -1.6481597 -1.7848954 -2.0691077 -2.2332011 -3.5490787 -6.0969338 0 -3.1193868 -3.1033954 -3.4162214 0 0 0 0 0 0 0 0 -2.8581282 0 0 0 0 0 0 0 0 0 0 0 0 0 0 0 
0 -2.3485237 -11.489489 -2.2524993 -2.4801033 -2.561217 -6.5184011 -4.0709661 -2.7057603 -3.9381666 -1.7848954 -1.8107946 -2.1915453 -2.4104292 -2.692748 -2.2390252 -2.4957339 -3.1033954 -3.4162214 0 0 0 0 0 0 0 0 0 0 0 0 0 0 0 0 0 0 0 0 0 0 0 0 0 
0 0 0 -3.2600084 -2.2524993 -2.4801033 -4.3355785 -4.0709661 -3.1894513 -3.4261895 -1.8107946 -1.9051605 -2.1024699 -2.0514388 -2.2390252 -2.4957339 -1.7174504 0 0 0 0 0 0 0 0 0 0 0 0 0 0 0 0 0 0 0 0 0 0 0 0 0 0 0 
0 0 0 0 -3.2600084 -14.839616 0 0 0 0 0 -3.6401543 -4.0373582 -3.6475148 0 0 -2.1179788 0 0 0 0 0 0 0 0 0 0 0 0 0 0 0 0 0 0 0 0 0 0 0 0 0 0 0 
