NCOLS 42
NROWS 41
XLLCORNER 276826.32
YLLCORNER 3833378.9
CELLSIZE 10
NODATA_VALUE -9999
0 0 0 0 0 0 0 0 0 -95.369712 0 0 0 0 0 0 0 0 0 0 0 0 0 0 0 0 0 0 0 0 0 -93.402289 -91.472115 -92.062343 -91.634776 -91.976822 0 0 0 0 0 -104.48085 
0 0 0 0 0 0 0 0 0 -100.11907 -95.369712 0 0 0 0 0 0 0 0 0 0 0 0 0 0 0 0 -100.54321 0 0 -92.364127 -91.679292 -91.681754 -91.472115 -92.062343 -91.634776 -91.976822 0 0 0 -104.48085 0 
0 0 0 0 0 0 0 0 0 0 -104.44606 0 0 0 0 0 0 0 0 0 0 0 0 0 0 0 -92.18818 0 0 -94.06443 -91.600971 -92.364127 -91.679292 -91.681754 0 0 0 0 0 0 0 0 
0 0 0 0 0 0 0 0 0 0 0 0 0 0 0 0 0 0 0 0 0 0 0 0 0 0 -91.549336 -92.18818 -92.853757 -91.641451 -91.937076 -91.600971 -92.887871 0 0 0 0 0 0 0 0 0 
0 0 0 0 0 0 0 0 0 0 0 0 0 0 0 0 0 0 0 0 0 0 0 0 0 -91.566431 -91.764937 -91.549336 0 -92.853757 -91.641451 -91.937076 0 0 0 0 0 0 0 0 0 0 
0 0 0 0 0 0 0 0 0 0 0 0 0 0 0 0 0 0 0 0 0 0 0 0 0 -91.832975 -91.566431 -91.764937 0 0 0 0 0 0 0 0 0 0 0 0 0 0 
0 0 0 0 0 0 0 0 0 0 0 0 0 0 0 0 0 0 0 0 0 0 0 0 0 -92.379131 -91.832975 0 0 0 0 0 0 0 0 0 0 0 0 0 0 0 
0 0 0 0 0 0 0 0 0 0 0 0 0 0 0 0 0 0 0 0 0 0 0 0 0 -91.870232 -91.599693 0 0 0 0 0 0 0 0 0 0 0 0 0 0 0 
0 0 0 0 0 0 0 0 0 0 0 0 0 0 0 0 0 0 0 0 0 0 0 0 0 -91.599693 -92.071929 0 0 0 0 0 0 0 0 0 0 0 0 0 0 0 
0 0 0 0 0 0 0 -104.49497 -93.025078 0 0 0 0 0 0 0 0 0 0 0 0 0 0 0 0 -92.071929 0 0 0 0 0 0 0 0 0 0 0 0 0 0 0 0 
0 0 -96.077521 -93.78121 -93.134232 -92.593328 -91.983205 -91.930124 -104.49497 -93.025078 0 0 0 0 0 0 0 0 0 0 0 0 0 0 0 0 0 0 0 0 0 0 0 0 0 0 0 0 0 0 0 0 
-104.53668 -94.24508 -92.295979 -94.908147 -93.78121 -93.134232 -92.593328 -91.983205 -91.930124 0 0 0 0 -93.251322 0 0 0 0 0 0 0 0 0 0 0 0 0 0 0 0 0 0 0 0 0 0 0 0 0 0 0 0 
0 -104.53668 -94.24508 -92.295979 -94.908147 -95.062926 -96.341914 -99.833535 0 0 0 0 -93.473371 -92.490227 -93.251322 0 0 0 0 0 0 0 0 0 0 0 0 0 0 0 0 0 0 0 0 0 0 0 0 0 0 0 
-95.084169 -92.120351 -91.665471 -94.145579 0 0 0 0 0 0 0 0 0 -93.473371 -92.490227 0 0 0 0 0 0 0 0 0 0 -94.136835 0 0 0 0 0 0 0 0 0 0 0 0 0 0 0 0 
0 -91.665471 -91.455259 -91.89225 -92.149451 -92.514222 -93.213782 -92.429806 -91.778123 -96.750216 -96.750216 -95.858897 0 0 0 0 0 0 0 0 0 0 0 0 -94.136835 -92.921626 0 0 0 0 0 0 0 0 0 0 0 0 0 0 0 0 
0 -91.455259 -91.587211 -92.149451 -92.514222 -92.572239 -92.381664 -91.778123 -91.476903 -91.683405 -92.063344 -92.43162 -92.344622 -91.741076 0 0 0 0 0 0 0 0 0 0 -92.921626 0 0 0 0 0 0 0 0 0 0 0 0 0 0 0 0 0 
0 -91.587211 -91.615727 -92.823797 -92.572239 -92.381664 -92.065352 -91.476903 -91.683405 -92.063344 -91.901157 -92.26617 -91.741076 -91.524201 0 0 0 0 0 0 0 0 0 0 0 0 0 0 0 0 0 0 0 0 0 0 0 0 0 0 0 0 
-103.41089 -91.615727 -91.603381 0 0 -104.46906 -93.641254 -91.799061 -92.202743 -91.901157 -92.26617 -93.16494 -91.524201 -91.75673 0 0 0 0 0 0 0 0 0 0 0 0 0 0 0 0 0 0 0 0 0 0 0 0 0 0 0 0 
0 -91.603381 -91.519017 0 0 0 -101.5713 -95.848459 0 -102.14555 -94.311744 0 -91.75673 -91.848955 0 0 0 0 0 0 0 0 0 0 0 0 0 0 0 0 0 0 0 0 0 0 0 0 0 0 0 0 
0 -91.519017 -101.87698 0 0 0 -94.585312 0 0 0 0 -96.677886 -92.153564 -92.523421 -95.976754 -100.8343 0 -92.606941 -104.46848 0 0 0 0 0 0 0 0 0 0 0 0 0 0 0 0 -94.771019 0 0 0 0 0 0 
0 0 0 0 0 0 -93.420323 -94.585312 0 0 0 0 -93.138276 -95.976754 -100.8343 0 -92.606941 -91.766496 -91.491442 0 0 0 0 0 0 0 0 0 0 0 0 0 0 0 -94.771019 -104.48968 0 0 0 0 0 0 
0 0 0 0 0 0 -93.764179 -93.420323 0 0 0 -94.557059 -92.770851 0 0 -97.828934 -91.766496 -91.491442 -91.500598 0 0 -102.42772 0 0 0 0 0 0 0 0 0 0 0 0 -104.48968 -94.371103 0 0 0 0 0 0 
0 0 0 0 0 0 0 -93.764179 0 0 -94.557059 -92.770851 -92.662577 0 0 0 -104.44547 -91.500598 -91.809086 0 -102.42772 0 0 0 0 0 0 0 0 0 0 0 0 0 -94.371103 -95.527496 0 0 0 0 0 0 
0 0 0 0 0 -96.445016 0 0 0 0 0 -92.662577 0 0 0 -104.44547 -92.447226 -91.809086 -91.790663 0 0 0 0 0 0 0 0 0 0 0 0 0 0 0 -95.527496 0 0 0 0 0 0 0 
0 0 0 0 -96.445016 0 -94.523738 0 0 -95.827716 -98.535775 0 0 0 0 -92.447226 -92.040787 -91.790663 -91.508035 0 0 0 0 -104.53023 0 0 0 0 0 0 0 0 0 0 0 0 0 0 0 0 0 0 
0 0 0 0 0 -94.523738 0 0 -95.827716 -98.535775 0 0 0 0 0 0 -92.074993 -91.508035 -92.124818 -104.51555 0 0 -104.53023 -95.262429 0 0 0 0 0 0 0 0 0 0 0 0 0 0 0 0 0 0 
0 0 0 0 0 0 0 0 0 0 0 0 0 0 0 -95.591977 -92.62663 -92.067367 -92.531692 -92.819387 0 0 -95.262429 -93.207286 0 0 0 0 0 0 0 0 0 0 0 0 0 0 0 0 0 0 
-93.812401 -93.895385 0 0 0 0 0 0 0 0 0 0 0 0 -95.591977 0 -92.067367 -91.843876 -92.819387 -92.819387 -95.911769 0 -93.207286 -92.095872 0 0 0 0 0 0 0 0 0 0 -97.66754 0 0 0 0 0 0 0 
0 -102.25673 -103.93398 0 0 0 0 0 0 0 0 0 0 0 0 -92.543213 -91.843876 -91.843876 -92.819387 -92.193836 -92.374093 -99.075013 -92.095872 -91.961426 0 0 0 0 0 0 0 0 0 -97.66754 -93.231291 0 0 0 0 0 0 0 
0 0 0 -96.5115 -95.746493 -93.967722 -93.014235 -100.50303 0 0 -103.367 -95.145006 -92.688701 -92.090576 -95.107289 0 -91.843876 -93.641254 -92.193836 -92.374093 -94.34116 -104.48026 -91.961426 -93.292484 0 0 0 0 -104.50967 0 0 0 0 -93.231291 -94.464242 0 0 0 0 0 0 0 
0 0 -104.44606 0 -93.967722 -93.014235 -93.906571 -95.879908 -104.5402 -100.7074 -92.30121 -92.178871 -91.918391 -92.634878 -92.090576 -92.770851 0 0 0 -93.451875 0 -93.34245 -93.34245 -103.50403 0 0 0 -104.50967 -93.551669 0 0 0 0 -94.464242 0 0 0 0 0 0 0 0 
0 0 0 -104.44606 0 -93.906571 -95.879908 -104.5402 -104.50615 -96.194381 -91.614553 -91.670812 -91.926687 -91.918391 -91.635312 -91.753949 -92.195101 -91.783798 -91.575385 -91.753446 -93.451875 0 -101.62105 0 0 0 0 -93.551669 -92.780631 0 0 0 0 0 0 0 0 0 0 0 0 0 
0 0 -94.848175 0 0 0 0 0 0 -92.23028 -91.54234 -91.614553 -91.670812 -91.442148 -91.466649 -91.635312 -91.753949 -92.05391 -91.783798 -91.575385 -91.753446 -104.45137 0 0 0 0 0 -92.780631 -93.492492 0 0 0 0 0 0 0 0 0 0 0 0 0 
0 -94.848175 0 0 0 0 0 0 0 -92.487281 -91.654472 -91.54234 -93.028719 -91.791217 -91.442148 -91.466649 -91.883864 -92.295979 -92.05391 -92.4217 0 0 0 0 0 0 -91.950093 -91.942555 -92.938128 0 0 0 0 0 0 0 0 0 0 0 0 0 
0 0 0 0 0 0 -92.557053 -92.355117 -95.23047 -91.339722 -91.339722 0 -104.50497 -94.935405 0 0 0 0 0 0 0 0 0 0 0 0 -91.574506 -91.950093 -91.942555 0 0 0 0 0 0 0 0 0 0 0 0 0 
0 -92.691232 0 0 0 -92.557053 -92.355117 -92.393608 -92.40576 -91.339722 -91.34816 -91.659829 -92.853757 0 0 0 0 0 0 0 0 0 0 0 0 0 -92.558128 -91.574506 0 0 0 0 0 0 0 0 0 0 0 0 0 0 
0 -92.048524 -93.267153 -92.261217 0 -95.005244 -92.393608 -92.40576 -92.40576 -91.34816 -91.484895 -91.769108 -91.933201 -93.249079 -95.796934 0 -92.819387 -92.803395 -93.116221 0 0 0 0 0 0 0 0 -92.558128 0 0 0 0 0 0 0 0 0 0 0 0 0 0 
0 -101.18949 -91.952499 -92.180103 -92.261217 -96.218401 -93.770966 -92.40576 -93.638167 -91.484895 -91.510795 -91.891545 -92.110429 -92.392748 -91.939025 -92.195734 -92.803395 -93.116221 0 0 0 0 0 0 0 0 0 0 0 0 0 0 0 0 0 0 0 0 0 0 0 0 
0 0 -92.960008 -91.952499 -92.180103 -94.035579 -93.770966 -92.889451 -93.12619 -91.510795 -91.60516 -91.80247 -91.751439 -91.939025 -92.195734 -91.41745 0 0 0 0 0 0 0 0 0 0 0 0 0 0 0 0 0 0 0 0 0 0 0 0 0 0 
0 -95.629655 -93.41773 -92.960008 -104.53962 -94.035579 -92.889451 -93.12619 -93.308901 -91.60516 -91.80247 -91.751439 -92.295979 -92.295236 -91.41745 -91.519256 0 0 0 0 0 0 0 0 0 0 0 0 0 0 0 0 0 0 0 0 0 0 0 0 0 0 
0 0 -95.629655 -93.41773 0 0 0 0 0 0 0 0 0 0 0 -91.674622 0 0 0 0 0 0 0 0 0 0 0 0 0 0 0 0 0 0 0 0 0 0 0 0 0 0 
