NCOLS 69
NROWS 75
XLLCORNER 276826.32
YLLCORNER 3833038.9
CELLSIZE 10
NODATA_VALUE -9999
0 0 0 0 0 0 0 0 0 -30.369712 0 0 0 0 0 0 0 0 0 0 0 0 0 0 0 0 0 0 0 0 0 -28.402289 -26.472115 -27.062343 -26.634776 -26.976822 0 0 0 0 0 0 0 -34.718512 0 0 0 0 0 -26.903682 0 -39.516338 0 0 -29.562674 0 0 0 0 0 0 0 0 0 0 0 0 0 0 
0 0 0 0 0 0 0 0 0 -35.119067 -30.369712 0 0 0 0 0 0 0 0 0 0 0 0 0 0 0 0 -35.543214 0 0 -27.364127 -26.679292 -26.681754 -26.472115 -27.062343 -26.634776 -26.976822 0 0 0 -39.480847 -29.649077 -28.666216 -26.871576 -26.502381 -29.733589 -30.848459 -30.610739 -30.610739 -26.903682 -27.482396 -26.921391 -26.843246 -26.641999 -27.037915 -29.562674 0 0 0 0 0 0 0 0 0 0 0 0 0 
0 0 0 0 0 0 0 0 0 0 -39.446064 0 0 0 0 0 0 0 0 0 0 0 0 0 0 0 -27.18818 0 0 -29.06443 -26.600971 -27.364127 -26.679292 -26.681754 0 0 0 0 0 0 0 0 -28.222502 -26.502381 -26.466649 -27.537955 -32.998336 -30.610739 -27.982389 -26.615391 -26.841046 -26.731469 -26.641999 -27.037915 -29.19004 -27.887871 0 0 0 0 0 0 0 0 0 0 0 0 0 
0 0 0 0 0 0 0 0 0 0 0 0 0 0 0 0 0 0 0 0 0 0 0 0 0 0 -26.549336 -27.18818 -27.853757 -26.641451 -26.937076 -26.600971 -27.887871 0 0 0 0 0 0 0 0 0 0 -26.466649 -27.434349 -26.992719 -32.998336 -28.154606 -26.615391 -26.580416 -26.731469 -26.729813 -26.606787 -26.668032 -26.879387 -27.17092 0 0 0 0 0 0 0 0 0 0 0 0 0 
0 0 0 0 0 0 0 0 0 0 0 0 0 0 0 0 0 0 0 0 0 0 0 0 0 -26.566431 -26.764937 -26.549336 0 -27.853757 -26.641451 -26.937076 0 0 0 0 0 0 0 0 0 0 0 -26.862912 -26.992719 -26.992719 -27.410152 -27.704001 -26.580416 -26.542209 -26.729813 -26.606787 -26.668032 -26.879387 -27.088472 -26.597787 -28.545912 0 0 0 0 0 0 0 0 0 0 0 0 
0 0 0 0 0 0 0 0 0 0 0 0 0 0 0 0 0 0 0 0 0 0 0 0 0 -26.832975 -26.566431 -26.764937 0 0 0 0 0 0 0 0 0 0 0 0 0 0 -26.862912 -27.282721 -26.992719 -27.410152 -27.506138 -28.025078 -26.542209 -26.594481 -26.866557 -26.965952 -27.193205 -27.088472 -26.597787 -28.545912 0 0 0 0 0 0 -29.949178 -32.075265 0 0 0 0 0 
0 0 0 0 0 0 0 0 0 0 0 0 0 0 0 0 0 0 0 0 0 0 0 0 0 -27.379131 -26.832975 0 0 0 0 0 0 0 0 0 0 0 0 0 0 0 -27.282721 -27.282721 -27.65042 -27.506138 -28.025078 -28.222502 -26.594481 -26.650511 -27.087948 -27.513207 -28.887975 0 -28.202977 0 0 0 0 0 0 -29.949178 -32.075265 -29.072774 0 0 0 0 0 
0 0 0 0 0 0 0 0 0 0 0 0 0 0 0 0 0 0 0 0 0 0 0 0 0 -26.870232 -26.599693 0 0 0 0 0 0 0 0 0 0 0 0 0 0 0 -27.282721 -28.557452 -28.500777 -29.437858 -31.947195 -31.962908 -26.650511 -27.087948 -27.513207 -27.364952 -27.224938 -27.657693 -27.366605 0 0 0 0 0 -27.471763 0 -29.072774 -39.08394 0 0 0 0 0 
0 0 0 0 0 0 0 0 0 0 0 0 0 0 0 0 0 0 0 0 0 0 0 0 0 -26.599693 -27.071929 0 0 0 0 0 0 0 0 0 0 0 0 0 0 0 -39.470244 0 -34.868245 -31.947195 0 0 -32.828934 -27.606941 -27.364952 -27.224938 -27.657693 -27.364952 -26.900797 0 0 0 0 -27.471763 -27.357563 -28.717582 0 -34.799096 0 0 0 0 0 
0 0 0 0 0 0 0 -39.494973 -28.025078 0 0 0 0 0 0 0 0 0 0 0 0 0 0 0 0 -27.071929 0 0 0 0 0 0 0 0 0 0 0 0 0 0 0 0 0 0 0 0 0 -39.510262 -30.620178 -27.820855 -27.520343 -27.812083 -27.364952 -26.900797 -27.392748 0 0 0 0 -27.357563 -28.717582 -29.212745 -33.71612 -39.527295 -39.460812 0 0 0 0 
0 0 -31.077521 -28.78121 -28.134232 -27.593328 -26.983205 -26.930124 -39.494973 -28.025078 0 0 0 0 0 0 0 0 0 0 0 0 0 0 0 0 0 0 0 0 0 0 0 0 0 0 0 0 0 0 0 0 0 0 0 0 0 0 -39.464939 -27.520343 -27.812083 -31.978703 -30.152632 -27.392748 -29.302053 0 0 0 0 -26.874955 -29.321491 -28.136252 -28.465266 -29.77733 -28.100465 -31.764904 0 0 0 
-39.536683 -29.24508 -27.295979 -29.908147 -28.78121 -28.134232 -27.593328 -26.983205 -26.930124 0 0 0 0 -28.251322 0 0 0 0 0 0 0 0 0 0 0 0 0 0 0 0 0 0 0 0 0 0 0 0 0 0 0 0 0 0 0 0 0 0 0 0 -31.978703 -39.493208 -39.494385 -29.302053 0 0 0 0 -26.874955 -26.523593 -28.136252 -27.430712 -27.594453 -28.100465 -28.948338 -27.139585 0 -29.422219 0 
0 -39.536683 -29.24508 -27.295979 -29.908147 -30.062926 -31.341914 -34.833535 0 0 0 0 -28.473371 -27.490227 -28.251322 0 0 0 0 0 0 0 0 0 0 0 0 0 0 0 0 0 0 0 0 0 0 0 0 0 0 0 0 0 0 0 0 0 0 0 0 0 0 0 0 0 0 0 -26.523593 -26.560384 -27.377448 -27.209187 -27.000198 -26.986212 -27.139585 -27.054895 -36.008742 0 -29.422219 
-30.084169 -27.120351 -26.665471 -29.145579 0 0 0 0 0 0 0 0 0 -28.473371 -27.490227 0 0 0 0 0 0 0 0 0 0 -29.136835 0 0 0 0 0 0 0 0 0 0 0 0 0 0 0 0 0 0 0 0 0 0 0 0 0 0 0 0 0 0 0 0 -26.560384 -26.756476 -27.056871 -26.887688 -26.986212 -27.01322 -27.054895 -27.7891 -28.255823 -39.49262 0 
0 -26.665471 -26.455259 -26.89225 -27.149451 -27.514222 -28.213782 -27.429806 -26.778123 -31.750216 -31.750216 -30.858897 0 0 0 0 0 0 0 0 0 0 0 0 -29.136835 -27.921626 0 0 0 0 0 0 0 0 0 0 0 0 0 0 0 0 0 0 0 0 0 0 0 0 0 0 0 0 0 0 0 0 -26.756476 -27.056871 -26.887688 -26.80247 -26.766235 -27.131019 -27.681154 -27.89262 -27.016414 -26.734325 0 
0 -26.455259 -26.587211 -27.149451 -27.514222 -27.572239 -27.381664 -26.778123 -26.476903 -26.683405 -27.063344 -27.43162 -27.344622 -26.741076 0 0 0 0 0 0 0 0 0 0 -27.921626 0 0 0 0 0 0 0 0 0 0 0 0 0 0 0 0 0 0 0 0 0 0 0 0 0 0 0 0 0 0 0 0 0 -27.194468 -27.977179 -26.80247 -26.766235 -27.131019 -27.318696 -27.89262 -27.016414 -26.734325 -26.690092 -27.658324 
0 -26.587211 -26.615727 -27.823797 -27.572239 -27.381664 -27.065352 -26.476903 -26.683405 -27.063344 -26.901157 -27.26617 -26.741076 -26.524201 0 0 0 0 0 0 0 0 0 0 0 0 0 0 0 0 0 0 0 0 0 0 0 0 0 0 0 0 0 0 0 0 0 0 0 0 0 0 0 0 0 0 0 0 -27.977179 0 -39.443113 -27.408392 -27.318696 0 0 0 -29.185537 -26.832668 -27.495163 
-38.410895 -26.615727 -26.603381 0 0 -39.469065 -28.641254 -26.799061 -27.202743 -26.901157 -27.26617 -28.16494 -26.524201 -26.75673 0 0 0 0 0 0 0 0 0 0 0 0 0 0 0 0 0 0 0 0 0 0 0 0 0 0 0 0 0 0 0 0 0 0 0 0 0 0 0 0 0 0 0 0 0 0 0 0 0 0 0 0 -29.809206 -27.101219 -29.065911 
0 -26.603381 -26.519017 0 0 0 -36.571302 -30.848459 0 -37.145553 -29.311744 0 -26.75673 -26.848955 0 0 0 0 0 0 0 0 0 0 0 0 0 0 0 0 0 0 0 0 0 0 0 0 0 0 0 0 0 0 0 0 0 0 0 0 0 0 0 0 0 0 0 0 0 0 0 0 0 0 0 0 0 -39.493208 0 
0 -26.519017 -36.876982 0 0 0 -29.585312 0 0 0 0 -31.677886 -27.153564 -27.523421 -30.976754 -35.834296 0 -27.606941 -39.468476 0 0 0 0 0 0 0 0 0 0 0 0 0 0 0 0 -29.771019 0 0 0 0 0 0 0 0 0 0 0 0 0 0 0 0 0 0 0 0 0 0 0 0 0 0 0 0 0 0 0 0 0 
0 0 0 0 0 0 -28.420323 -29.585312 0 0 0 0 -28.138276 -30.976754 -35.834296 0 -27.606941 -26.766496 -26.491442 0 0 0 0 0 0 0 0 0 0 0 0 0 0 0 -29.771019 -39.489678 0 0 0 0 0 0 0 0 0 0 0 0 0 0 0 0 0 0 0 0 0 0 0 0 0 0 0 0 0 0 0 0 0 
0 0 0 0 0 0 -28.764179 -28.420323 0 0 0 -29.557059 -27.770851 0 0 -32.828934 -26.766496 -26.491442 -26.500598 0 0 -37.427723 0 0 0 0 0 0 0 0 0 0 0 0 -39.489678 -29.371103 0 0 0 0 0 0 0 0 0 0 0 0 0 0 0 0 0 0 0 0 0 0 0 0 0 0 -39.53551 0 0 0 0 0 0 
0 0 0 0 0 0 0 -28.764179 0 0 -29.557059 -27.770851 -27.662577 0 0 0 -39.445474 -26.500598 -26.809086 0 -37.427723 0 0 0 0 0 0 0 0 0 0 0 0 0 -29.371103 -30.527496 0 0 0 0 0 0 0 0 0 0 0 0 0 0 0 0 0 -31.869858 0 0 0 0 0 0 0 0 0 -39.53551 0 0 0 0 0 
0 0 0 0 0 -31.445016 0 0 0 0 0 -27.662577 0 0 0 -39.445474 -27.447226 -26.809086 -26.790663 0 0 0 0 0 0 0 0 0 0 0 0 0 0 0 -30.527496 0 0 0 0 0 0 0 0 0 0 0 0 0 0 0 0 0 -37.313157 0 -31.869858 0 0 0 0 0 0 0 0 0 0 0 0 0 0 
0 0 0 0 -31.445016 0 -29.523738 0 0 -30.827716 -33.535775 0 0 0 0 -27.447226 -27.040787 -26.790663 -26.508035 0 0 0 0 -39.530229 0 0 0 0 0 0 0 0 0 0 0 0 0 0 0 0 0 0 0 0 0 0 0 0 0 0 0 -36.235701 0 -37.313157 0 0 0 0 0 0 0 0 0 0 0 0 0 0 0 
0 0 0 0 0 -29.523738 0 0 -30.827716 -33.535775 0 0 0 0 0 0 -27.074993 -26.508035 -27.124818 -39.51555 0 0 -39.530229 -30.262429 0 0 0 0 0 0 0 0 0 0 0 0 0 0 0 0 0 0 0 0 0 0 0 0 0 0 0 0 -36.235701 0 0 0 0 0 0 0 0 0 0 0 0 0 0 0 0 
0 0 0 0 0 0 0 0 0 0 0 0 0 0 0 -30.591977 -27.62663 -27.067367 -27.531692 -27.819387 0 0 -30.262429 -28.207286 0 0 0 0 0 0 0 0 0 0 0 0 0 0 0 0 0 0 0 0 0 0 0 0 0 0 -39.520836 -39.520836 0 0 0 0 0 0 0 0 0 0 0 0 0 0 0 0 0 
-28.812401 -28.895385 0 0 0 0 0 0 0 0 0 0 0 0 -30.591977 0 -27.067367 -26.843876 -27.819387 -27.819387 -30.911769 0 -28.207286 -27.095872 0 0 0 0 0 0 0 0 0 0 -32.66754 0 0 0 0 0 0 0 0 0 0 0 0 0 0 0 0 -39.53375 0 0 0 0 0 0 0 0 0 0 0 0 0 0 0 0 0 
0 -37.256732 -38.933979 0 0 0 0 0 0 0 0 0 0 0 0 -27.543213 -26.843876 -26.843876 -27.819387 -27.193836 -27.374093 -34.075013 -27.095872 -26.961426 0 0 0 0 0 0 0 0 0 -32.66754 -28.231291 0 0 0 0 0 0 0 0 0 0 0 0 0 0 0 0 0 0 0 0 0 0 0 0 0 0 0 0 0 0 0 0 0 0 
0 0 0 -31.5115 -30.746493 -28.967722 -28.014235 -35.503032 0 0 -38.367001 -30.145006 -27.688701 -27.090576 -30.107289 0 -26.843876 -28.641254 -27.193836 -27.374093 -29.34116 -39.480258 -26.961426 -28.292484 0 0 0 0 -39.509674 0 0 0 0 -28.231291 -29.464242 0 0 0 0 0 0 0 0 0 0 0 0 0 0 0 0 0 0 0 0 0 0 0 0 0 0 0 0 0 0 0 0 0 0 
0 0 -39.446064 0 -28.967722 -28.014235 -28.906571 -30.879908 -39.540202 -35.7074 -27.30121 -27.178871 -26.918391 -27.634878 -27.090576 -27.770851 0 0 0 -28.451875 0 -28.34245 -28.34245 -38.504034 0 0 0 -39.509674 -28.551669 0 0 0 0 -29.464242 0 0 0 0 0 0 0 0 0 0 0 0 0 0 0 0 0 0 0 0 0 0 0 0 0 0 0 0 0 0 0 0 0 0 0 
0 0 0 -39.446064 0 -28.906571 -30.879908 -39.540202 -39.506147 -31.194381 -26.614553 -26.670812 -26.926687 -26.918391 -26.635312 -26.753949 -27.195101 -26.783798 -26.575385 -26.753446 -28.451875 0 -36.62105 0 0 0 0 -28.551669 -27.780631 0 0 0 0 0 0 0 0 0 0 0 0 0 0 0 0 0 0 0 0 0 0 0 0 0 0 0 0 0 0 0 0 0 0 0 0 0 0 0 0 
0 0 -29.848175 0 0 0 0 0 0 -27.23028 -26.54234 -26.614553 -26.670812 -26.442148 -26.466649 -26.635312 -26.753949 -27.05391 -26.783798 -26.575385 -26.753446 -39.451375 0 0 0 0 0 -27.780631 -28.492492 0 0 0 0 0 0 0 0 0 0 0 0 0 0 0 0 0 0 0 0 0 0 0 0 0 0 0 0 0 0 0 0 0 0 0 0 0 0 0 0 
0 -29.848175 0 0 0 0 0 0 0 -27.487281 -26.654472 -26.54234 -28.028719 -26.791217 -26.442148 -26.466649 -26.883864 -27.295979 -27.05391 -27.4217 0 0 0 0 0 0 -26.950093 -26.942555 -27.938128 0 0 0 0 0 0 0 0 0 0 0 0 0 0 0 0 0 0 0 0 0 0 0 0 0 0 0 0 0 0 0 0 0 0 0 0 0 -29.822108 0 0 
0 0 0 0 0 0 -27.557053 -27.355117 -30.23047 -26.339722 -26.339722 0 -39.504971 -29.935405 0 0 0 0 0 0 0 0 0 0 0 0 -26.574506 -26.950093 -26.942555 0 0 0 0 0 0 0 0 0 0 0 0 0 0 0 0 0 0 0 0 0 0 0 0 0 0 0 0 0 0 0 0 0 0 0 0 0 -28.196545 -29.822108 0 
0 -27.691232 0 0 0 -27.557053 -27.355117 -27.393608 -27.40576 -26.339722 -26.34816 -26.659829 -27.853757 0 0 0 0 0 0 0 0 0 0 0 0 0 -27.558128 -26.574506 0 0 0 0 0 0 0 0 0 0 0 0 0 0 0 0 0 0 0 0 0 0 -39.499091 0 0 0 0 0 0 0 0 0 -39.525534 -27.546385 0 0 0 0 -27.825272 -28.196545 0 
0 -27.048524 -28.267153 -27.261217 0 -30.005244 -27.393608 -27.40576 -27.40576 -26.34816 -26.484895 -26.769108 -26.933201 -28.249079 -30.796934 0 -27.819387 -27.803395 -28.116221 0 0 0 0 0 0 0 0 -27.558128 0 0 0 0 0 0 0 0 0 0 0 0 0 0 0 0 0 0 0 0 0 -39.499091 -39.460812 0 0 0 0 0 0 0 0 -39.525534 -27.546385 -27.508151 0 -39.474957 -30.012365 -27.731453 0 -27.825272 0 
0 -36.189489 -26.952499 -27.180103 -27.261217 -31.218401 -28.770966 -27.40576 -28.638167 -26.484895 -26.510795 -26.891545 -27.110429 -27.392748 -26.939025 -27.195734 -27.803395 -28.116221 0 0 0 0 0 0 0 0 0 0 0 0 0 0 0 0 0 0 0 0 0 0 0 0 0 0 0 0 0 0 0 -29.529248 -39.460812 0 0 0 0 0 0 0 0 0 -27.508151 -32.707169 0 0 -39.474957 -30.012365 -27.731453 0 0 
0 0 -27.960008 -26.952499 -27.180103 -29.035579 -28.770966 -27.889451 -28.12619 -26.510795 -26.60516 -26.80247 -26.751439 -26.939025 -27.195734 -26.41745 0 0 0 0 0 0 0 0 0 0 0 0 0 0 0 0 0 0 0 0 0 0 0 0 0 0 0 0 0 0 0 0 -29.529248 -29.529248 -27.648009 -27.494173 -39.478491 0 0 0 0 0 0 0 -32.707169 0 0 0 0 0 0 0 0 
0 -30.629655 -28.41773 -27.960008 -39.539616 -29.035579 -27.889451 -28.12619 -28.308901 -26.60516 -26.80247 -26.751439 -27.295979 -27.295236 -26.41745 -26.519256 0 0 0 0 0 0 0 0 0 0 0 0 0 0 0 0 0 0 0 0 0 0 0 0 0 0 0 0 0 0 0 0 -29.529248 -27.648009 -27.494173 -31.40589 -29.991079 0 0 0 0 0 0 0 0 0 0 0 0 0 0 0 0 
-27.755698 0 -30.629655 -28.41773 0 0 0 -31.484713 -30.42107 -27.090576 -39.459043 -27.62312 -27.295236 -28.858711 -26.519256 -26.607768 0 0 0 0 0 -39.497915 0 0 0 0 0 0 0 0 0 0 0 0 0 0 0 0 0 0 0 0 0 0 0 0 0 0 0 0 -31.40589 -29.991079 0 0 0 0 0 0 0 0 -28.222502 0 0 0 0 -29.154372 0 0 0 
0 -27.755698 -27.758433 0 0 0 -39.456684 0 -27.090576 -30.286716 0 0 0 0 -26.607768 -26.618765 0 0 0 0 -39.497915 0 0 0 0 0 0 0 0 0 0 0 -28.830034 0 0 0 0 0 0 0 0 0 0 0 0 0 0 0 0 0 0 0 0 0 0 0 0 -29.085376 0 -28.222502 -26.967194 0 0 0 0 -27.22361 -29.154372 0 0 
0 -39.474368 0 -27.758433 0 -39.456684 0 0 -30.286716 0 0 0 0 0 -26.618765 -26.647524 -29.366075 0 0 0 0 0 0 0 0 0 -31.824413 0 0 0 0 -28.830034 -28.698089 -29.443103 0 0 0 0 0 0 0 0 0 0 0 0 0 0 0 0 -29.019335 -35.119067 0 -32.158147 -26.720264 0 -39.466118 -31.779667 -29.085376 -26.967194 -39.469654 0 0 -27.452815 -26.40299 -26.861594 -27.22361 0 0 
0 0 -39.474368 0 0 0 0 0 0 0 0 0 0 -27.085332 -26.647524 -27.465075 0 -39.456094 -29.815646 -31.593456 -27.586607 -28.335179 -29.963047 -39.523185 0 -31.824413 0 -39.514375 -29.579626 -32.707169 0 -28.698089 -29.443103 -27.514222 -27.229609 -30.327816 0 0 0 0 0 0 0 0 0 0 0 0 0 -29.019335 -35.119067 -39.467886 -35.119067 -26.720264 -26.412868 0 -36.189489 -39.466118 -31.779667 -39.469654 0 0 -27.452815 0 -26.621149 -26.40299 -26.861594 0 0 
0 0 0 0 0 0 0 0 -29.790016 0 0 0 0 -27.035534 -27.085332 -28.669369 -39.456094 -39.500855 -34.799096 -27.586607 -28.269432 -29.894659 -27.965128 -27.602378 -28.041565 0 -39.514375 -29.579626 -32.707169 0 -30.412427 -28.198685 -27.514222 -27.229609 -27.234992 -26.939416 -28.185908 0 0 0 0 0 0 0 0 0 0 0 0 0 -39.467886 -39.449015 -30.987752 -26.412868 -26.527385 -27.323335 -39.497326 -36.189489 0 0 0 0 0 0 -27.478512 -26.621149 0 0 0 
0 0 0 0 0 0 0 0 -27.577734 -29.790016 0 0 0 -27.505134 -27.035534 0 0 0 0 -28.269432 -29.894659 -27.965128 -27.602378 -28.041565 0 0 0 0 0 -30.412427 -28.198685 -28.344884 -26.918391 -26.822952 -26.939416 -28.185908 -28.628948 -28.264878 0 0 0 0 0 0 0 0 0 0 0 0 -39.50262 -39.496738 0 -26.527385 -27.323335 0 0 -39.497326 -26.634955 -35.268868 0 -27.953223 0 0 -26.765456 -27.478512 0 0 0 
0 0 0 0 0 -27.766692 -29.709046 -32.058955 0 -27.577734 0 0 0 -27.145368 -26.759787 0 -31.341914 -32.14139 0 0 0 0 0 0 0 -28.287836 0 0 0 0 -34.312953 -26.918391 -26.822952 -28.154606 -31.607353 -28.628948 -28.264878 -28.698089 0 0 0 0 0 0 0 0 0 0 -32.933834 0 0 0 0 -27.655261 -28.014235 0 0 0 -26.518064 -26.634955 -27.953223 -35.045967 -39.522598 -39.487323 -26.596051 -26.765456 0 0 0 
0 0 0 0 0 0 -27.766692 -29.709046 -32.058955 0 0 0 0 -26.759787 -26.881448 -39.526708 -26.927068 -28.454542 -32.14139 0 0 0 0 0 -28.287836 -39.470833 0 0 0 0 0 0 -35.79163 -36.473191 0 0 -28.698089 0 0 0 0 0 -39.520836 0 0 0 0 -32.933834 0 0 0 -33.363668 0 -28.014235 -29.512769 -36.721963 0 -34.133212 -26.543384 -26.518064 -35.045967 -39.522598 -39.487323 0 -39.486146 -26.596051 0 0 0 
0 0 0 0 0 0 -28.108314 0 0 0 0 -29.790016 0 -26.881448 -39.526708 0 0 -26.927068 -28.454542 0 0 0 0 0 -39.470833 0 0 0 0 0 -39.505559 0 0 0 0 0 0 0 -31.794506 -28.925408 0 -39.520836 -31.854631 0 0 0 0 0 0 0 -33.363668 -27.696316 -28.198685 -26.978516 -27.411034 -27.055388 -28.933011 -26.834515 -26.655042 -26.543384 0 0 0 0 0 0 0 0 0 
0 -29.217324 -27.079105 0 0 -28.108314 -30.429748 0 0 0 -29.790016 -35.7074 -39.503796 0 0 0 0 0 0 0 0 0 0 0 -30.026682 0 0 0 0 -27.464125 -26.828085 -29.282841 0 0 0 0 0 -31.794506 -28.925408 -28.489742 -28.045265 -31.367322 -27.939793 0 -33.315929 -29.721277 0 0 0 0 -27.696316 -28.198685 -26.978516 -26.933201 -27.055388 -28.933011 0 -29.282841 -26.834515 -26.655042 0 0 0 0 -26.970939 -28.704556 -35.503032 0 0 
0 -27.079105 -27.426192 0 0 -30.429748 0 -31.931565 -39.489678 0 -35.7074 -39.503796 0 -31.552176 0 0 0 0 0 0 0 0 0 0 -39.450195 -30.026682 0 0 -32.384616 -26.508722 -27.464125 -26.828085 -29.282841 0 0 0 0 0 -28.489742 -28.045265 -31.367322 -27.939793 -26.908411 -33.315929 -29.721277 -30.687346 -29.562674 -28.572024 0 0 0 -28.034205 -26.933201 -26.877677 -29.136835 0 0 0 -33.315929 0 0 0 0 -26.520693 -27.338244 -26.970939 -28.704556 -35.503032 0 
0 -27.426192 -29.249753 0 0 0 -31.931565 -39.489678 -39.501443 0 0 0 -31.552176 0 0 0 0 0 0 0 0 0 0 0 0 -29.557059 -29.411872 0 0 -27.486301 -26.508722 -29.437858 0 0 0 0 0 0 0 0 -30.23047 -26.908411 -30.206814 -28.294815 -29.678817 -29.562674 -28.572024 -27.577734 0 0 0 0 -26.877677 -30.509404 0 0 0 0 0 0 0 0 -36.235701 -26.467712 -26.520693 -27.338244 -32.174996 -39.469654 0 
0 -29.249753 0 0 0 0 0 -39.501443 0 0 0 0 0 0 0 0 0 0 0 0 0 -39.450195 0 0 -29.557059 -29.411872 -28.628948 -33.71612 -28.420323 -26.678883 -27.486301 0 0 0 0 0 0 0 0 0 0 -30.206814 -28.294815 -29.678817 -27.71958 -29.132481 -27.577734 -27.38761 0 0 0 0 -30.509404 0 0 0 0 0 0 0 0 0 -37.370151 -26.674622 -26.467712 0 -39.494973 0 -39.469654 
0 0 0 0 0 0 0 0 0 0 0 0 0 0 0 0 0 0 0 0 -39.450195 -39.497326 0 0 0 -28.628948 -33.71612 -29.102341 -26.678883 -26.797367 -26.568858 0 0 0 -35.156061 0 -28.80541 -30.005244 0 0 0 0 -31.471416 -27.71958 -29.132481 0 -27.38761 -27.049987 0 0 0 0 0 0 0 0 0 0 -39.49262 0 0 0 -39.23742 -26.690514 -26.674622 0 0 -39.494973 0 
0 0 0 0 0 0 0 0 0 0 0 0 0 0 0 0 0 0 0 0 -39.497326 0 0 0 0 -34.133212 -29.102341 -39.530229 -26.797367 -26.568858 -26.568858 0 0 0 0 -28.80541 -30.005244 0 -34.938489 -30.092394 -29.172105 -28.569097 0 0 0 0 -27.049987 -27.120351 0 0 0 0 0 0 0 0 0 -39.49262 0 0 0 0 0 -27.56787 -26.690514 0 -37.724551 0 0 
0 -30.944048 0 0 0 0 0 0 0 0 0 0 0 0 0 0 -27.154744 -39.509086 0 0 0 0 0 0 0 0 0 0 -39.484969 -26.568858 -26.414689 0 0 0 0 0 0 -34.938489 -30.092394 -29.172105 -28.569097 -27.107161 0 0 0 -29.894659 -27.120351 -27.17764 0 0 0 0 0 0 0 0 0 0 -39.525534 0 0 0 0 -29.480268 0 -37.724551 -28.669369 -27.063344 0 
0 -28.833587 0 0 0 0 0 0 0 0 0 0 0 0 -39.528469 -26.763901 -26.725823 -27.154744 -39.509086 0 0 0 0 0 0 0 0 0 -27.73812 -26.414689 -26.67442 0 0 0 0 0 0 0 0 -28.902832 -27.107161 -28.104382 0 -39.536683 0 -28.747355 -29.894659 -27.196368 0 0 0 0 0 0 0 0 0 0 0 0 0 0 0 -28.531633 0 -28.669369 -27.063344 -26.956131 -30.716693 
0 -26.961016 0 0 0 0 0 0 0 0 0 -28.675698 -36.098307 0 -27.000198 -26.822053 -26.763901 -26.53186 -27.285644 -28.551669 -34.252163 0 0 0 0 0 0 0 -27.332712 -27.042711 -30.944048 0 0 0 0 0 0 0 0 0 -28.104382 0 0 0 -39.536683 -39.493208 -28.747355 0 0 0 0 0 0 0 0 0 0 0 0 0 0 0 -28.531633 -32.191937 0 0 -29.185537 -26.950093 -27.532732 
-26.922428 -26.439565 0 0 0 0 0 0 0 0 0 -27.910241 -26.991847 0 0 -27.000198 -26.822053 -26.529365 -26.53186 -27.506138 0 0 -27.681154 0 0 0 -29.381204 0 -26.622864 -27.695042 0 0 -27.858336 -28.156665 0 0 0 0 0 0 0 0 0 0 0 0 -39.493208 0 0 0 0 0 0 0 0 0 0 0 0 0 -36.721963 0 -32.191937 0 0 0 -32.208972 0 0 
-26.635199 -26.474497 0 0 0 0 0 0 0 0 0 -26.991847 -27.028925 0 0 0 0 -26.682785 -26.529365 0 -28.492492 -27.453751 -27.518297 -27.681154 -27.522394 -27.028456 -27.061843 -26.883172 -26.384324 -26.622864 -28.032373 -26.830218 -26.740833 -27.858336 -28.156665 0 0 0 0 0 0 0 0 0 0 -39.510262 0 0 0 0 0 0 0 0 0 0 0 0 0 -36.721963 0 -29.654987 -32.912597 0 0 -32.208972 0 0 0 
-26.62964 -26.62964 0 0 0 0 0 0 0 0 0 -27.028925 -27.488261 0 0 0 -26.942948 -26.558857 -26.777855 -30.879908 -27.540054 -27.453751 -27.965128 -27.928193 -27.18818 -26.71843 -26.571017 -26.563743 -26.652957 -26.384324 -27.619626 -28.032373 -26.830218 -26.740833 -39.489678 0 0 0 0 0 0 0 0 0 0 0 -39.510262 0 0 0 0 0 0 0 0 0 0 0 0 0 -29.654987 -32.912597 0 0 0 0 0 0 0 
0 -26.996665 0 0 0 0 0 0 0 0 0 -26.935522 -27.309514 0 -31.380117 -39.443703 -26.902598 -26.922898 -27.40576 -29.217324 -27.440759 -29.163214 -29.163214 -30.270494 -26.814047 -26.511026 -26.71843 -26.571017 -26.563743 -26.652957 -39.160232 -27.735447 -30.198987 0 0 0 0 0 0 0 0 0 0 0 0 0 0 0 0 0 0 0 0 0 0 0 0 0 0 0 0 0 0 0 0 0 0 0 0 
0 0 0 0 -37.910166 -28.644349 -26.726056 -26.796242 -27.766692 0 -28.371992 -26.934747 -26.935522 0 0 -31.380117 -34.97403 -26.902598 0 -27.440759 -31.677886 -29.163214 -32.058955 -34.731017 -30.270494 -26.814047 -26.511026 -27.525481 0 0 0 -32.330888 -39.49615 -30.23047 -26.816994 0 0 0 0 0 0 0 0 0 0 -30.756496 0 0 0 0 0 0 0 0 0 0 0 0 0 0 0 0 0 0 0 0 0 0 0 
0 0 0 0 0 -26.726056 -26.796242 -26.704745 -26.528621 -26.672611 -29.34116 -28.371992 -26.934747 0 0 -30.055625 -28.495247 -26.937855 0 -31.677886 -31.677886 -35.920752 0 0 0 -28.619793 0 0 0 0 0 -39.49615 -30.23047 -26.816994 -26.590437 -27.161878 0 0 0 0 0 0 0 0 -30.756496 0 0 0 0 0 0 0 0 0 0 0 0 0 0 0 0 0 0 0 0 0 0 -28.092675 0 
0 0 0 0 -27.608086 0 -26.704745 -26.528621 -26.672611 -26.664883 -26.768322 -32.89149 0 0 -30.055625 0 -26.937855 -26.722338 -30.42107 -31.677886 -35.920752 -29.047877 -38.787416 0 0 0 0 0 -29.098082 0 0 0 0 -26.590437 -27.161878 -26.970521 -27.186306 0 0 -39.470244 0 0 0 0 0 0 0 0 0 0 0 0 0 0 0 0 0 0 0 0 0 0 0 0 0 0 -39.526121 -26.888387 -28.092675 
0 0 0 0 -26.51499 -27.608086 -27.502129 -26.846091 -26.664883 -26.768322 -29.249753 0 0 0 0 0 -26.722338 -30.041102 -30.42107 -29.54032 -29.047877 -29.396469 -27.107704 -27.453751 -27.732782 -30.954902 0 -29.098082 -39.454915 0 0 0 0 -27.241104 -26.970521 -27.186306 -27.462228 -39.459043 -26.756476 -27.730126 -39.394543 0 0 0 0 -29.110893 0 0 0 0 0 0 0 0 0 0 0 0 0 0 0 0 0 0 0 0 -27.4217 -35.920752 -26.888387 
0 0 0 -30.582653 -26.538972 -26.51499 -28.220315 -28.41773 -28.290158 -27.949849 -28.211612 -27.400526 0 0 0 -28.948338 -30.041102 -30.041102 -29.54032 -27.971996 -27.772241 -27.107704 -27.453751 -27.732782 -27.26617 -27.226935 -27.23838 -28.462576 -39.482614 0 0 0 0 -29.056131 -37.200866 -27.462228 -28.625889 -27.058357 -26.380823 -26.756476 -27.730126 -39.394543 0 0 -29.110893 -27.862938 0 0 0 0 0 0 0 0 0 0 0 0 0 0 0 0 0 0 0 0 -27.813539 -27.4217 -35.920752 
0 0 -38.787416 -28.865971 -26.682372 -26.538972 -36.522018 -28.290158 -27.949849 -28.211612 -27.285644 -26.811705 0 0 0 -28.948338 -26.428873 -27.51017 -27.971996 -27.772241 -27.837159 -28.5779 -27.928193 -27.26617 -27.226935 -27.23838 -27.40576 -27.02752 -27.46698 0 0 0 -39.480258 -27.169706 -27.246588 -27.077045 -27.058357 -39.454915 -26.513351 -26.380823 -39.492032 0 0 0 -27.862938 -28.065858 0 0 0 0 0 0 0 0 0 0 0 0 0 0 0 0 0 0 0 0 0 -27.813539 0 
0 0 -33.535775 -34.833535 -26.581912 -26.682372 0 0 -28.666216 -27.285644 -26.811705 -30.954902 0 0 0 -26.428873 -27.005994 -27.866019 -29.518245 -27.837159 -29.376146 -28.701319 -28.959938 -29.231143 -28.625889 -27.40576 -27.02752 -27.46698 -28.678874 -31.431911 0 -39.480258 -27.169706 -26.665471 -27.077045 -28.359593 0 0 -27.89899 -26.513351 0 0 0 0 -28.065858 0 0 0 0 0 0 0 0 0 0 0 0 0 0 0 0 0 0 0 0 0 0 0 0 
0 -35.268868 -35.79163 -33.535775 -26.522986 -26.581912 0 -28.666216 -28.666216 -28.724142 -26.797931 0 0 0 0 -27.005994 -27.866019 -31.735603 -39.446654 -32.14139 -32.608967 -28.959938 -29.231143 -28.691654 -33.769244 -27.963419 -28.554557 0 -31.08897 -28.678874 0 -28.540182 -26.665471 -26.534125 -28.359593 0 0 0 -27.529616 -27.89899 0 0 0 0 0 0 0 0 0 0 0 0 0 -32.420944 0 0 0 0 0 0 0 0 0 0 0 0 0 0 0 
0 0 0 -26.774651 -26.647896 -26.522986 0 -28.666216 -28.724142 -26.797931 -26.606951 -39.507911 0 0 0 0 0 -39.495562 -37.910166 -32.608967 0 0 0 -39.502032 -27.963419 -28.554557 -27.702715 0 0 0 0 0 -26.480252 -26.471622 0 0 -28.276299 -26.523107 -26.986644 -27.529616 0 0 0 0 -32.933834 -36.721963 -30.246389 0 0 0 0 0 -32.420944 0 0 0 0 0 0 0 0 0 0 0 0 0 0 0 0 
0 0 0 -26.962656 -26.774651 -26.647896 0 0 -27.420805 -26.606951 -31.341914 -39.507911 -35.119067 0 0 0 0 0 0 0 0 -37.370151 0 0 0 -27.702715 0 0 0 0 0 0 -26.471622 -26.477913 0 -28.276299 -29.432629 -26.626668 -26.523107 -26.986644 0 0 0 -29.231143 -26.906951 -30.246389 0 -39.534923 0 -35.624607 -29.991079 0 0 0 -29.970018 -27.806282 0 0 0 0 0 -30.706897 -37.313157 0 0 0 0 0 0 
0 0 0 -26.948098 -26.962656 0 0 0 -32.727161 -31.341914 -26.650511 -35.119067 0 0 0 0 0 0 0 0 -37.370151 0 0 0 0 0 0 0 0 0 0 -27.245213 -26.477913 -26.517233 -39.46376 0 0 -27.047064 -26.626668 0 0 0 -29.231143 -26.749443 -26.749443 0 0 -34.343685 -35.624607 -29.991079 -28.784642 -27.772241 0 -29.970018 -27.806282 -30.455985 -39.523185 -31.794506 -27.467934 -30.005244 -29.181047 -27.551701 -27.38251 -27.120908 -27.1583 -27.346226 -26.996225 -27.66626 0 
0 -28.598678 0 -27.352681 -26.948098 0 0 0 -32.727161 -26.650511 -27.313324 0 0 0 0 -36.929656 0 0 0 0 0 0 0 0 0 0 0 0 0 0 0 -27.143048 -26.842616 -27.40576 -27.662577 -29.208178 0 -26.765716 -27.047064 0 0 0 0 -26.769895 -26.499601 0 0 0 -34.343685 -28.784642 -27.772241 -27.772241 -39.509086 0 -30.455985 -39.523185 0 0 -31.794506 -27.467934 -27.551701 -27.452815 -27.120908 -27.1583 -27.346226 -26.996225 -26.78928 -26.888037 0 
-28.598678 0 0 0 -27.352681 0 0 0 0 0 -28.754408 0 0 0 0 0 0 0 0 0 0 0 0 0 0 0 0 0 0 0 0 0 -27.784581 0 0 0 0 0 -26.765716 0 0 0 0 0 -26.878737 0 0 0 0 0 0 0 0 0 0 0 0 0 0 0 0 0 -33.020104 -33.042007 -30.86938 -30.439133 -28.898928 -31.325999 -39.484275 
