NCOLS 89
NROWS 112
XLLCORNER 543650.24
YLLCORNER 4083886.8
CELLSIZE 10
NODATA_VALUE -9999
0 0 0 0 0 0 0 0 0 0 0 0 0 0 0 0 0 0 0 0 0 0 0 0 0 0 0 0 0 0 0 0 0 0 0 0 0 0 -39.254309 -27.853577 0 0 0 0 0 0 0 0 0 0 0 0 0 -26.722621 0 -28.407423 -26.97792 -27.179649 -26.616724 -27.609879 -28.821052 0 0 0 0 0 0 -28.711637 0 0 0 0 0 0 0 0 0 0 0 0 0 0 0 0 0 0 0 0 0 
0 0 0 0 0 0 0 0 0 0 0 0 0 0 0 0 0 0 0 0 0 0 0 0 0 -30.52214 0 0 0 0 0 0 0 0 0 0 0 -39.316294 0 -39.254309 -27.853577 0 0 0 0 0 0 0 0 0 0 0 0 -27.105066 -26.722621 -31.269833 -28.407423 -26.97792 -26.661929 -26.616724 -27.609879 -28.821052 0 -27.340947 0 0 0 -28.099578 -28.711637 0 0 0 0 0 0 0 0 0 0 0 0 0 0 0 0 0 0 0 0 
0 0 0 0 0 0 0 0 0 0 0 0 0 0 0 0 0 0 0 0 0 0 0 0 0 -29.586688 -30.52214 0 0 0 0 0 0 0 0 0 0 0 -39.316294 0 0 0 0 0 0 0 0 0 0 0 0 0 0 -27.408942 -27.105066 0 -31.269833 -36.662234 -27.000029 -26.661929 -27.588639 -33.788546 -30.878396 -27.221535 -27.340947 0 -39.315721 -27.969818 -28.099578 0 0 0 0 0 0 0 0 0 0 0 0 0 0 0 0 0 0 0 0 
0 0 0 0 0 0 0 0 0 0 0 0 0 0 0 0 0 0 0 0 0 0 0 0 0 -32.831156 -29.586688 0 0 0 0 0 0 0 -39.282468 0 -39.253733 0 0 0 0 0 0 0 0 0 0 0 0 0 0 0 0 -27.714295 -27.408942 0 0 0 -27.632925 -27.000029 0 0 0 -30.878396 -27.221535 -32.663145 -29.482939 -27.977005 -27.969818 0 -39.324879 0 0 0 0 0 0 0 0 0 0 0 0 0 0 0 0 0 0 
0 0 0 0 0 0 0 0 0 0 0 0 0 0 0 0 0 0 0 0 0 0 0 0 0 -39.335173 -32.831156 0 0 0 0 0 0 0 -27.283 -38.436497 0 -39.253733 0 0 0 0 0 0 0 0 0 0 0 0 0 0 0 -27.747468 -27.714295 0 0 0 -28.019372 -27.632925 0 0 0 0 -39.249706 0 -32.663145 -29.482939 -27.977005 0 0 -39.324879 -39.316294 0 0 0 0 0 0 0 0 0 0 0 0 0 0 0 0 
0 0 0 0 0 0 0 0 0 0 0 0 0 0 0 0 0 0 0 0 0 0 0 0 0 0 -39.335173 0 0 0 0 0 0 0 -26.71831 -27.283 -38.436497 0 0 0 0 0 0 0 0 0 0 0 0 0 0 0 0 -27.89739 -27.747468 0 0 0 -28.745993 -28.019372 0 0 0 0 0 0 0 -28.195277 -33.123016 0 0 0 -29.322747 -39.316294 0 0 0 0 0 0 0 0 0 0 0 0 0 0 0 
0 0 0 0 0 0 0 0 0 0 0 0 0 0 0 0 0 0 0 0 0 0 0 0 0 0 0 0 0 0 0 0 0 0 -26.514773 -26.71831 -39.310567 0 0 0 0 0 0 0 0 0 0 0 0 0 0 0 0 -27.6063 -27.89739 0 0 0 -29.78064 -28.745993 0 0 0 -39.257185 0 0 0 -27.074922 -28.186418 -34.490293 0 0 -26.920206 -29.322747 0 0 0 0 0 0 0 0 0 0 0 0 0 0 0 
0 0 0 0 0 0 0 0 0 0 0 0 0 0 0 0 0 0 0 0 0 0 0 0 0 0 0 0 0 0 0 0 0 0 -26.542611 -26.514773 0 0 0 -39.277301 0 0 0 0 0 0 0 0 0 0 0 0 0 -27.27395 -27.6063 0 0 0 -27.810228 -29.78064 0 0 0 -39.26121 -39.257185 0 0 -26.844217 -26.735121 0 0 0 -28.046061 -26.920206 0 0 0 0 0 0 0 0 0 0 0 0 0 0 0 
0 0 0 0 0 0 0 0 0 0 0 0 0 0 0 0 0 0 0 0 0 0 0 0 0 0 -39.319156 0 0 0 0 0 0 0 -26.733876 -26.542611 0 0 0 -29.715822 -39.277301 0 0 0 0 -27.207246 0 0 0 0 0 0 0 -27.064365 -27.27395 0 0 0 -27.912458 -27.810228 0 0 0 -36.931112 -39.26121 0 0 -26.735121 -26.768757 0 0 0 0 -28.046061 0 0 0 0 0 0 0 0 0 0 0 0 0 0 0 
0 0 0 0 0 0 0 0 0 0 0 0 0 0 0 0 0 0 0 0 0 0 0 0 0 -39.319156 0 0 0 0 0 0 0 0 -27.026068 -26.733876 -29.622658 0 0 -27.847257 -29.715822 0 0 0 -27.207246 -27.002806 0 0 0 0 0 0 0 -27.001416 -27.064365 0 0 0 -27.861537 -27.912458 0 0 0 -35.291016 -36.931112 0 0 -26.768757 -26.768757 0 0 0 0 0 0 0 0 0 0 0 0 0 0 0 0 0 0 0 0 
0 0 0 0 0 0 0 0 0 0 0 0 0 0 0 0 0 0 0 0 0 0 0 0 0 0 -36.986524 0 0 0 0 0 0 0 -27.172628 -27.922638 -27.711588 0 0 -27.620714 -27.847257 0 0 0 -27.002806 -27.256228 0 0 0 0 0 0 0 -26.917091 -27.001416 0 0 0 -27.629242 -27.861537 0 0 0 -39.321445 -35.291016 0 0 -26.775913 -27.357748 -28.412783 0 0 0 -30.049035 0 0 0 0 0 0 0 0 0 0 0 0 0 0 0 
0 0 0 0 0 0 0 0 0 0 0 0 0 0 0 0 0 0 0 0 0 0 0 0 0 -36.986524 -30.503347 0 0 0 0 0 0 0 0 -27.677151 -27.098903 0 0 -27.430328 -27.620714 0 0 0 -27.256228 -27.991538 0 0 0 -30.52214 0 0 0 -26.752215 -26.917091 0 0 0 -27.500642 -27.629242 0 0 0 -31.596415 -39.321445 0 0 -27.97161 -28.412783 0 0 0 -30.049035 -35.620964 0 0 0 0 0 0 0 0 0 0 0 0 0 0 0 
0 0 0 0 0 0 0 0 0 0 0 0 0 0 0 0 0 0 0 0 0 0 0 0 0 -30.503347 -29.204828 0 0 0 0 0 0 0 0 -27.098903 -26.885613 0 0 -27.122232 -27.430328 0 0 0 -28.036449 -28.610392 0 0 0 -28.5077 -30.52214 0 0 -26.71405 -26.752215 0 0 0 -27.318113 -27.500642 0 0 0 -30.856533 -31.596415 0 0 0 0 0 0 0 -35.620964 0 0 0 0 0 0 0 0 0 0 0 0 0 0 0 0 
0 0 0 0 0 0 0 0 0 0 0 0 0 0 0 0 0 0 0 0 0 0 0 0 0 -29.204828 -28.249972 0 0 0 0 0 0 0 0 -26.885613 -26.945084 0 0 -26.947978 -26.908252 0 0 0 -28.319812 -28.317332 0 0 0 -27.816296 -28.5077 0 0 -26.639092 -26.71405 0 0 0 -27.163813 -27.318113 0 0 0 -29.322747 -30.856533 0 0 0 0 0 0 0 0 0 0 0 0 0 0 0 0 0 0 0 0 0 0 0 0 
0 0 0 0 0 0 0 0 0 0 0 0 0 0 0 0 0 0 0 0 0 0 0 0 0 -28.249972 -28.908113 0 0 0 0 0 0 0 0 -26.945084 -27.124561 0 0 -26.633674 -26.779261 0 0 0 -27.540097 -28.158116 0 0 0 -27.35182 -27.816296 0 0 -26.808022 -26.639092 -27.421882 0 0 -26.980574 -27.163813 0 0 0 -28.742518 -29.322747 0 0 0 0 0 0 0 -33.597431 0 0 0 0 0 0 0 0 0 0 0 0 0 -29.78064 0 0 
0 0 0 0 0 0 0 0 0 0 0 0 0 0 0 0 0 0 0 0 0 0 0 0 0 -28.908113 -38.226032 0 0 0 0 0 0 0 0 -26.967875 -27.188055 0 0 -26.516122 -26.633674 0 0 0 -27.066459 -27.540097 0 0 0 -27.019792 -27.35182 0 0 -27.464147 -26.473189 -26.739889 0 0 -26.809531 -26.980574 0 0 0 -28.028824 -28.742518 0 0 0 0 0 0 0 -29.735033 -33.597431 0 0 0 0 0 0 0 0 0 0 0 0 0 -29.78064 0 
0 0 0 0 0 0 0 0 0 0 0 0 0 0 0 0 0 0 0 0 0 0 0 0 0 -38.226032 0 0 0 0 0 0 0 0 0 -26.765499 -26.967875 0 -39.256034 -26.444192 -26.516122 0 0 0 -27.13279 -27.066459 0 0 0 -26.82431 -27.019792 0 -30.264124 -27.733491 -26.443738 -26.473189 -31.132556 0 -26.695713 -26.809531 0 0 0 -28.896454 -28.028824 0 0 0 0 0 0 0 -29.287467 -29.735033 0 0 0 0 0 0 0 0 0 0 0 0 0 -27.299929 -28.715034 
0 0 0 0 0 0 0 0 0 0 0 0 0 0 0 0 0 0 0 0 0 0 0 0 0 0 0 0 0 0 -29.374482 -39.292224 0 0 0 -26.704762 -26.765499 0 -27.526 -26.438176 -26.444192 0 0 0 -27.603922 -27.13279 0 0 0 -26.910541 -26.82431 0 -32.015828 -27.601552 -26.499355 -26.443738 -28.499026 -31.132556 -26.815318 -26.695713 0 0 0 0 -28.896454 0 0 0 0 0 0 0 -30.41168 -29.287467 0 0 0 0 0 0 0 0 0 0 0 0 0 -27.89573 -27.299929 
0 0 0 0 0 0 0 0 0 0 0 0 0 0 0 0 0 0 0 0 0 0 0 0 0 0 0 0 0 0 -28.032629 -29.374482 0 -38.580879 -39.277875 -26.761197 -26.704762 -30.550624 -27.289105 -26.683859 -26.438176 0 0 0 -28.021255 -27.603922 0 0 0 -27.267988 -26.910541 0 0 -32.015828 -26.945497 -26.499355 -29.094991 0 -27.617086 -26.815318 0 0 0 0 0 0 0 0 0 0 0 0 -39.26236 -30.41168 0 0 0 0 0 0 0 0 0 0 0 0 0 -28.90033 -27.89573 
0 0 0 0 0 0 0 0 0 0 0 0 0 0 0 0 0 0 0 0 0 0 0 0 0 0 0 0 0 0 -27.847257 -28.032629 0 -39.268683 -38.580879 -26.932078 -26.761197 -29.317661 -27.848833 -27.289105 -26.683859 0 0 0 -27.920933 -28.021255 0 0 0 -27.385523 -27.135163 0 0 0 -27.156979 -26.945497 0 0 -28.349996 -28.067532 0 0 0 0 0 0 0 0 0 0 0 0 0 -39.26236 0 0 0 0 0 0 0 0 0 0 0 0 0 -28.739052 -30.30999 
0 0 0 0 0 0 0 0 0 0 0 0 0 0 0 0 0 0 0 0 0 0 0 0 0 0 0 0 0 0 -27.727963 -27.847257 0 0 -39.268683 -27.02948 -26.932078 -33.705474 -29.317661 -27.848833 0 0 0 0 -27.307773 -27.920933 0 0 0 -27.135163 -27.065935 0 0 0 -26.94964 -27.13994 0 0 -27.577079 -28.698134 0 0 0 0 0 0 0 0 0 0 0 0 0 0 0 0 0 0 0 0 0 0 0 0 0 0 0 -28.362806 0 
0 0 0 0 0 0 0 0 0 0 0 0 0 0 0 0 0 0 0 0 0 0 0 0 0 0 0 0 0 0 -27.206574 -27.727963 0 0 0 -26.97309 -27.02948 0 -33.705474 -35.794885 0 0 0 0 -27.026068 -27.307773 0 0 0 -26.813787 -27.032915 0 -39.288208 0 -26.660316 -26.94964 0 0 -27.281483 -27.577079 0 0 0 0 0 0 0 0 0 0 0 0 0 0 0 0 0 0 0 0 0 0 0 0 0 0 0 0 0 
0 0 0 0 0 0 0 0 0 0 0 0 0 0 0 0 0 0 0 0 0 0 0 0 0 0 0 0 0 0 -27.025583 -27.206574 0 0 0 -27.020272 -26.97309 0 0 0 0 0 0 0 -27.115302 -27.026068 0 0 0 -26.618837 -26.813787 -28.044132 -27.188055 -28.047995 -26.509449 -26.660316 0 0 -27.119913 -27.281483 0 0 0 0 0 0 0 0 0 0 0 0 0 0 0 0 0 0 0 0 0 0 0 0 0 0 0 0 0 
0 0 0 0 0 0 0 0 0 0 0 0 0 0 0 0 0 0 0 0 0 0 0 0 0 0 0 0 0 0 -27.078667 -27.025583 0 0 0 -27.196582 -27.020272 0 0 0 0 0 0 0 -27.241121 -27.115302 0 0 0 -26.560865 -26.618837 -27.074389 -27.052988 -27.188055 -26.512824 -26.509449 -39.250856 0 -26.956766 -27.119913 0 0 0 0 0 0 0 0 0 0 0 0 0 0 0 0 0 0 0 0 0 0 0 0 0 0 0 0 0 
0 0 0 0 0 0 0 0 0 0 0 0 0 0 0 0 0 0 0 0 0 0 0 0 0 0 0 0 0 0 -27.142946 -27.078667 0 0 0 -27.165064 -27.196582 0 0 0 0 0 0 0 -27.914147 -27.241121 0 0 0 -26.726496 -26.560865 -30.189933 -27.074389 -27.052988 -26.644413 -26.512824 -39.318011 -39.250856 0 -26.956766 0 0 0 0 0 0 0 0 -32.241029 0 0 0 0 0 0 0 0 0 0 0 0 0 0 0 0 0 0 0 0 
0 0 0 0 0 0 0 0 0 0 0 0 0 0 0 0 0 0 0 0 0 0 0 0 0 0 0 0 0 0 -27.201891 -27.142946 0 0 0 -27.22568 -27.165064 0 0 0 0 0 0 0 -34.80057 -27.914147 0 0 0 -27.078667 -26.726496 0 -30.37605 -39.294518 -26.819015 -26.644413 0 0 0 -26.838989 -28.247639 0 0 -39.247403 0 0 0 0 -30.110469 -32.241029 0 0 0 0 0 0 0 0 0 0 0 0 0 0 0 0 0 0 0 
0 0 0 0 0 0 0 0 0 0 0 0 0 0 0 0 0 0 0 0 0 0 0 0 0 0 -39.326595 0 0 0 -27.216052 -27.201891 0 0 0 -27.721102 -27.22568 0 0 0 0 0 0 0 0 -34.80057 0 0 0 -27.101136 -27.318915 -30.384903 -29.126241 -30.230828 -26.787185 -26.667022 0 0 0 -27.28376 -26.838989 0 0 -29.847759 -39.247403 0 0 0 -28.721853 -30.110469 0 0 0 0 0 0 0 0 0 0 0 0 0 0 0 0 0 0 0 
0 0 0 0 0 0 0 0 0 0 0 0 0 0 0 0 0 0 0 0 0 0 0 0 0 0 -39.288781 -39.326595 0 0 -27.181578 -27.216052 0 0 0 -27.659176 -27.721102 0 0 0 0 0 0 0 0 0 0 0 0 -27.318915 -27.567952 -29.126241 -30.230828 -30.181848 -26.667022 -26.637776 0 0 0 -27.175809 -26.966149 0 0 -29.47178 -29.847759 0 0 0 -28.195277 -28.721853 0 0 0 0 0 0 0 0 0 0 0 0 0 0 0 0 0 0 0 
0 0 0 0 0 0 0 0 0 0 0 0 0 0 0 0 0 0 0 0 0 0 0 0 0 0 -39.283616 -39.288781 0 0 -27.082979 -27.181578 0 0 0 -28.000731 -27.659176 0 0 0 0 0 0 0 0 0 0 0 0 -27.567952 -27.441745 -31.257051 -29.78064 -29.395629 -26.637776 -26.69728 0 0 0 -26.966149 -26.877367 0 0 -33.365071 -29.47178 0 0 0 0 -28.195277 0 0 0 0 0 0 0 0 0 0 0 0 0 0 0 0 0 0 0 
0 0 0 0 0 0 0 0 0 0 0 0 0 0 0 0 0 0 0 0 0 0 0 0 0 0 -39.24395 -39.283616 0 0 -26.976158 -27.082979 0 0 0 -30.349702 -28.000731 0 0 0 0 0 0 0 0 0 0 0 0 -27.441745 -27.783416 -29.78064 -29.395629 -28.329787 -26.690394 -26.698178 0 0 0 -26.877367 -26.865455 0 0 -32.27718 -35.020335 0 0 0 0 0 0 0 0 0 0 0 0 0 0 0 0 0 0 0 0 0 0 0 0 
0 0 0 0 0 0 0 0 0 0 0 0 0 0 0 0 0 0 0 0 0 0 0 0 0 0 -33.902134 -39.24395 0 0 -26.855548 -26.976158 0 0 0 -39.26466 -30.349702 0 0 0 0 0 0 0 0 -39.32259 0 0 0 -27.783416 -28.487553 -31.06065 -28.329787 -28.573201 -26.673029 -26.655721 0 0 0 -26.865455 -26.977478 0 0 -35.020335 0 0 0 0 0 0 0 0 0 0 0 0 0 0 0 0 0 0 0 0 0 0 0 0 0 
0 0 0 0 0 0 0 0 0 0 0 0 0 0 0 0 0 0 0 0 0 0 0 0 0 0 -30.771007 -33.902134 0 0 -26.65791 -26.855548 0 0 0 0 -39.26466 0 0 0 0 0 0 0 0 0 -39.32259 0 0 -28.46212 -28.745993 0 -28.573201 -29.616613 -26.632379 -26.638151 0 0 0 -26.977478 -27.319718 0 0 0 0 0 0 0 0 -39.278449 0 0 0 0 0 0 0 0 0 0 0 0 0 0 0 0 0 0 0 
0 0 0 0 0 0 0 0 0 0 0 0 0 0 0 0 0 0 0 0 0 0 0 0 0 0 -29.910237 -30.771007 0 0 -26.575765 -26.65791 0 0 0 0 0 0 0 0 0 0 0 0 0 0 0 0 0 -28.179821 -28.46212 0 -29.616613 -30.856533 -26.604342 -26.619899 0 0 0 -27.466128 -27.617086 0 0 0 0 0 0 0 -39.278449 -36.82195 0 0 0 0 0 0 0 0 0 0 0 0 0 0 0 0 0 0 0 
0 0 0 0 0 0 0 0 0 0 0 0 0 0 0 0 0 0 0 0 0 0 0 0 0 0 -28.935687 -29.910237 0 0 -26.815011 -26.575765 -28.980089 0 0 0 0 0 0 0 0 0 0 0 0 0 0 0 0 -27.59214 -28.179821 -35.750818 -28.90033 -30.65821 -26.520335 -26.604342 0 0 0 -28.61354 -27.953836 0 0 0 0 0 0 0 -31.654821 -39.269833 0 0 0 0 0 0 0 0 0 0 0 0 0 0 0 0 0 -39.307703 0 
0 0 0 0 0 0 0 0 0 0 0 0 0 0 0 0 0 0 0 0 0 0 0 0 0 0 -28.46212 -28.935687 0 0 -27.496498 -26.769303 -27.133976 0 0 0 0 0 0 0 0 0 0 0 0 0 0 0 0 -27.330248 -27.59214 -29.813904 -28.567106 -28.90033 -26.466066 -26.520335 0 0 0 -29.287467 -28.61354 0 0 0 0 0 0 0 -29.43873 -31.654821 0 0 0 -29.847759 -37.573184 0 0 0 0 0 0 0 0 0 0 0 0 -39.277301 -39.307703 
0 0 0 0 0 0 0 0 0 0 0 0 0 0 0 0 0 0 0 0 0 0 0 0 0 0 -27.887476 -28.46212 0 0 0 -26.911307 -26.769303 0 0 0 0 0 0 0 0 0 0 0 0 0 0 0 0 -27.161941 -27.330248 -27.890769 -27.612275 -27.579378 -26.452729 -26.466066 0 0 0 -29.598598 -29.287467 0 0 0 0 0 0 0 -29.228699 -29.43873 0 0 0 -28.124272 -29.747951 0 0 0 0 0 0 0 0 0 0 0 0 0 -39.277301 
0 0 0 0 0 0 0 0 0 0 0 0 0 0 0 0 0 0 0 0 0 0 0 0 0 0 -27.558929 -27.887476 0 0 0 -26.96874 -26.911307 0 0 0 0 0 0 0 0 0 0 0 0 0 0 0 0 -26.670115 -27.161941 -27.065935 -27.102256 -27.270217 -26.458766 -26.452729 0 0 0 -29.545615 -29.598598 0 0 0 0 0 0 0 -28.923806 -29.228699 0 0 0 -27.412615 -28.107745 0 0 0 0 0 0 0 0 0 0 0 0 0 0 
0 0 0 0 0 0 0 0 0 0 0 0 0 0 0 0 0 0 0 0 0 0 0 0 0 0 -27.55001 -27.558929 0 0 0 -26.946322 -26.96874 0 0 0 0 0 0 0 0 0 0 0 0 0 0 0 0 -26.534713 -26.670115 -26.98998 -27.065935 -27.102256 -26.462289 -26.458766 0 0 0 -28.431733 -29.545615 0 0 0 0 0 0 0 -28.548991 -28.923806 0 0 0 -27.121651 -27.412615 0 0 0 0 0 0 0 0 0 0 0 0 0 0 
0 0 0 0 0 0 0 0 0 0 0 0 0 0 0 0 0 0 0 0 0 0 0 0 0 0 -28.073465 -27.55001 0 0 0 -27.006531 -26.946322 0 0 0 0 0 0 0 0 0 0 0 0 0 0 0 0 -26.766853 -26.534713 -26.608585 -26.98998 -27.137547 -26.48756 -26.462289 0 0 0 -28.339848 -28.431733 0 0 0 -35.620964 0 0 0 -28.287976 -28.548991 0 0 0 -27.22016 -27.121651 0 0 0 0 0 0 0 0 0 0 0 0 -27.914147 0 
0 0 0 0 0 0 0 -33.242022 0 0 0 0 0 0 0 0 0 0 0 0 0 0 0 0 0 0 -27.316511 -28.073465 0 0 0 -27.281483 -27.006531 0 0 0 0 0 0 0 0 0 0 0 0 0 0 0 0 -26.87102 -26.439865 -26.458378 -30.087214 -27.927768 -26.510289 -26.48756 -39.28706 0 0 -28.510605 -28.339848 0 0 0 -27.428442 -35.620964 0 0 -28.273575 -28.287976 0 0 0 -27.474105 -27.22016 0 0 0 0 0 0 0 0 0 0 0 0 -27.27395 0 
0 0 0 0 0 0 0 -29.327849 -33.242022 0 0 0 0 0 0 0 0 0 0 0 0 0 0 0 0 0 -27.310145 -27.316511 0 0 0 -26.869274 -27.281483 0 0 0 0 0 0 0 0 0 0 0 0 0 0 0 0 0 -26.457507 -26.439865 0 0 -26.545754 -26.510289 0 0 0 0 -28.510605 0 0 0 -26.85118 -27.428442 -39.113734 0 -27.89739 -28.273575 0 0 0 -27.307773 -27.474105 0 0 0 0 0 0 0 0 0 0 0 0 -27.805704 0 
0 0 0 0 0 0 0 -35.251357 -29.327849 0 0 0 0 0 0 0 0 0 0 0 0 0 0 0 0 0 -27.222224 -27.310145 0 0 0 -26.76388 -26.869274 0 0 0 0 0 0 0 0 0 0 0 0 0 0 0 0 0 -26.476623 -26.457507 0 0 -26.564664 -26.545754 0 0 0 0 0 0 0 0 -26.758799 -26.85118 -29.592633 0 -27.426562 -27.89739 0 0 0 -27.121651 -27.307773 0 0 0 0 0 0 0 0 0 0 0 0 -39.335744 0 
0 0 0 -37.573184 -39.294518 0 0 0 -35.251357 0 0 0 -28.661685 0 0 0 0 0 0 0 0 0 0 0 0 0 -27.019313 -27.222224 0 0 0 -26.601992 -26.76388 0 0 0 0 0 0 0 0 0 0 0 0 0 0 0 0 0 -26.50155 -26.476623 0 0 -26.545067 -26.564664 0 0 0 -39.328883 0 0 0 0 -26.895123 -26.758799 0 0 -28.375756 -27.426562 0 0 0 -27.028991 -27.121651 0 0 0 0 0 0 0 0 0 0 0 0 0 0 
0 0 0 -28.210953 -37.573184 -39.294518 0 0 0 0 0 0 -28.642215 -28.661685 0 0 0 0 0 0 0 -33.242022 0 0 0 0 -26.993611 -27.019313 0 0 0 -26.505057 -26.601992 0 0 0 0 0 0 0 0 0 0 0 0 0 0 0 0 0 -26.443284 -26.50155 0 0 -26.584302 -26.545067 0 0 0 -28.305009 -39.328883 0 0 0 -26.912458 -26.895123 0 0 0 -28.375756 0 0 0 -28.386218 -27.028991 0 0 0 0 0 0 0 0 0 0 0 0 0 0 
0 0 0 0 -28.210953 0 0 0 0 0 0 0 -28.832111 -28.642215 0 0 0 0 0 0 0 0 -33.242022 0 0 0 -27.103941 -26.993611 0 0 -39.302545 -26.454819 -26.505057 0 0 0 0 0 0 0 0 0 0 0 0 0 0 0 0 0 -26.395191 -26.443284 0 0 -26.495587 -26.584302 0 0 0 -35.707145 -28.305009 0 0 0 -27.017399 -26.912458 0 0 0 0 0 0 0 0 -28.386218 0 0 0 0 0 0 0 0 0 0 0 0 0 0 
0 0 0 0 0 0 0 0 0 0 0 0 -28.394126 -28.832111 0 0 0 0 0 0 0 0 0 0 0 0 -27.010756 -27.103941 0 -39.328311 -27.987885 -26.513554 -26.454819 0 0 0 0 0 0 0 0 0 0 0 0 0 0 0 0 -38.879939 -26.408371 -26.395191 -31.428216 -28.132633 -26.44265 -26.495587 0 0 0 -27.365447 -35.707145 0 0 0 -31.219073 -27.017399 0 0 0 -27.172628 -36.356539 0 0 0 0 0 0 0 0 0 0 0 0 0 0 0 0 0 0 
0 0 0 0 0 0 0 0 0 0 0 0 -27.588639 -28.394126 0 0 0 0 0 0 0 0 0 0 0 0 -26.759863 -27.010756 -28.120116 -27.647823 -27.043357 -26.903331 -26.513554 0 0 0 0 0 0 0 0 0 0 0 0 0 0 0 0 -33.788546 -26.411082 -26.408371 -28.124272 -27.542289 -26.473603 -26.44265 0 0 0 -27.085692 -27.365447 0 0 0 -27.055552 -31.219073 0 0 0 -32.241029 -27.172628 0 0 0 0 0 0 0 0 0 0 0 0 0 0 0 0 -27.348456 -39.269833 
0 0 0 0 0 0 0 -29.787246 0 0 0 0 -27.051455 -27.588639 0 0 0 0 0 0 0 0 0 0 0 0 -26.563783 -26.759863 -27.931203 -28.120116 -27.647823 -27.043357 -26.963572 0 0 0 0 0 0 0 0 0 0 0 0 0 0 0 0 -37.099049 -26.442831 -26.411082 -28.453758 -27.545589 -26.51996 -26.473603 0 0 0 -27.056066 -27.085692 0 0 0 -27.151447 -27.055552 0 0 0 -26.915541 -32.241029 0 0 0 0 0 0 0 0 0 0 0 0 0 0 0 0 -26.76093 -27.348456 
0 0 0 0 0 0 0 -27.952076 -29.787246 0 0 0 -27.008874 -27.051455 0 0 0 0 0 0 0 0 -39.294518 0 0 0 -26.422543 -26.563783 -27.233352 -27.931203 -28.339848 -28.145299 0 0 0 0 0 0 0 0 0 0 0 0 0 -34.94587 0 0 0 0 -26.5387 -26.442831 -33.053472 -28.166746 -26.907491 -26.51996 -30.668244 0 0 -27.262816 -27.056066 0 0 0 -27.736269 -27.151447 0 0 0 -26.768757 -26.915541 0 0 0 0 0 0 0 0 0 0 0 0 0 0 0 0 -26.52209 -26.76093 
0 0 0 -29.3381 0 0 0 -27.67456 -27.952076 0 0 0 -27.567952 -27.008874 0 0 0 0 0 0 0 0 0 -39.294518 0 -29.455176 -26.422707 -26.422543 -27.505855 -39.26121 0 0 0 0 0 0 0 0 0 0 0 0 0 0 0 -33.989524 -34.94587 0 0 0 -26.59636 -26.5387 -33.678176 -29.793876 -27.615881 -27.524927 -27.407112 0 0 -28.732146 -27.262816 0 0 0 -35.750818 -27.736269 0 0 0 -26.803529 -26.768757 0 0 0 0 0 0 0 0 0 0 0 0 0 0 0 0 -26.925709 -26.52209 
0 0 0 -27.647823 -29.228699 0 0 -27.78195 -27.67456 0 0 0 -33.030591 -27.567952 0 0 0 0 0 0 0 0 0 0 0 -27.773202 -26.572117 -26.422707 0 0 0 0 0 0 0 0 0 0 0 0 0 0 0 0 0 0 -33.989524 0 0 0 -26.633118 -26.59636 -33.007858 -28.67813 -27.869566 -27.315712 -26.964001 0 0 -29.827375 -31.347852 0 0 0 0 -35.750818 0 0 0 -26.750912 -26.803529 0 0 0 0 0 0 0 0 0 0 0 0 0 0 0 -30.033962 -26.925709 -29.198447 
0 0 0 -28.149554 -27.647823 0 0 -27.863137 -27.78195 0 0 0 0 -33.030591 0 0 0 0 0 0 0 0 0 0 -32.332199 -28.732146 -27.148396 -26.572117 0 0 0 0 0 0 0 0 0 0 0 0 0 0 0 0 0 0 0 0 0 0 -26.676601 -26.651973 -30.011563 -27.869566 -30.349702 -26.964001 -26.838989 0 0 -31.347852 0 0 0 0 0 -28.081431 0 0 0 -27.496498 -26.750912 0 0 0 0 0 0 0 0 0 0 0 0 0 0 0 -28.175445 -28.061631 -27.945069 
0 0 0 -27.737661 -28.149554 0 0 -32.788364 -27.863137 0 0 0 0 0 0 0 0 0 0 0 0 0 0 0 -31.567661 -32.332199 -28.732146 -27.148396 0 0 0 0 0 0 0 0 0 0 0 0 0 0 0 0 0 0 0 0 0 0 -26.670115 -26.683212 0 -30.349702 -39.314576 -26.838989 -27.013592 0 0 0 0 0 0 0 -28.081431 -27.626797 0 0 -33.624156 -26.831585 -26.466066 0 0 0 0 0 0 0 0 0 0 0 0 0 0 -38.956939 -29.004879 -28.175445 -28.061631 
0 0 0 -27.664273 -27.737661 0 0 0 -27.296043 -28.257002 0 0 0 0 0 0 0 0 0 0 0 0 -39.293945 0 -33.242022 -31.567661 -39.328311 -39.290503 0 0 0 0 0 0 0 0 0 0 0 0 0 0 0 0 0 0 0 0 0 0 -26.703618 -26.670115 0 -39.314576 0 -27.013592 -27.218787 0 0 0 0 0 0 0 -27.626797 -27.487255 0 0 -29.219108 -26.466066 -26.783486 0 0 0 0 0 0 0 0 0 0 0 0 0 0 -39.193563 -29.545615 -29.004879 -29.455176 
0 0 0 -27.704856 -27.664273 0 0 0 -27.360305 -27.296043 0 0 0 0 0 0 0 0 0 0 0 0 -28.510605 -34.295317 0 -33.242022 0 0 0 0 0 0 0 0 0 0 0 0 0 0 0 0 0 0 0 0 0 0 0 0 -26.848514 -26.703618 0 0 0 -27.218787 -27.36717 0 0 0 0 0 0 0 -27.487255 -27.780486 0 0 0 -26.783486 -26.995894 0 0 0 0 0 0 0 0 0 0 0 0 -36.067885 0 -30.094936 -28.138947 -29.545615 -29.754443 
0 0 0 -27.681054 -27.421882 0 0 0 -27.397134 -27.360305 0 0 0 0 0 0 0 0 0 0 0 0 -27.227763 -28.510605 -34.295317 0 0 0 0 0 0 0 0 0 0 0 0 0 0 0 0 0 0 0 0 0 0 0 0 0 -26.908633 -26.848514 0 0 0 -27.36717 -27.60511 0 0 0 0 0 0 0 -27.780486 -28.069506 0 0 0 -26.995894 -27.068563 0 0 0 0 0 0 0 0 0 0 0 0 -28.671527 -36.067885 -29.78064 -28.90033 -28.138947 -30.306488 
0 0 0 -27.421882 -27.010756 0 0 0 -27.356898 -27.397134 0 0 0 0 0 0 0 0 0 0 0 0 -26.87383 -27.227763 -30.67832 0 0 0 0 0 0 0 0 0 0 0 0 0 0 0 0 0 0 0 0 0 0 0 0 0 -27.012172 -26.908633 0 0 0 -27.60511 -27.665551 0 0 0 0 0 0 0 -28.069506 -28.64544 0 0 0 -27.068563 -27.19132 0 0 0 0 0 0 0 0 0 0 0 0 -27.686285 -28.671527 0 -29.78064 -28.90033 0 
0 0 0 -27.010756 -26.752215 0 0 0 -27.372364 -27.356898 0 0 0 0 0 0 0 0 0 0 0 0 -26.652955 -26.87383 0 0 0 0 0 0 0 0 0 0 0 0 0 0 0 0 0 0 0 0 0 0 0 0 0 0 -27.070145 -27.012172 0 0 0 -27.665551 -27.89242 0 0 0 0 0 0 0 -28.64544 -29.307535 0 0 0 -27.19132 -27.528152 0 0 0 0 0 0 0 0 0 0 0 0 -27.248989 -27.09946 0 0 0 0 
0 0 0 -26.752215 -26.712173 0 0 0 -27.375848 -27.296043 0 0 0 0 0 0 0 0 0 0 0 0 -26.546579 -26.652955 0 0 0 0 0 0 0 0 0 0 0 0 0 0 0 0 0 0 0 0 0 0 0 0 0 0 -27.16569 -27.070145 0 0 0 -27.89242 -28.204207 0 0 0 0 0 0 0 -29.307535 -36.714946 0 0 0 -27.528152 -27.808717 0 0 0 0 0 0 0 0 0 0 0 0 -26.989528 -26.769303 0 0 0 0 
0 0 0 -26.712173 -26.787758 -39.296812 0 0 -27.296043 -27.020753 0 0 0 0 0 0 0 0 0 0 0 0 -26.549629 -26.546579 0 0 0 0 0 0 0 0 0 0 0 0 0 0 0 0 0 0 0 0 0 0 0 0 0 0 -27.266506 -27.16569 0 0 0 -28.725275 -28.407423 0 0 0 0 0 0 0 -36.714946 -39.289355 0 0 0 -27.808717 -28.813727 0 0 0 0 0 0 0 0 0 0 0 0 -26.769303 -26.664975 0 0 0 0 
0 0 0 -26.787758 -27.034393 -39.293945 0 0 -27.020753 -26.915541 0 0 0 -34.591259 0 0 0 0 0 0 0 0 -26.596032 -26.549629 0 0 0 0 0 0 0 0 0 0 0 0 0 0 0 0 0 0 0 0 0 0 0 0 0 0 -27.494434 -27.266506 0 0 0 -28.955704 -28.725275 0 0 0 0 0 0 0 -39.289355 0 0 0 0 -28.813727 -36.307286 0 0 0 0 0 0 0 0 0 0 0 0 -26.664975 -26.625806 0 0 0 0 
0 0 0 -27.034393 -27.767418 0 0 0 -26.915541 -26.908633 0 0 -34.591259 -30.264124 0 0 0 0 0 0 0 0 -26.710073 -26.596032 0 0 0 0 0 0 0 0 0 0 0 0 0 0 0 0 0 0 0 0 0 -30.494009 -39.316294 0 0 0 -27.807209 -27.494434 0 0 0 -28.561039 -28.955704 0 0 0 0 0 0 0 0 0 0 0 0 -36.307286 0 0 0 0 0 0 0 0 0 0 0 0 0 -26.625806 -26.637401 0 0 0 0 
0 0 0 -27.767418 -29.130757 0 0 0 -26.908633 -27.013118 0 0 -30.264124 -28.540029 -30.384903 0 0 0 0 0 0 0 -26.818396 -26.817162 0 0 0 0 0 0 0 0 0 0 0 0 0 0 0 0 0 0 0 0 0 0 -30.494009 -39.316294 0 0 -28.4101 -27.807209 0 0 0 -27.966244 -28.561039 0 0 0 0 0 0 0 0 0 0 0 0 0 0 0 0 0 0 0 0 0 0 0 0 0 0 -26.637401 -26.682782 0 0 0 0 
0 0 0 -29.130757 -28.516435 0 0 0 -27.013118 -27.214009 0 0 -28.540029 -30.384903 -30.173795 0 0 0 0 0 0 0 -26.951307 -27.193288 0 0 0 0 0 0 0 0 0 0 0 0 0 0 0 0 0 0 0 0 0 -39.327739 -26.605186 -27.361159 0 0 -29.78064 -28.4101 0 0 0 -27.473103 -27.966244 0 0 0 0 0 0 0 0 0 0 0 0 0 0 0 0 0 0 0 0 0 0 0 0 0 0 -26.682782 -26.734622 0 0 0 0 
0 0 0 -28.516435 -27.507951 0 0 0 -27.175809 -27.314117 0 0 0 -30.173795 -30.402718 0 0 0 0 0 0 0 -27.193288 -27.433165 0 0 0 0 0 0 0 0 0 0 0 0 0 0 0 0 0 0 0 0 0 -27.959134 -26.753523 -26.605186 0 0 -29.677988 -29.78064 0 0 0 -27.324557 -27.473103 0 0 0 0 0 0 0 0 0 0 0 0 0 0 0 0 0 0 0 0 0 0 0 0 0 0 -26.734622 -26.82904 0 0 0 0 
0 0 0 -27.487255 -26.923342 0 0 0 -27.063842 -27.175809 0 0 0 -30.589167 -30.332313 0 0 0 0 0 0 0 -27.433165 -31.334689 0 0 0 0 0 0 0 0 0 0 0 0 0 0 0 0 0 0 0 0 -28.383594 -28.195277 -27.520647 -26.753523 0 0 -28.5077 -29.677988 0 0 0 -27.427502 -27.324557 0 0 0 0 0 0 0 0 0 0 0 0 0 0 0 0 0 -39.335173 0 0 0 0 0 0 0 0 -26.82904 -27.117027 0 0 0 0 
0 0 0 -26.923342 -26.749095 0 0 0 -27.106759 -27.063842 0 0 0 -39.245101 -30.589167 0 0 0 0 0 0 0 -31.334689 0 0 0 0 0 0 0 0 0 0 0 0 0 0 0 0 0 0 0 0 0 -29.563102 -28.383594 -28.195277 -27.520647 0 0 -27.89242 -28.5077 0 0 0 -27.473103 -27.427502 0 0 0 0 0 0 0 0 0 0 0 0 0 0 0 0 0 -37.95625 -39.335173 0 0 0 0 0 0 0 -27.117027 -28.896454 0 0 0 0 
0 0 0 -26.749095 -26.909014 0 0 0 -27.248989 -27.106759 0 0 0 0 -39.245101 0 0 0 0 0 0 0 0 0 0 0 0 0 0 0 0 0 0 0 0 0 0 0 0 0 0 0 0 -29.257818 0 -29.563102 0 0 0 0 -27.876039 -27.89242 0 0 0 -27.55001 -27.473103 0 0 0 0 0 0 0 0 0 0 0 0 0 0 0 0 0 -29.262722 -37.95625 0 0 0 0 0 0 0 -28.896454 0 0 0 0 0 
0 0 0 -26.900329 -27.018355 0 0 0 -27.158834 -27.037861 0 0 0 0 0 0 0 0 0 0 0 0 0 0 0 0 0 0 0 0 0 0 0 0 0 0 0 0 0 0 0 0 -37.099049 -28.476185 -29.257818 0 0 0 0 0 -28.220012 -27.876039 0 0 0 -27.681054 -27.55001 0 0 0 0 0 0 0 0 0 0 0 0 0 0 0 0 0 -28.484701 -29.262722 0 0 0 0 0 0 0 0 0 0 0 0 0 
0 0 0 -27.014066 -26.900329 0 0 0 -27.037861 -27.037364 0 0 0 0 -39.320873 0 0 0 0 0 0 0 0 0 0 0 0 0 0 0 0 0 0 0 0 0 0 0 0 0 0 0 -29.099417 -35.331016 -28.476185 0 0 0 0 0 -28.567106 -28.220012 0 0 0 -29.332967 -27.681054 0 0 0 0 0 0 0 0 0 0 0 0 0 0 0 0 0 -29.834145 -28.484701 0 0 0 0 0 0 0 0 0 0 0 -39.32259 0 
0 0 0 -27.030459 -27.014066 0 0 0 -27.037364 -27.296818 0 0 0 -39.320873 -34.139549 0 0 0 0 0 0 0 0 0 0 0 0 0 0 0 0 0 0 0 0 0 0 0 0 0 0 -27.248989 -28.668238 -29.099417 -35.331016 0 0 0 0 0 -29.021636 -28.567106 0 0 0 0 -29.332967 0 0 0 0 0 0 0 0 0 0 0 0 -39.309994 0 0 0 0 -39.289355 -29.834145 0 0 0 0 0 0 0 0 0 0 -39.32259 0 0 
0 0 0 -27.682359 -27.030459 0 0 0 -27.154513 -27.501682 0 0 0 -30.628367 -31.654821 0 0 0 0 0 0 0 0 0 0 0 0 0 0 0 0 0 0 0 0 0 0 0 0 0 0 -26.599163 -27.248989 -28.668238 0 0 0 0 0 0 -32.767168 -29.021636 0 0 0 0 0 0 0 0 0 0 0 0 0 0 0 0 0 0 -39.309994 0 0 0 0 -39.289355 0 0 0 0 0 0 0 0 0 0 0 0 0 
0 0 0 -26.930877 -27.682359 0 0 0 -27.889121 -27.154513 0 0 0 -28.242987 -29.854602 0 0 0 0 0 0 0 0 0 0 0 0 0 0 0 0 0 0 0 0 0 0 0 0 0 0 -26.601324 -26.599163 -31.933481 0 0 0 0 0 0 0 -32.767168 0 0 0 0 0 0 0 0 0 0 0 0 0 0 0 0 0 0 0 0 0 0 0 -39.299679 0 0 0 0 0 0 0 0 0 0 0 0 0 
0 0 0 -26.816239 -26.930877 0 0 0 -27.374976 -27.889121 0 0 0 -30.52214 -28.242987 0 0 0 0 0 0 0 0 0 0 0 0 0 0 0 0 0 0 0 0 0 0 0 0 0 0 -26.810137 -26.601324 0 0 0 0 0 0 0 0 -39.326023 0 0 0 0 0 0 0 0 0 0 0 0 0 0 0 0 0 0 0 0 0 0 -39.299679 -33.931051 0 0 0 0 0 0 0 0 0 0 0 0 0 
0 0 0 -26.831904 -26.816239 0 0 0 -27.962683 -27.374976 0 0 0 -28.391484 -30.52214 0 0 0 0 0 0 0 0 0 0 0 0 0 0 0 0 0 0 0 0 0 0 0 0 -37.213903 -36.768182 -27.512159 -26.810137 0 0 0 0 0 0 0 0 -39.252007 -39.326023 0 0 0 0 0 0 0 0 0 0 0 0 0 0 0 0 0 0 0 0 0 -33.931051 -38.365541 0 0 0 0 0 0 0 0 0 0 0 -39.249706 0 
0 0 0 -26.97792 -26.831904 0 0 0 -28.519361 -27.962683 0 0 0 -28.095518 -28.391484 0 0 0 0 0 0 0 0 0 0 0 0 0 0 0 0 0 0 0 0 0 0 0 -29.390318 -27.968029 -37.213903 -36.768182 -27.512159 0 0 0 0 0 0 0 0 -33.315353 -39.252007 0 0 0 0 0 0 0 0 0 0 0 0 0 0 0 0 0 0 0 0 0 -38.365541 -39.256034 0 0 0 0 0 0 0 0 0 0 0 -28.865814 0 
0 0 0 -27.09946 -26.97792 -26.773421 0 0 -28.943661 -27.876039 0 0 0 -28.357665 -28.095518 0 0 0 0 0 0 0 0 0 0 0 0 0 0 0 0 0 0 0 0 0 0 -30.280969 -27.285282 -29.390318 -27.968029 0 -39.26006 0 0 0 0 0 0 0 0 -30.86744 -33.315353 0 0 0 0 0 0 0 0 0 0 0 0 0 0 0 0 0 0 0 0 0 -39.256034 0 0 0 0 0 0 0 0 0 0 0 0 0 0 
0 0 0 -27.062278 -26.773421 -26.681066 0 0 -27.876039 -27.318915 0 0 0 -28.206451 -28.168914 0 0 0 0 0 0 0 0 0 0 0 0 0 0 0 0 0 0 0 0 0 0 -27.485217 -27.449459 -27.285282 -33.053472 0 0 0 0 0 0 0 0 0 0 -30.65821 -30.86744 0 0 0 0 0 0 0 -34.457163 0 0 0 0 0 0 0 0 0 0 0 0 0 0 0 0 0 0 0 0 0 0 0 0 0 0 0 0 
0 0 0 0 -26.681066 -26.625625 0 0 -27.318915 -27.039853 0 0 0 -28.168914 -27.457256 0 0 0 0 0 0 0 0 0 0 0 0 0 0 0 0 0 0 0 0 0 0 -26.515263 -26.515263 -28.873413 0 0 0 0 0 0 0 0 0 0 0 -30.094936 -30.65821 0 0 0 0 0 0 0 -31.441845 -34.457163 0 0 0 0 0 0 0 0 0 0 0 0 0 0 0 0 0 0 0 0 0 0 0 0 0 0 0 
0 0 0 0 -26.625625 -26.685373 0 0 -27.039853 -27.236166 0 0 0 -27.457256 -27.055552 0 0 0 0 0 0 0 0 0 0 0 0 0 0 0 0 0 0 0 0 0 0 -26.429407 -26.515263 0 0 0 0 0 0 0 0 0 0 0 0 -29.967502 -30.094936 0 0 0 0 0 0 0 -29.827375 -31.441845 0 0 0 0 0 0 0 0 0 0 0 0 0 0 0 0 0 0 0 0 0 0 0 0 0 0 0 
0 0 0 0 -26.685373 -27.106759 0 0 -27.236166 -29.774057 0 0 0 -27.055552 -26.973527 0 0 0 0 0 0 0 0 0 0 0 0 0 0 0 0 0 0 0 0 0 0 -26.505292 -26.429407 0 0 0 0 0 0 0 0 0 0 0 0 0 -29.967502 0 0 0 0 0 0 0 -28.629393 -29.827375 0 0 0 0 0 0 0 0 0 0 0 0 0 0 0 0 0 0 0 0 0 0 0 0 0 0 0 
0 0 0 0 -26.914383 -27.287573 0 0 -27.536821 -30.739706 0 0 0 -26.973527 -27.229853 0 0 0 0 0 0 0 0 0 0 0 0 0 0 0 0 0 0 0 0 0 -32.100494 -26.669701 -26.505292 0 0 0 0 0 0 0 0 0 0 0 0 -29.243193 0 0 0 0 0 0 0 0 -27.819346 -28.629393 0 0 0 0 0 0 0 0 0 0 0 0 -31.469311 0 0 0 0 0 0 0 0 0 0 0 0 0 0 
0 0 0 0 -26.86442 -26.914383 0 0 -27.178366 -27.536821 0 0 0 -27.229853 -27.488277 0 0 0 0 0 0 0 0 0 0 0 0 0 0 0 0 0 0 0 0 0 -28.828415 -27.13279 -26.669701 0 0 0 0 0 0 0 0 0 0 0 0 -29.539824 -29.243193 0 0 0 0 0 0 0 0 -27.819346 0 0 0 0 0 0 0 0 0 0 0 0 -30.922718 -31.469311 0 0 0 0 0 0 0 0 0 0 0 0 0 
0 0 0 0 -26.847187 -26.86442 0 0 -27.251152 -27.178366 0 0 0 -28.093494 -27.321327 0 0 0 0 0 0 0 0 0 0 0 0 0 0 0 0 0 0 0 0 -39.274429 -39.252007 -28.828415 -27.13279 0 0 0 0 0 0 0 0 0 0 0 0 0 -29.539824 0 0 0 0 0 0 0 -29.34325 0 0 0 0 0 0 0 0 0 0 0 0 0 -30.878396 -30.922718 0 0 0 0 0 0 0 0 0 0 0 0 0 
0 0 0 0 -26.896975 -26.847187 0 0 -27.585153 -27.251152 0 0 0 -29.622658 -28.093494 0 0 0 0 0 0 0 0 0 0 0 0 0 0 0 0 0 0 0 0 -33.873428 -39.274429 -39.252007 -31.108362 0 0 0 0 0 0 0 0 0 0 0 0 0 0 0 0 0 0 0 0 0 0 -29.34325 0 0 0 0 0 0 0 0 0 0 0 0 -39.26006 -30.878396 0 0 0 0 0 0 0 0 0 0 0 0 0 
0 0 0 0 -27.035877 -26.896975 0 0 -27.692871 -27.585153 0 0 0 -30.094936 -29.622658 0 0 0 0 0 0 0 0 0 0 0 0 0 0 0 0 0 0 0 0 0 -33.873428 0 0 0 0 0 0 0 0 0 0 0 0 0 0 0 0 0 0 0 0 0 0 0 0 0 0 0 0 0 0 0 0 0 0 0 0 0 0 -39.26006 0 0 0 0 0 0 0 0 0 0 0 0 0 
0 0 0 0 -27.243257 -27.035877 0 0 -28.481856 -27.692871 -29.272576 0 0 -29.827375 -30.094936 0 0 0 0 0 0 0 0 0 0 0 0 0 0 0 0 0 -39.268109 0 0 0 0 0 0 0 0 0 0 0 0 0 0 0 0 0 0 0 0 0 0 0 0 0 0 0 0 0 0 0 0 0 0 0 0 0 0 0 0 0 0 0 0 0 0 0 0 0 0 0 0 0 0 0 0 
0 0 0 0 -27.276201 -27.243257 0 0 -30.255751 -27.341777 -27.836302 0 0 -29.214334 -29.827375 0 0 0 0 0 0 0 0 0 0 0 0 0 0 0 0 0 -27.801202 -39.268109 0 0 0 0 0 0 0 0 0 0 0 0 0 0 0 0 0 0 0 0 0 0 0 0 0 0 0 0 0 0 0 0 0 0 0 0 0 0 0 0 0 0 0 0 0 0 0 0 0 0 0 0 0 0 0 
0 0 0 0 -27.303839 -27.276201 0 0 0 -27.34678 -27.341777 0 0 -28.80644 -29.214334 0 0 0 0 0 0 0 0 0 0 0 0 0 0 0 0 0 -27.157597 -27.801202 0 0 0 0 0 0 0 0 0 0 0 0 0 0 0 0 0 0 0 0 0 0 0 0 0 0 0 0 0 0 0 0 0 0 0 0 0 0 0 0 0 0 0 0 0 0 0 0 0 0 0 0 0 0 0 
0 0 0 0 -27.279213 -27.303839 0 0 0 -27.253323 -27.34678 0 0 -28.264075 -28.80644 0 0 0 0 0 0 0 0 0 0 0 0 0 0 0 0 0 -27.041852 -27.157597 0 0 0 0 0 0 0 0 0 0 0 0 0 0 0 0 0 0 0 0 0 0 0 0 0 0 0 0 0 0 0 0 0 0 0 0 0 0 0 0 0 0 0 0 0 0 0 0 0 0 0 0 0 0 0 
0 0 0 0 -27.513215 -27.279213 0 0 0 -27.21265 -27.253323 0 0 -27.959134 -28.264075 0 0 0 0 0 0 0 0 0 0 0 0 0 0 0 0 0 -27.216735 -27.041852 0 0 0 0 0 0 0 0 0 0 0 0 0 0 0 0 0 0 0 0 0 0 0 0 0 0 0 0 0 0 0 0 0 0 0 0 0 0 0 0 0 0 0 0 0 0 0 0 0 0 0 0 0 0 0 
0 0 0 0 -27.6391 -27.536821 0 0 0 -27.469109 -27.21265 0 0 -28.774111 -27.959134 0 0 0 0 0 0 0 0 0 0 0 0 0 0 0 0 0 -28.252311 -27.216735 0 0 0 0 0 0 0 0 0 0 0 0 0 0 0 0 0 0 0 0 0 0 0 0 0 0 0 0 0 0 0 0 0 0 0 0 0 0 0 0 0 0 0 0 0 0 0 0 0 0 0 0 0 0 0 
0 0 0 0 -27.706198 -27.645321 0 0 0 -27.8042 -27.469109 0 0 -31.744753 -28.774111 0 0 0 0 0 0 0 0 0 0 0 0 0 0 0 0 0 0 -28.252311 0 0 0 0 0 0 0 0 0 0 0 0 0 0 0 0 0 0 0 0 0 0 0 0 0 0 0 0 0 0 0 0 0 0 0 0 0 0 0 0 0 0 0 0 0 0 0 0 0 0 0 0 0 0 0 
0 0 0 0 -27.657907 -27.621927 0 0 0 -27.729342 -27.783416 0 0 -39.284764 -31.744753 0 0 0 0 0 0 0 0 0 0 0 0 0 0 0 0 0 0 0 0 0 0 0 0 0 0 0 0 0 0 0 0 0 0 0 0 0 0 0 0 0 0 0 0 0 0 0 0 0 0 0 0 0 0 0 0 0 0 0 0 0 0 0 0 0 0 0 0 0 0 0 0 0 0 
0 0 0 0 -27.5623 -27.280725 0 0 0 -27.675854 -27.649077 0 0 0 -39.284764 0 0 0 0 0 0 0 0 0 0 0 0 0 0 0 0 0 0 0 0 0 0 0 0 0 0 0 0 0 0 0 -38.226032 0 0 0 0 0 0 0 0 0 0 0 0 0 0 0 0 0 0 0 0 0 0 0 0 0 0 0 0 0 0 0 0 0 0 0 0 0 0 0 0 0 0 
0 0 0 0 -27.280725 -27.256228 0 0 0 -27.625576 -27.618294 0 0 0 -39.283616 0 0 0 0 0 0 0 0 0 0 0 0 0 0 0 0 0 0 0 0 0 0 0 0 0 0 0 0 0 0 0 -32.704368 -38.226032 0 0 0 0 0 0 0 0 0 0 0 0 0 0 0 0 0 0 0 0 0 0 0 0 0 0 0 0 0 0 0 0 0 0 0 0 0 0 0 0 0 
0 0 0 0 -27.256228 -27.46712 0 0 0 -27.618294 -27.533559 0 0 -39.283616 -30.638272 0 0 0 0 0 0 0 0 0 0 0 0 0 0 0 0 0 0 0 0 0 0 0 0 0 0 0 0 0 0 0 0 -32.704368 0 0 0 0 0 0 0 0 0 0 0 0 0 0 0 0 0 0 0 0 0 0 0 0 0 0 0 0 0 0 0 0 0 0 0 0 0 0 0 0 0 
0 0 0 0 -27.46712 -27.630468 0 0 0 -27.533559 -27.423751 0 0 -30.638272 0 0 0 0 0 0 0 0 0 0 0 0 0 0 0 0 0 0 0 0 0 0 0 0 0 0 0 0 0 0 0 0 0 -39.244525 0 0 0 0 0 0 0 0 0 0 0 0 0 0 0 0 0 0 0 0 0 0 0 0 0 0 0 0 0 0 0 0 0 0 0 0 0 0 0 0 0 
0 0 0 0 -27.630468 -27.714295 0 0 0 -27.423751 -27.393541 0 0 0 0 0 0 0 0 0 0 0 0 0 0 0 0 0 0 0 0 0 0 0 0 0 0 0 0 0 0 0 0 0 0 0 0 0 -39.244525 0 0 0 0 0 0 0 0 0 0 0 0 0 0 0 0 0 0 0 0 0 0 0 0 0 0 0 0 0 0 0 0 0 0 0 0 0 0 0 0 
0 0 0 0 -27.714295 -27.461186 0 0 0 -27.393541 -27.314914 0 0 0 0 0 0 0 0 0 0 0 0 0 0 0 0 0 0 0 0 0 0 0 0 0 0 0 0 0 0 0 0 0 0 0 0 0 0 0 0 0 0 0 0 0 0 0 0 0 0 0 0 0 0 0 0 0 0 0 0 0 0 0 0 0 0 0 0 0 0 0 0 0 0 0 0 0 0 
0 -31.32159 0 0 -27.461186 -27.261346 0 0 0 -27.314914 -27.28376 0 0 0 0 0 0 0 0 0 0 0 0 0 0 0 0 0 0 0 0 0 0 0 0 0 0 0 0 0 0 0 0 0 0 0 0 0 0 0 0 0 0 0 0 0 0 0 0 0 0 0 0 0 0 0 0 0 0 0 0 0 0 0 0 0 0 0 0 0 0 0 0 0 0 0 0 0 0 
-39.271167 -33.170146 0 0 -27.261346 -27.201891 0 0 0 -27.28376 -27.343441 0 0 0 0 0 0 0 0 0 0 0 0 0 0 0 0 0 0 0 0 0 0 0 0 0 0 0 0 0 0 0 0 0 0 0 0 0 0 0 0 0 0 0 0 0 0 0 0 0 0 0 0 0 0 0 0 0 0 0 0 0 0 0 0 0 0 0 0 0 0 0 0 0 0 0 0 0 0 
-39.273854 -33.440929 0 0 -27.201891 -27.371495 0 0 0 -27.343441 -27.607491 0 0 0 0 -32.049411 0 0 0 0 0 0 0 0 0 0 0 0 0 0 0 0 0 0 0 0 0 0 0 0 0 0 0 0 0 0 0 0 0 0 0 0 0 0 0 0 0 0 0 0 0 0 0 0 0 0 0 0 0 0 0 0 0 0 0 0 0 0 0 0 0 0 0 0 0 0 0 0 0 
-39.320301 -36.456471 0 0 -27.371495 -27.620714 0 0 0 -27.607491 -27.536821 0 0 0 -32.049411 -28.668238 0 0 0 0 0 0 0 0 0 0 0 0 0 0 0 0 0 0 0 0 0 0 0 0 0 0 0 0 0 0 0 0 0 0 0 0 0 0 0 0 0 0 0 0 0 0 0 0 0 0 0 0 0 0 0 0 0 0 0 -39.324306 0 0 0 0 0 0 0 0 0 0 0 0 0 
-39.325451 -33.624156 0 0 -27.620714 -27.777565 0 0 0 -27.536821 -27.567952 0 0 0 -28.668238 -27.830099 0 0 0 0 0 0 0 0 0 0 0 0 0 0 0 0 0 0 0 0 0 0 0 0 0 0 0 0 0 0 0 0 0 0 0 0 0 0 0 0 0 0 0 0 0 0 0 0 0 0 0 0 0 0 -39.329455 0 0 0 0 -32.313753 -39.324306 0 0 0 0 0 0 0 0 0 0 0 0 
0 -31.428216 0 0 -27.777565 -27.847257 0 0 0 -27.567952 -27.621927 0 0 0 -27.830099 -27.614677 0 0 0 0 0 0 0 0 0 0 0 0 0 0 0 0 0 0 0 0 0 0 0 0 0 0 0 0 0 0 0 0 0 0 0 0 0 0 0 0 0 0 0 0 0 0 0 0 0 0 0 0 0 0 -31.18164 -39.329455 0 0 0 -30.126119 -32.313753 0 0 0 0 0 0 0 0 0 0 0 0 
-39.302382 -29.616613 0 0 -27.847257 -27.517453 0 0 0 -27.621927 -27.55669 0 0 0 -27.614677 -27.577079 0 0 0 0 0 0 0 0 0 0 0 0 0 0 0 0 0 0 0 0 0 0 0 0 0 0 0 0 0 0 0 0 0 0 0 0 0 0 0 0 0 0 0 0 0 0 0 0 0 0 0 0 0 0 -31.933481 -31.18164 0 0 0 -28.616695 -30.126119 0 0 0 0 0 0 0 0 0 0 0 0 
-39.270061 -29.077412 0 0 -27.517453 -27.38199 0 0 0 -27.55669 -27.328617 0 0 0 -27.577079 -29.417044 0 0 0 0 0 0 0 0 0 0 0 0 0 0 0 0 0 0 0 0 0 0 0 0 0 0 0 0 0 0 0 0 0 0 0 0 0 0 0 0 0 0 0 0 0 0 0 0 0 0 0 0 0 0 0 -31.933481 0 0 0 -28.275963 -28.616695 0 0 0 0 0 0 0 0 0 0 0 0 
-39.26351 -39.26351 0 0 -27.38199 -27.438874 0 0 0 -27.328617 -27.148396 0 0 0 -29.417044 0 0 0 0 0 0 0 0 0 0 0 0 0 0 0 0 0 0 0 0 0 0 0 0 0 0 0 0 0 0 0 0 0 0 0 0 0 0 0 0 0 0 0 0 0 0 0 0 0 0 0 0 0 0 0 0 0 0 0 0 -29.917305 -28.275963 0 0 0 0 0 0 0 0 0 0 0 0 
-34.496527 -28.407423 0 0 -27.438874 -28.423575 0 0 0 -27.148396 -27.039853 0 0 0 0 0 0 0 0 0 0 0 0 0 0 0 0 0 0 0 0 0 0 0 0 0 0 0 0 0 0 0 0 0 0 0 0 0 0 0 0 0 0 0 0 0 0 0 0 0 0 0 0 0 0 0 0 0 0 0 0 0 0 0 0 0 -29.917305 0 0 0 0 0 0 0 0 0 0 0 0 
-30.079979 -27.64034 0 0 -28.423575 -27.558929 -27.1269 0 0 -27.039853 -27.158834 0 0 0 0 0 0 0 0 0 0 0 0 0 0 0 0 0 0 0 0 0 0 0 0 0 0 0 0 0 0 0 0 0 0 0 0 0 0 0 0 0 0 0 0 0 0 0 0 0 0 0 0 0 0 0 0 0 0 0 0 0 0 0 0 0 0 0 0 0 0 0 0 0 0 0 0 0 0 
-27.64034 -29.374482 0 0 0 0 -27.432218 0 0 0 -27.158834 0 0 0 0 0 0 0 0 0 0 0 0 0 0 0 0 0 0 0 0 0 0 0 0 0 0 0 0 0 0 0 0 0 0 0 0 0 0 0 0 0 0 0 0 0 0 0 0 0 0 0 0 0 0 0 0 0 0 0 0 0 0 0 0 0 0 0 0 0 0 0 0 0 0 0 0 0 0 
