NCOLS 89
NROWS 112
XLLCORNER 543650.24
YLLCORNER 4083886.8
CELLSIZE 10
NODATA_VALUE -9999
0 0 0 0 0 0 0 0 0 0 0 0 0 0 0 0 0 0 0 0 0 0 0 0 0 0 0 0 0 0 0 0 0 0 0 0 0 0 27.357689 0 17.445014 0 0 0 0 0 0 0 0 0 0 0 0 0 22.586052 0 0 0 0 0 0 0 0 0 0 0 0 0 0 0 0 0 0 0 0 0 0 0 0 0 0 0 0 0 0 0 0 0 0 
0 0 0 0 0 0 0 0 0 0 0 0 0 0 0 0 0 0 0 0 0 0 0 0 0 0 0 0 0 0 0 0 0 0 0 0 0 0 0 23.642261 0 0 0 0 0 0 0 0 0 0 0 0 0 0 -3.5527137e-15 40.988747 0 0 0.030893136 0 0 0.00056472391 0 0 20.460408 0 0 0 0 0 0 0 0 0 0 0 0 0 0 0 0 0 0 0 0 0 0 0 0 
0 0 0 0 0 0 0 0 0 0 0 0 0 0 0 0 0 0 0 0 0 0 0 0 0 0 0 0 0 0 0 0 0 0 0 0 0 0 0 0 0 0 0 0 0 0 0 0 0 0 0 0 0 0 0 71.99966 0 0 0 0 7.1054274e-15 53.05482 4.1873128 0 0 16.556821 0 0 20.656005 0 0 0 0 0 0 0 0 0 0 0 0 0 0 0 0 0 0 0 0 
0 0 0 0 0 0 0 0 0 0 0 0 0 0 0 0 0 0 0 0 0 0 0 0 0 0 0 0 0 0 0 0 0 6.5168485 0 0 0 0 0 0 0 0 0 0 0 0 0 0 0 0 0 0 0 0 0 79.449308 6.2990506 40.331139 0 3.5527137e-15 228.94509 56.628799 0 16.133424 0 14.18945 1.8082302 0 0 15.440313 0 0 0 0 0 0 0 0 0 0 0 0 0 0 0 0 0 0 0 
0 0 0 0 0 0 0 0 0 0 0 0 0 0 0 0 0 0 0 0 0 0 0 0 0 0 0 0 0 0 0 0 0 49.373572 0 0 0 0 0 0 0 0 0 0 0 0 0 0 0 0 0 0 0 0 0 85.993947 0 0 0 0 54.577593 0 0 0 16.295051 39.028579 0 25.00315 0 68.362403 0 0 0 0 0 0 0 0 0 0 0 0 0 0 0 0 0 0 0 
0 0 0 0 0 0 0 0 0 0 0 0 0 0 0 0 0 0 0 0 0 0 0 0 0 0 0 0 0 0 0 0 0 57.826083 0 0 0 0 0 0 0 0 0 0 0 0 0 0 0 0 0 0 0 0 0.024734892 83.488551 0 0 0 0 1.1698851 0 0 0 0.14530504 0 0 0 35.086706 0 0 0 0 0 0 0 0 0 0 0 0 0 0 0 0 0 0 0 0 
0 0 0 0 0 0 0 0 0 0 0 0 0 0 0 0 0 0 0 0 0 0 0 0 0 0 0 0 0 0 0 0 0 52.356861 0 0 0 0 0 0 0 0 0 0 0 0 0 0 0 0 0 0 0 0 0.004826194 78.162552 0 0 0 0 0 0 0 0 0 0 0 0 0 27.603093 0 0 0 0.026199261 0 0 0 0 0 0 0 0 0 0 0 0 0 0 0 
0 0 0 0 0 0 0 0 0 0 0 0 0 0 0 0 0 0 0 0 0 0 0 0 0 0 0 0 0 0 0 0 0 45.869062 0 0 0 0 0 0 0 0 0 0 0 8.1817323 0 0 0 0 0 0 0 0 0.017304669 66.546819 0 0 0 39.436209 0 0 0 0 0 0 0 0 0 57.789989 0 0 -8.8817842e-16 0 0 28.764519 0 0 0 0 0 0 0 0 0 0 0 0 0 
0 0 0 0 0 0 0 0 0 0 0 0 0 0 0 0 0 0 0 0 0 0 0 0 0 0 0 0 0 0 0 0 0 41.228622 0.0049088705 0 0 0 0 11.825279 0 0 0 0 15.378182 0 45.515795 0 0 0 0 0 0 0 0 58.944165 0 0 0 0 72.687166 0 0 0 0 0 0 0 0 59.551747 0 0 0 0 26.704854 0 0 0 0 0 0 0 0 0 0 0 0 0 0 
0 0 0 0 0 0 0 0 0 0 0 0 0 0 0 0 0 0 0 0 0 0 0 0 0 0 0 0 0 0 0 0 0 55.423645 0 0 0 0 56.82045 0 12.063078 0 0 0 0 0 38.831044 0 0 0 0 0 0 0 0 58.194822 0 0 0 0 82.775159 0 0 0 0 0 0 0 3.5527137e-15 62.638212 0 0 0.75747149 0 0 0 0 0 0 0 0 0 0 0 0 0 0 0 0 
0 0 0 0 0 0 0 0 0 0 0 0 0 0 0 0 0 0 0 0 0 0 0 0 0 0 0 0 0 0 0 0 0 98.077808 -3.5527137e-15 -7.1054274e-15 0 0 62.086484 0 0 0 0 0 0 -3.5527137e-15 49.663144 0 0 0 0 0 0 0 0 57.447329 0 0 0 0 79.416485 0 0 0 0 0 0 0 0.037583794 0 48.635375 0 0 0.60606854 0 0 0 0 0 0 0 0 0 0 0 0 0 0 0 
0 0 0 0 0 0 0 0 0 0 0 0 0 0 0 0 0 0 0 0 0 0 0 0 0 0 0 0 0 0 0 0 0 0 83.21455 -7.1054274e-15 0 0 58.470774 0 0 0 0 0 0 0 63.672041 0 0 0 0 0 0 0 0 53.563602 0 0 0 0 72.441172 0 0 0 0 0 0 0 40.783594 0 0 0 0 0 0 0 0 0 0 0 0 0 0 0 0 0 0 0 0 
0 0 0 0 0 0 0 0 0 0 0 0 0 0 0 0 0 0 0 0 0 0 0 0 0 0 0 0 0 0 0 0 0 0 54.09946 0 0 0 54.776213 -3.5527137e-15 0 0 0 0 0 0 0 0 0 0 0 0 0 0 0 53.207989 0 0 0 7.1054274e-15 65.272869 0 0 0 0 0 0 0 0 0 0 0 0 0 0 0 0 0 0 0 0 0 0 0 0 0 0 0 0 
0 0 0 0 0 0 0 0 0 0 0 0 0 0 0 0 0 0 0 0 0 0 0 0 0 0 0 0 0 0 0 0 0 0 56.143717 3.5527137e-15 0 0 56.484408 0 0 0 0 0 0 0 0 0 0 0 39.074975 0 0 0 0 54.647419 0 0 0 0 60.127712 0 0 0 0 0 0 0 0 0 0 0 0 0 0 0 0 0 0 0 0 0 0 0 0 0 0 0 0 
0 0 0 0 0 0 0 0 0 0 0 0 0 0 0 0 0 0 0 0 0 0 0 0 0 0 0 0 0 0 0 0 0 0 65.37293 0.0074957282 0 0 63.017812 0 0 0 0 0 0 0 35.234118 0 0 0 0 64.757703 0 0 0 0.010388848 93.019793 0 0 0 56.587355 0 0 0 0 0 0 0 0 0 0 0 0 0 0 0 0 0 0 0 0 0 0 0 0 0 0 0 0 
0 0 0 0 0 0 0 0 0 0 0 0 0 0 0 0 0 0 0 0 0 0 0 0 0 0 0 0 0 0 0 0 0 0 67.994326 0.0081071573 0 0 60.564978 3.5527137e-15 0 0 0 0 0 0 56.854139 0 0 0 0 58.3043 0 0 0 -3.5527137e-15 72.851805 0 0 0 52.323205 0 0 0 0 0 0 0 0 0 0 0 0 0 0 0 0 0 0 0 0 0 0 0 0 0 0.58698798 0 0 
0 0 0 0 0 0 0 0 0 0 0 0 0 0 0 0 0 0 0 0 0 0 0 0 0 0 0 0 0 0 0 0 0 0 62.939689 3.5527137e-15 0 20.76324 63.02059 -3.5527137e-15 -3.5527137e-15 0 0 0 0 0 55.761064 0 0 0 3.5527137e-15 52.794087 0 0 0 0 35.874929 0 0 -3.5527137e-15 50.079129 0 0 0 0 0 0 0 0 0 0 0 0 0 0 0 0 0 0 0 0 0 0 0 0 0 39.424085 0.019801885 0 
0 0 0 0 0 0 0 0 0 0 0 0 0 0 0 0 0 0 0 0 0 0 0 0 0 0 0 0 0 0 0 0 0 0 58.167962 -3.5527137e-15 0 84.797781 0.03915245 0 0 0 0 0 0 0 69.539703 0 0 0 7.1054274e-15 57.159544 0 0 0 0 21.964363 35.32551 0 3.5527137e-15 56.516635 0 0 0 0 0 0 0 0 0 0 0 0 0 0 0 0 0 0 0 0 0 0 0 0 0 64.815671 0 0 
0 0 0 0 0 0 0 0 0 0 0 0 0 0 0 0 0 0 0 0 0 0 0 0 0 0 0 0 0 4.5006325 0 0 0 0 54.076291 0 0 67.412478 0 0 0 0 0 0 0 0 44.43566 0 0 0 0.0020027167 66.580335 0 11.057208 0 -3.5527137e-15 24.704951 85.044452 0 3.5527137e-15 76.270865 0 0 0 0 0 0 0 0 0 0 0 0 0 0 0 0 0 0 0 0 0 0 0 0 0 0 39.988405 0 
0 0 0 0 0 0 0 0 0 0 0 0 0 0 0 0 0 0 0 0 0 0 0 0 0 0 0 0 0 54.206074 0 0 0 0 52.611193 0 0 79.872797 0 3.5527137e-15 0 0 0 0 0 0 40.461516 0 0 0 0.0037769261 69.10077 0 0 0 0 102.24513 0 0 -4.4408921e-16 13.962284 0 0 0 0 0 0 0 0 0 0 0 0 0 0 0 0 0 0 0 0 0 0 0 0 0 0 0 0 
0 0 0 0 0 0 0 0 0 0 0 0 0 0 0 0 0 0 0 0 0 0 0 0 0 0 0 0 0 84.162941 0 0 0 0 54.720376 0 3.5527137e-15 0 38.21092 0 0 0 0 0 0 0.031470483 70.006202 0 0 0 0 61.166598 0 0 0 0 61.10738 0 0 35.287628 0.7843627 0 0 0 0 0 0 0 0 0 0 0 0 0 0 0 0 0 0 0 0 0 0 0 0 0 0 0 0 
0 0 0 0 0 0 0 0 0 0 0 0 0 0 0 0 0 0 0 0 0 0 0 0 0 0 0 0 0 68.392939 3.5527137e-15 0 0 0 55.791497 0 0 0 0 0 0 0 0 0 0 0 52.896713 0 0 0 0 53.894795 0 0 0 0.026865545 50.583025 0 0 0 57.455553 0 0 0 0 0 0 0 0 0 0 0 0 0 0 0 0 0 0 0 0 0 0 0 0 0 0 0 0 
0 0 0 0 0 0 0 0 0 0 0 0 0 0 0 0 0 0 0 0 0 0 0 0 0 0 0 0 0 56.492315 -3.5527137e-15 0 0 0 55.943714 0 0 0 0 0 0 0 0 0 0 0 51.978491 0 0 0 -3.5527137e-15 0 0 0 3.5527137e-15 0 62.993258 0 0 -3.5527137e-15 55.439063 0 0 0 0 0 0 0 0 0 0 0 0 0 0 0 0 0 0 0 0 0 0 0 0 0 0 0 0 
0 0 0 0 0 0 0 0 0 0 0 0 0 0 0 0 0 0 0 0 0 0 0 0 0 0 0 0 0 56.21733 0 0 0 0 59.483075 0 0 0 0 0 0 0 0 0 0 0 58.088958 0 0 0 0 -3.5527137e-15 0 -3.5527137e-15 -3.5527137e-15 3.5527137e-15 84.673819 0 0 0 50.957825 0 0 0 0 0 0 0 0 0 0 0 0 0 0 0 0 0 0 0 0 0 0 0 0 0 0 0 0 
0 0 0 0 0 0 0 0 0 0 0 0 0 0 0 0 0 0 0 0 0 0 0 0 0 0 0 0 0 58.516129 -3.5527137e-15 0 0 0 60.228338 0 0 0 0 0 0 0 0 0 0 0 70.962362 0 0 0 0 53.125391 0.0061386751 0.053799774 0.035340954 0 150.02193 0 6.3211198 0 41.647455 0 0 0 0 0 0 0 0 0 0 0 0 0 0 0 0 0 0 0 0 0 0 0 0 0 0 0 0 
0 0 0 0 0 0 0 0 0 0 0 0 0 0 0 0 0 0 0 0 0 0 0 0 0 0 0 0 0 60.031993 0 0 0 0 59.4047 0 0 0 0 0 0 0 0 0 6.4739249 0 54.541752 0 0 0 0.008226523 58.634445 0 0 0 0.059625251 140.73448 0 0 0 -8.8817842e-16 22.001894 0 0 0 0 0 0 0 0 0 0 0 0 0 0 0 0 0 0 0 0 0 0 0 0 0 0 0 
0 0 0 0 0 0 0 0 0 0 0 0 0 0 0 0 0 0 0 0 0 0 0 0 0 0 0 0 0 60.969876 -3.5527137e-15 0 0 0 75.2585 0 0 0 0 0 0 0 0 0 0 3.1444001 0 0 0 0 0.026438442 86.566797 0 47.30376 0 0.0077402934 70.918015 0 0 0 0 70.393545 0 0 0 0 0 0 0 0 0 0 0 0 0 0 0 0 0 0 0 0 0 0 0 0 0 0 0 
0 0 0 0 0 0 0 0 0 0 0 0 0 0 0 0 0 0 0 0 0 0 0 0 0 0 0 0 0 61.225812 0 0 0 0 80.287887 0 0 0 0 0 0 0 0 0 0 0 0 0 0 0 0 61.379585 7.865027 0 0 0 53.178757 0 0 0 0.034776312 68.713716 0 0 0 0 0 0 0 0 0 0 0 0 0 0 0 0 0 0 0 0 0 0 0 0 0 0 0 
0 0 0 0 0 0 0 0 0 0 0 0 0 0 0 0 0 0 0 0 0 0 0 0 0 0 0 0 0 59.782045 7.1054274e-15 0 0 0 30.608454 0 0 0 0 0 0 0 0 0 0 0 0 0 0 0 0 68.365929 0 0 0 0.034488945 52.286999 0 0 0 -3.5527137e-15 55.761956 0 0 0 0 0 0 0 0 0 0 0 0 0 0 0 0 0 0 0 0 0 0 0 0 0 0 0 
0 0 0 0 0 0 0 0 0 0 0 0 0 0 0 0 0 0 0 0 0 0 0 0 0 0 0 0 0 57.237506 0 0 0 0 0 0 0 0 0 0 0 0 0 0 0 0 0 0 0 0 0.037061308 68.296413 0 0 0 0.017675601 54.435705 0 0 0 -3.5527137e-15 53.619857 0 0 0 0 0 0 0 0 0 0 0 0 0 0 0 0 0 0 0 0 0 0 0 0 0 0 0 
0 0 0 0 0 0 0 0 0 0 0 0 0 0 0 0 0 0 0 0 0 0 0 0 0 0 0 0 0 57.371195 0 0 0 0 0 0 0 0 0 0 0 0 0 0 0 0 0 0 0 0 40.498933 0 0 0 0 0.012869837 54.328444 0 0 0 3.5527137e-15 53.340814 0 0 0 0 0 0 0 0 0 0 0 0 0 0 0 0 0 0 0 0 0 0 0 0 0 0 0 
0 0 0 0 0 0 0 0 0 0 0 0 0 0 0 0 0 0 0 0 0 0 0 0 0 0 0 0 0 56.559272 0 0 0 0 0 0 0 0 0 0 0 0 0 0 0 0 0 0 0 0 0 0 0 0 0.014466314 0 54.398534 0 0 0 0 58.023378 0 0 0 0 0 0 0 0 0 0 0 0 0 0 0 0 0 0 0 0 0 0 0 0 0 0 0 
0 0 0 0 0 0 0 0 0 0 0 0 0 0 0 0 0 0 0 0 0 0 0 0 0 0 0 0 0 46.819744 -3.5527137e-15 0 0 0 0 0 0 0 0 0 0 0 0 0 0 0 0 0 0 0 0 0 0 0 0 0 54.321809 0 0 0 0 71.05363 0 0 0 0 0 0 0 0 0 0 0 0 0 0 0 0 0 0 0 0 0 0 0 0 0 0 0 
0 0 0 0 0 0 0 0 0 0 0 0 0 0 0 0 0 0 0 0 0 0 0 0 0 0 0 0 0 63.308282 -3.5527137e-15 0.039414014 0 0 0 0 0 0 0 0 0 0 0 0 0 0 0 0 0 0 0 34.547685 0 0 0 0 51.515671 0 0 0 0.00017395451 41.37279 0 0 0 0 0 0 0 0 0 0 0 0 0 0 0 0 0 0 0 0 0 0 0 0 0 0 0 
0 0 0 0 0 0 0 0 0 0 0 0 0 0 0 0 0 0 0 0 0 0 0 0 0 2.1202908 0 0 0 89.870379 0 0 0 0 0 0 0 0 0 0 0 0 0 0 0 0 0 0 0 0 0 55.13468 0 0 0 -3.5527137e-15 49.659698 0 0 0 0 0.39226044 0 0 0 0 0 0 0 0 0 0 0 0 0 0 0 0 0 0 0 0 0 0 0 0 0 0 0 
0 0 0 0 0 0 0 0 0 0 0 0 0 0 0 0 0 0 0 0 0 0 0 0 0 47.851324 0.025617208 0 0 0 53.88458 3.5527137e-15 0 0 0 0 0 0 0 0 0 0 0 0 0 0 0 0 0 0 0 0 0 7.1054274e-15 0 0.033427885 96.352823 0 0 0 0 0 0 0 0 0 0 0 0 0 0 0 0 0 0 0 0 0 0 0 0 0 0 0 0 0 0 0 0 
0 0 0 0 0 0 0 0 0 0 0 0 0 0 0 0 0 0 0 0 0 0 0 0 0 75.355135 0 0 0 0 57.156044 0 0 0 0 0 0 0 0 0 0 0 0 0 0 0 0 0 0 0 0 0 -3.5527137e-15 7.1054274e-15 3.5527137e-15 7.1054274e-15 115.10457 0 0 0 0 0 0 0 0 0 0 0 0 0 0 0 0 0 0 32.110197 0 0 0 0 0 0 0 0 0 0 0 0 0 
0 0 0 0 0 0 0 0 0 0 0 0 0 0 0 0 0 0 0 0 0 0 0 0 0 65.88414 -7.1054274e-15 0 0 0 56.816557 0 0 0 0 0 0 0 0 0 0 0 0 0 0 0 0 0 0 0 0 0 0 0.056205585 0.039737671 7.1054274e-15 113.02686 0 0 0 0 0 0 0 0 0 0 0 0 0 0 0 0 0 0 55.591411 0 0 0 0 0 0 0 0 0 0 0 0 0 
0 0 0 0 0 0 0 0 0 0 0 0 0 0 0 0 0 0 0 0 0 0 0 0 0 36.458204 0 0 0 0 53.17389 -3.5527137e-15 0 0 0 0 0 0 0 0 0 0 0 0 0 0 0 0 0 0 0.027133221 0.0072785217 0.048323813 7.1054274e-15 3.5527137e-15 -7.1054274e-15 133.30489 0 0 0 0 0 0 0 0 0 0 0 0 0 0 0 0 0 0 55.463478 0 0 0 0 0 0 0 0 0 0 31.482424 0 0 
0 0 0 0 0 0 0 0 0 0 0 0 0 0 0 0 0 0 0 0 0 0 0 0 0 36.824638 -7.1054274e-15 0 0 0 60.480738 3.5527137e-15 0 0 0 0 0 0 0 0 0 0 0 0 0 0 0 0 0 0 0 0.038396554 103.95815 0.040144894 7.1054274e-15 -7.1054274e-15 229.54765 0 0 0 0 0 0 0 0 24.566336 0 0 0 0 0 0 0 0 0 58.740934 0 0 0 0 0 0 0 0 0 0 31.116173 0 0 
0 0 0 0 0 0 0 0 0 0 0 0 0 0 0 0 0 0 0 0 0 0 0 0 0 62.377644 0 0 0 0 62.505833 -3.5527137e-15 0 0 0 0 0 0 0 0 0 0 0 0 0 0 0 0 0 0 0 0 56.385122 7.170632 0 0.03792053 209.33029 0 0 0 0 0 0 0 0 0 30.773092 0 0 30.935704 0 0 0 0 0 59.218981 0 0 0 0 0 0 0 0 0 0 38.659929 0 0 
0 0 0 0 0 0 0 0 0 0 0 0 0 0 0 0 0 0 0 0 0 0 0 0 0 63.330257 0 0 0 0 57.768908 -3.5527137e-15 0 0 0 0 0 0 0 0 0 0 0 0 0 0 0 0 0 0 0 0 54.205426 23.593345 0 0 81.896435 0 0 0 0 0 0 0 0 -7.1054274e-15 0 34.631789 0 0 44.509392 0 0 0 0 54.638427 0 0 0 0 0 0 0 0 0 0 0 11.937984 0 
0 0 0 0 0 0 0 0 0 0 0 0 0 0 0 0 0 0 0 0 0 0 0 0 0 59.714029 -3.5527137e-15 0 0 0 57.684592 0 0 0 0 0 0 0 0 0 0 0 0 0 0 0 0 0 0 0 0 3.5527137e-15 54.467958 0 0 -3.5527137e-15 55.138882 0 0 0 0 0 0 0 0 0 96.875356 0 0 0 60.10371 0 0 0 0 53.582807 0 0 0 0 0 0 0 0 0 0 0 0 0 
0 0 0 0 0 0 0 0 0 0 0 0 0 0 0 0 0 0 0 0 0 0 0 0 0 58.878783 0 0 0 0 55.251698 3.5527137e-15 0 0 0 0 0 0 0 0 0 0 0 0 0 0 0 0 0 0 0 0.017774508 52.289164 8.4493495 0 0 55.528695 0 0 0 0 0 0 0 0 0 62.986808 0 0 0 12.927929 0 0 0 0 50.821302 0 0 0 0 0 0 0 0 0 0 0 0 0 
0 0 0 0 0 0 0 0 0 0 0 0 0 0 0 0 0 0 0 0 0 0 0 0 0 75.161809 -3.5527137e-15 0 0 7.1920879 77.558547 0 0 0 0 0 0 0 0 0 0 0 0 0 0 0 0 0 0 0 0 0 47.243185 0 0 0.031676637 52.797885 0 0 0 0 0 0 0 0 0 53.584062 0 0 0 0 0 0 0 0 14.09093 0 0 0 0 0 0 0 0 0 0 0 0 0 
0 0 0 0 0 0 0 0 0 0 0 12.034546 0 0 0 0 0 0 0 0 0 0 0 0 0 132.12024 1.4210855e-14 -3.5527137e-15 48.351706 136.58875 -7.1054274e-15 3.5527137e-15 0 0 0 0 0 0 0 0 0 0 0 0 0 0 0 0 0 0 0 0 48.394582 0 0 0 47.090928 0 0 0 29.401265 0 0 0 0 0 41.068992 0 0 0 27.628208 0 0 0 0 0 0 0 0 0 0 0 0 0 0 0 0 1.5585316 0 
0 0 0 0 0 0 0 0 0 0 0 67.490254 0 0 0 0 0 0 0 0 0 0 0 0 0 151.4523 -7.1054274e-15 0 14.291608 -7.1054274e-15 3.5527137e-15 0 0 0 0 0 0 0 0 0 0 0 0 0 0 0 0 0 0 0 0 3.5527137e-15 0 0 0 -3.5527137e-15 77.239709 0 0 0 0 42.363778 0 0 0 25.981568 4.8597956 0 0 0 0 29.575203 0 0 0 0 0 0 0 0 0 0 0 0 0 0 40.421618 0 3.1328019 
0 0 0 0 0 0 0 7.2739464 0 0 0 58.55739 0 0 0 0 0 0 0 0 0 0 0 0 0 115.62144 0 3.5527137e-15 0 13.573164 0 0 0 0 0 0 0 0 0 0 0 0 0 0 0 0 0 0 0 0 0 0 0 0.0094279288 0 0 118.09584 0 0 0 0 55.934035 0 0 0 0 36.762752 0 0 0 24.453168 2.8933429 0 0 0 0 0 0 0 0 0 0 0 0 0 0 63.766068 0 0 
0 0 0 0 0 0 54.800229 0 7.7523258 0 0 55.800817 0 0 0 0 0 0 0 0 0 0 0 0 0 85.468548 0 3.5527137e-15 3.5527137e-15 0 0 0 0 0 0 0 0 0 0 0 0 0 0 0 0 0 0 0 0 0 0 0 67.222904 0 0 0.026356896 124.54219 0 0 0 3.5527137e-15 63.637365 0 0 0 0 60.458065 0 0 0 0 26.144428 0 0 0 0 0 0 0 0 0 0 0 0 0 0 52.008962 0 0 
0 0 1.2940981 0 0 0 78.312251 -7.1054274e-15 0 0 0 41.140035 0 0 0 0 0 0 0 0 0 0 0 0 43.383938 15.894071 3.5527137e-15 0 0 0 0 0 0 0 0 0 0 0 0 0 0 0 0 0 0 0 0 0 0 0 0 0 57.502802 0 0 0.11382805 0.00052004376 138.55565 0 0 0 48.318189 0 0 9.9989572 0 59.78815 0 0 0 0 48.76394 0 0 0 0 0 0 0 0 0 0 0 0 0 0 43.460417 0 0 
0 0 41.203438 0.027189622 0 0 76.528747 7.1054274e-15 -7.1054274e-15 0 0 0 28.249185 0 0 0 0 0 0 0 0 0 0 0 43.717653 -7.1054274e-15 0 0 0 0 0 0 0 0 0 0 0 0 0 0 0 0 0 0 0 0 0 0 0 0 0 0 61.852099 0 0.014795732 0 0.021434921 97.210764 0 0 0 3.628796 0 0 0 7.2028163 0 0 0 0 7.1054274e-15 59.056255 0 0 0 0 0 0 0 0 0 0 0 0 0 0 25.92439 0 13.510814 
0 0 37.485716 0 0 0 63.125085 0.038508754 0 0 0 0 0 0 0 0 0 0 0 0 0 0 0 0 26.82742 0 3.5527137e-15 3.5527137e-15 0 0 0 0 0 0 0 0 0 0 0 0 0 0 0 0 0 0 0 0 0 0 0 0.026490067 53.812397 0 39.151237 0 0 55.491572 0 0 0 0 0 0 0 0 6.123129 0 0 0 -3.5527137e-15 102.41935 0 0 0 0 0 0 0 0 0 0 0 0 0 0 0 27.615094 0 
0 0 43.057814 0.0035326279 0 0 0 40.493072 0 0 0 0 0 0 0 0 0 0 0 0 0 0 0 0 0 25.424104 0 0 0 0 0 0 0 0 0 0 0 0 0 0 0 0 0 0 0 0 0 0 0 0 0 0.015543698 52.417883 0 0 0 0 54.689726 0 0 0 0 0 0 0 0 50.790867 0 0 0 3.5527137e-15 82.35966 0 0 0 0 0 0 0 0 0 0 0 0 0 0 0 0 0 
0 0 79.101506 0.011534092 0 0 0 37.449238 -3.5527137e-15 0 0 0 0 0 0 0 0 0 0 0 0 0 0 0 0 0 0 0 0 0 0 0 0 0 0 0 0 0 0 0 0 0 0 0 0 0 0 0 0 0 0 0 52.55687 0 0 0 0.024562617 58.819264 0 0 0 0 0 0 0 0 69.935874 0 0 0 0 47.359416 0 0 0 0 0 0 0 0 0 0 0 0 0 0 0 0 0 
0 0 80.594348 0 0 0 0 60.702732 0 0 0 0 0 0 0 0 0 0 0 0 0 5.7780756 0 0 0 0 0 0 0 0 0 0 0 0 0 0 0 0 0 0 0 0 0 0 0 0 0 0 0 0 0 0 55.615833 0 0 0 0.010760078 62.27353 0 0 0 0 0 0 0 0 63.714015 0 0 0 0 55.000553 0 0 0 0 0 0 0 0 0 0 0 0 0 0 0 0 0 
0 0 72.929587 0 0 0 0 62.761781 0 0 0 0 0 0 0 0 0 0 0 0 0 39.693676 3.5527137e-15 0 0 0 0 0 0 0 0 0 0 0 0 0 0 0 0 0 0 0 0 0 0 0 0 0 0 0 0 0 56.502762 0 0 0 0.0072585515 69.977606 0 0 0 0 0 0 0 0 37.353673 0 0 0 0 56.425473 0 0 0 0 0 0 0 0 0 0 0.66859551 0 0 0 0 0 0 
0 0 59.551475 0.011164621 0 0 0 63.165912 0.0016348447 0 0 0 0 0 0 0 0 0 0 0 0 55.666543 0 0 0 0 0 0 0 0 0 0 0 0 0 0 0 0 0 0 0 0 0 0 0 0 0 0 0 0 0 3.5527137e-15 56.127788 0 0 0 0.0044430195 77.880932 0 0 0 0 0 0 0 0 0 0 0 0 0 57.059014 0 0 0 0 0 0 0 0 0 0 41.221089 0.0030791998 0 0 0 0 0 
0 0 52.742114 0 0 0 0 64.222086 0 0 0 0 0 0 0 0 0 0 0 0 0 53.864298 3.5527137e-15 0 0 0 0 0 0 0 0 0 0 0 0 0 0 0 0 0 0 0 0 0 0 0 0 0 0 0 0 0 56.212905 0 0 0 0 80.270313 0 0 0 0 0 0 0 0 0 0 0 0 0 66.307976 0 0 0 0 0 0 0 0 0 0 58.580604 0 0 0 0 0 0 
0 0 52.346595 0 0 0 0 61.845471 0.032314299 0 0 0 0 0 0 0 0 0 0 0 0 50.813248 0 0 0 0 0 0 0 0 0 0 0 0 0 0 0 0 0 0 0 0 0 0 0 0 0 0 0 0 0 3.5527137e-15 56.382249 0 0 0 40.711367 0 0 0 0 0 0 0 0 0 0 0 0 0 0 63.271025 0 0 0 0 0 0 0 0 0 0 54.535372 0 0 0 0 0 0 
0 0 53.900293 -3.5527137e-15 0 0 0 57.22912 0 0 0 0 0 0 0 0 0 0 0 0 0 50.858121 -3.5527137e-15 0 0 0 0 0 0 0 0 0 0 0 0 0 0 0 0 0 0 0 0 0 0 0 0 0 0 0 0 0 58.356607 0 0 0 0 0.39276851 0 0 0 0 0 0 0 0 0 0 0 0 36.339258 0 0 0 0 0 0 0 0 0 0 0 52.874329 0.028047372 0 0 0 0 0 
0 0 56.580558 0 0 0 0 54.185077 0 0 0 0 0 0 0 0 0 0 0 0 0 51.895341 0 0 0 0 0 0 0 0 0 0 0 0 0 0 0 0 0 0 0 0 0 0 0 0 0 0 0 0 0 0 63.308677 0 0 0 0 0 0 0 0 0 0 0 0 0 0 0 0 0 0 0 0 0 0 0 0 0 0 0 0 0 53.610692 0 0 0 0 0 0 
0 0 68.938398 0 0 0 0 55.859972 0 0 0 0 0 0 0 0 0 0 0 0 0 53.837252 0.027549384 0 0 0 0 0 0 0 0 0 0 0 0 0 0 0 0 0 0 0 0 0 0 0 0 0 0 0 0 0 72.96099 0 0 0 0 0 0 0 0 0 0 0 0 0 0 0 0 0 0 0 0 0 0 0 0 0 0 0 0 0 54.139193 0 0 0 0 0 0 
0 0 52.253817 0 0 0 0 59.42188 3.5527137e-15 0 0 0 0 0 0 0 0 0 0 0 0 55.071622 0 0 0 0 0 0 0 0 0 0 0 0 0 0 0 0 0 0 0 0 0 0 0 0 0 0 0 0 0 0 55.800474 0 0 0 39.325726 0 0 0 0 0 0 0 0 0 0 0 0 0 0 0 0 0 0 0 0 0 0 0 0 0 53.575472 0 0 0 0 0 0 
0 0 2.1730606 0 0 0 0 63.71783 0.0022118068 0 0 0 0 0 0 0 0 0 0 0 0 52.854907 -3.5527137e-15 0 0 0 0 0 0 0 0 0 0 0 0 0 0 0 0 0 0 0 0 0 0 0 0 0 40.184121 0 0 0 4.8063702 0 0 0 0 68.187271 0 0 0 0 0 0 0 0 0 0 0 0 0 0 0 0 0 0 0 0 0 0 0 0 51.664884 0 0 0 0 0 0 
0 0 0 34.345287 0 0 0 68.590666 0.0073110497 0 0 0 0 0 0 0 0 0 0 0 0 53.004041 0 0 0 0 0 0 0 0 0 0 0 0 0 0 0 0 0 0 0 0 0 0 0 0 0 0 46.75418 0 0 0 0 0 0 0 0 63.596991 0 0 0 0 0 0 0 0 0 0 0 0 0 0 0 0 0 0 0 0 0 0 0 0 51.024137 -3.5527137e-15 0 0 0 0 0 
0 0 57.408708 -7.1054274e-15 0 0 0 58.806349 0 0 0 0 0 0 0 0 0 0 0 0 0 44.503369 0 0 0 0 0 0 0 0 0 0 0 0 0 0 0 0 0 0 0 0 0 0 0 16.962838 0 -3.5527137e-15 62.160967 0 0 0 0 0 0 0 0 63.004636 0 0 0 0 0 0 0 0 0 0 0 0 0 0 0 0 0 0 0 0 0 0 0 0 54.666501 0 0 0 0 0 0 
0 0 54.506125 3.5527137e-15 0 0 0 55.647371 0.03866788 0 0 0 0 0 0 0 0 0 0 0 0 6.1663604 0 0 0 0 0 0 0 0 0 0 0 0 0 0 0 0 0 0 0 0 0 0 0 0 0 0 69.220206 0 0 32.375213 0 0 0 0 0 66.108724 0 0 0 0 0 0 0 0 0 0 0 0 0 0 0 0 0 0 0 0 0 0 0 0 42.825325 0 0 0 0 0 0 
0 0 63.607706 0.0059723867 0 0 0 59.21979 -3.5527137e-15 0 0 0 0 0 0 0 0 0 0 0 0 0 0 0 0 0 0 0 0 0 0 0 0 0 0 0 0 0 0 0 0 0 0 0 0 0 0 18.096755 0 0 0 0 54.330421 0 0 0 -7.1054274e-15 66.775327 0 0 0 0 0 0 0 0 0 0 0 0 0 0 0 0 0 0 0 0 0 0 0 0 5.7933888 0 0 0 0 0 0 
0 0 64.739191 0.031307836 0 0 0 57.129777 0 0 0 0 0 0 0 0 0 0 0 0 0 0 0 0 0 0 0 0 0 0 0 0 0 0 0 0 0 0 0 0 0 0 0 0 0 0 0 0 0 0 0 0 67.270373 0 0 0 7.1054274e-15 70.55779 0 0 0 0 0 0 0 0 0 0 0 0 0 0 0 0 0 0 0 0 0 0 0 0 0 0 0 0 0 0 0 
0 0 58.425149 -3.5527137e-15 0 0 0 57.001547 0.0058700788 0 0 0 0 0 0 0 0 0 0 0 0 0 0 0 0 0 0 0 0 0 0 0 0 0 0 0 0 0 0 0 0 0 0 0 0 0 0 0 0 0 0 0 10.426486 0 0 0 0 57.413339 0 0 0 0 0 0 0 0 0 0 0 0 0 0 0 0 0 0 0 0 0 0 0 0 0 0 0 0 0 0 0 
0 0 54.825627 -3.5527137e-15 0 0 0 67.352375 8.720523e-05 0 0 0 0 0 0 0 0 0 0 0 0 0 0 0 0 0 0 0 0 0 0 0 0 0 0 0 0 0 0 0 0 0 0 24.485349 0 0 0 0 0 0 0 0 0 0 0 0 0 6.7368243 0 0 0 0 0 0 0 0 0 0 0 0 0 0 0 0 0 0 0 0 0 0 0 0 0 0 0 0 0 0 0 
0 0 72.975734 -7.1054274e-15 0 0 0 64.747836 0.01487841 0 0 0 0 0 0 0 0 0 0 0 0 0 0 0 0 0 0 0 0 0 0 0 0 0 0 0 0 0 0 0 0 0 0 0 26.452518 0 0 0 0 0 0 0 0 0 0 0 0 0 0 0 0 0 0 0 0 0 0 0 0 0 0 0 0 0 0 0 0 0 0 0 0 0 0 0 0 0 0 0 0 
0 0 73.277553 0 0 0 0 71.339005 0 0 0 0 0 0 0 0 0 0 0 0 0 0 0 0 0 0 0 0 0 0 0 0 0 0 0 0 0 0 0 0 0 0 0 32.871433 3.3935146 0 0 0 0 0 0 0 0 0 0 0 0 0 0 0 0 0 0 0 0 0 0 0 0 0 0 0 0 0 0 0 0 0 0 0 0 0 0 0 0 0 0 0 0 
0 0 55.262534 -3.5527137e-15 0 0 0 74.037084 0 0 0 0 0 0 0 0 0 0 0 0 0 0 0 0 0 0 0 0 0 0 0 0 0 0 0 0 0 0 0 0 0 0 0 75.561759 0 0 0 0 0 0 0 0 0 0 0 0 0 0 0 0 0 0 0 0 0 0 0 0 0 0 0 0 0 0 0 0 0 0 0 0 0 0 0 0 0 0 0 0 0 
0 0 51.541439 0 0 0 0 68.740506 0.016055569 0 0 0 0 0 0 0 0 0 0 0 0 0 0 0 0 0 0 0 0 0 0 0 0 0 0 0 0 0 0 0 0 0 3.5527137e-15 56.572091 0 0 0 0 0 0 0 0 0 0 0 0 0 0 0 0 0 0 0 0 0 0 0 0 0 0 0 0 0 0 0 0 0 0 0 0 0 0 0 0 0 0 0 0 0 
0 0 50.103952 0 0 0 0 0 40.656772 0 0 0 0 0 0 0 0 0 0 0 0 0 0 0 0 0 0 0 0 0 0 0 0 0 0 0 0 0 0 0 25.383073 11.346268 0 54.512342 0 0 0 0 0 0 0 0 0 0 0 0 0 0 0 0 0 0 0 0 0 0 0 0 0 0 0 0 0 0 0 0 0 0 0 0 0 0 0 0 0 0 0 0 0 
0 0 68.374353 0 0 0 0 0 40.226961 0 0 0 0 0 0 0 0 0 0 0 0 0 0 0 0 0 0 0 0 0 0 0 0 0 0 0 0 0 0 37.143526 0 22.19661 10.887112 0 0 0 0 0 0 0 0 0 0 0 0 0 0 0 0 0 0 0 0 0 0 0 0 0 0 0 0 0 0 0 0 0 0 0 0 0 0 0 0 0 0 0 0 0 0 
0 0 68.40582 3.5527137e-15 0 0 0 64.043335 0 0 0 0 0 0 0 0 0 0 0 0 0 0 0 0 0 0 0 0 0 0 0 0 0 0 0 0 0 0 0 0 74.300047 0 0 0 0 0 0 0 0 0 0 0 0 0 0 0 0 0 0 0 0 0 0 0 0 0 0 0 0 0 0 0 0 0 0 0 0 0 0 0 0 0 0 0 0 0 0 0 0 
0 0 0 74.453188 0 0 0 56.051003 -3.5527137e-15 0 0 0 31.858385 0 0 0 0 0 0 0 0 0 0 0 0 0 0 0 0 0 0 0 0 0 0 0 0 0 0 24.577585 78.160367 0 0 0 0 0 0 0 0 0 0 0 0 0 0 0 0 0 0 0 0 0 0 0 0 0 0 0 0 0 0 0 0 0 0 0 0 0 0 0 0 0 0 0 0 0 0 0 0 
0 0 0 52.603405 0 0 0 56.180059 0 0 0 0 53.601643 0 0 0 0 0 0 0 0 0 0 0 0 0 0 0 0 0 0 0 0 0 0 0 0 0 0 42.292471 0 0 0 0 0 0 0 0 0 0 0 0 0 0 0 0 0 0 0 0 0 0 0 0 0 0 0 0 0 0 0 0 0 0 0 0 0 0 0 0 0 0 0 0 0 0 0 0 0 
0 0 0 67.834782 -3.5527137e-15 0 0 45.183929 0 0 0 0 57.686571 0 0 0 0 0 0 0 0 0 0 0 0 0 0 0 0 0 0 0 0 0 0 0 0 0 0 47.039365 0 0 0 0 0 0 0 0 0 0 0 0 0 0 0 0 0 0 0 0 0 0 0 0 0 0 0 0 0 0 0 0 0 0 0 0 0 0 0 0 0 0 0 0 0 0 0 0 0 
0 0 0 75.007742 3.5527137e-15 0 0 52.564897 0 0 0 0 65.885898 0.006319602 0 0 0 0 0 0 0 0 0 0 0 0 0 0 0 0 0 0 0 0 0 0 0 0 0 55.125864 0 0 0 0 0 0 0 0 0 0 0 0 0 0 0 0 0 0 0 0 0 33.095953 0 0 0 0 0 0 0 0 0 0 0 0 0 0 0 0 0 0 0 0 0 0 0 0 0 0 0 
0 0 0 57.410466 0 0 0 63.280839 3.5527137e-15 0 0 0 71.638911 0.027329707 0 0 0 0 0 0 0 0 0 0 0 0 0 0 0 0 0 0 0 0 0 0 0 0 0 56.728008 0 0 0 0 0 0 0 0 0 0 0 0 0 0 0 0 0 0 0 0 7.9758648 0 36.528786 0 0 0 0 0 0 0 0 0 0 0 0 0 0 0 0 0 0 0 0 0 0 0 0 0 0 
0 0 0 56.03801 3.5527137e-15 0 0 58.36296 -3.5527137e-15 0 0 0 29.538288 0 0 0 0 0 0 0 0 0 0 0 0 0 0 0 0 0 0 0 0 0 0 0 0 0 -3.5527137e-15 44.219511 0 0 0 0 0 0 0 0 0 0 0 0 0 0 0 0 0 0 0 0 0 4.5430324 0 0 0 0 0 0 0 0 0 0 0 0 0 0 0 0 0 0 0 0 0 0 0 0 0 0 0 
0 0 0 54.921844 0 0 0 66.469121 0 0 0 0 0 0 0 0 0 0 0 0 0 0 0 0 0 0 0 0 0 0 0 0 0 0 0 0 0 0 0 7.9944898 0 0 0 0 0 0 0 0 0 0 0 0 0 0 0 0 0 0 0 0 0 0 0 0 0 0 0 0 0 0 0 0 0 0 0 0 0 0 0 0 0 0 0 0 0 0 0 0 0 
0 0 0 55.860007 3.5527137e-15 0 0 70.190737 0 0 0 0 0 0 0 0 0 0 0 0 0 0 0 0 0 0 0 0 0 0 0 0 0 0 0 0 0 0 0 0 0 0 0 0 0 0 0 0 0 0 0 0 0 0 0 0 0 0 0 0 0 0 0 0 0 0 0 0 0 0 0 0 0 0 0 0 0 0 0 0 0 0 0 0 0 0 0 0 0 
0 0 0 59.418719 0 0 0 0.26260648 0 0.0031463689 0 0 0 0 0 0 0 0 0 0 0 0 0 0 0 0 0 0 0 0 0 0 0 0 0 0 0 0 0 0 0 0 0 0 0 0 0 0 0 0 0 0 0 0 0 0 0 0 0 0 0 0 0 0 0 0 0 0 0 0 0 0 0 0 0 0 0 0 0 0 0 0 0 0 0 0 0 0 0 
0 0 0 60.652883 3.5527137e-15 -3.5527137e-15 0 0 115.81251 0 0 0 0 0 0 0 0 0 0 0 0 0 0 0 0 0 0 0 0 0 0 0 0 31.528935 0 0 0 0 0 0 0 0 0 0 0 0 0 0 0 0 0 0 0 0 0 0 0 0 0 0 0 0 0 0 0 0 0 0 0 0 0 0 0 0 0 0 0 0 0 0 0 0 0 0 0 0 0 0 0 
0 0 0 60.923787 0 0 0 0 68.010587 0 0 0 0 0 0 0 0 0 0 0 0 0 0 0 0 0 0 0 0 0 0 0 0 0 47.019347 0 0 0 0 0 0 0 0 0 0 0 0 0 0 0 0 0 0 0 0 0 0 0 0 0 0 0 0 0 0 0 0 0 0 0 0 0 0 0 0 0 0 0 0 0 0 0 0 0 0 0 0 0 0 
0 0 0 60.304308 -3.5527137e-15 0 0 0 64.136647 -3.5527137e-15 0 0 0.27675441 3.0140145 0 0 0 0 0 0 0 0 0 0 0 0 0 0 0 0 0 0 0 0 62.829851 0 0 0 0 0 0 0 0 0 0 0 0 0 0 0 0 0 0 0 0 0 0 0 0 0 0 0 0 0 0 0 0 0 0 0 0 0 0 0 0 0 0 0 0 0 0 0 0 0 0 0 0 0 0 
0 0 0 64.334772 0.01024854 0 0 0 60.10435 0 0 0 40.769163 7.1054274e-15 0 0 0 0 0 0 0 0 0 0 0 0 0 0 0 0 0 0 0 7.1054274e-15 59.190075 0 0 0 0 0 0 0 0 0 0 0 0 0 0 0 0 0 0 0 0 0 0 0 0 0 0 0 0 0 0 0 0 0 0 0 0 0 0 0 0 0 0 0 0 0 0 0 0 0 0 0 0 0 0 
0 0 0 74.482522 0.0063345272 0 0 0 60.892973 0 0 0 0 38.203122 0 0 0 0 0 0 0 0 0 0 0 0 0 0 0 0 0 0 0 0 49.902498 0 0 0 0 0 0 0 0 0 0 0 0 0 0 0 0 0 0 0 0 0 0 0 0 0 0 0 0 0 0 0 0 0 0 0 0 0 0 0 0 0 0 0 0 0 0 0 0 0 0 0 0 0 0 
0 0 0 79.689838 0.0010254526 0 0 0 72.364886 0.045890557 0 0 0 0 0 0 0 0 0 0 0 0 0 0 0 0 0 0 0 0 0 0 0 0 10.588677 0 0 0 0 0 0 0 0 0 0 0 0 0 0 0 0 0 0 0 0 0 0 0 0 0 0 0 0 0 0 0 0 0 0 0 0 0 0 0 0 0 0 0 0 0 0 0 0 0 0 0 0 0 0 
0 0 0 78.280994 0 0 0 0 81.463382 0.0033379741 0 0 0 0 0 0 0 0 0 0 0 0 0 0 0 0 0 0 0 0 0 0 0 0 0 0 0 0 0 0 0 0 0 0 0 0 0 0 0 0 0 0 0 0 0 0 0 0 0 0 0 0 0 0 0 0 0 0 0 0 0 0 0 0 0 0 0 0 0 0 0 0 0 0 0 0 0 0 0 
0 0 0 65.015387 7.1054274e-15 0 0 0 80.334394 0 0 0 0 0 0 0 0 0 0 0 0 0 0 0 0 0 0 0 0 0 0 0 0 0 0 0 0 0 0 0 0 0 0 0 0 0 0 0 0 0 0 0 0 0 0 0 0 0 0 0 0 0 0 0 0 0 0 0 0 0 0 0 0 0 0 0 0 0 0 0 0 0 0 0 0 0 0 0 0 
0 0 0 59.032064 -3.5527137e-15 0 0 0 76.310876 0 0 0 0 0 0 0 0 0 0 0 0 0 0 0 0 0 0 0 0 0 0 0 0 0 0 0 0 0 0 0 0 0 0 0 0 0 0 0 0 0 0 0 0 0 0 0 0 0 0 0 0 0 0 0 0 0 0 0 0 0 0 0 0 0 0 0 0 0 0 0 0 0 0 0 0 0 0 0 0 
0 0 0 63.501728 0 0 0 0 72.035616 0.0048034646 0 0 0 0 0 0 0 0 0 0 0 0 0 0 0 0 0 0 0 0 0 0 0 0 0 0 0 0 0 0 0 0 0 0 0 0 0 0 0 0 0 0 0 0 0 0 0 0 0 0 0 0 0 0 0 0 0 0 0 0 0 0 0 0 0 0 0 0 0 0 0 0 0 0 0 0 0 0 0 
0 0 0 72.911899 0 0 0 0 66.566886 7.1054274e-15 0 0 0 0 0 0 0 0 0 0 0 0 0 0 0 0 0 0 0 0 0 0 0 0 0 0 0 0 0 0 0 0 0 0 0 0 0 0 0 0 0 0 0 0 0 0 0 0 0 0 0 0 0 0 0 0 0 0 0 0 0 0 0 0 0 0 0 0 0 0 0 0 0 0 0 0 0 0 0 
0 0 0 81.251639 -7.1054274e-15 0 0 0 64.584084 0 0 0 0 0 0 0 0 0 0 0 0 0 0 0 0 0 0 0 0 0 0 0 0 0 0 0 0 0 0 0 0 0 0 0 0 0 0 0 0 0 0 0 0 0 0 0 0 0 0 0 0 0 0 0 0 0 0 0 0 0 0 0 0 0 0 0 0 0 0 0 0 0 0 0 0 0 0 0 0 
0 0 0 76.156752 0 0 0 0 63.680987 0 0 0 0 0 0 0 0 0 0 0 0 0 0 0 0 0 0 0 0 0 0 0 0 0 0 0 0 0 0 0 0 0 0 0 0 0 0 0 0 0 0 0 0 0 0 0 0 0 0 0 0 0 0 0 0 0 0 0 0 0 0 0 0 0 0 0 0 0 0 0 0 0 0 0 0 0 0 0 0 
0 0 0 63.685548 0 0 0 0 62.161596 0 0 0 0 0 0 0 0 0 0 0 0 0 0 0 0 0 0 0 0 0 0 0 0 0 0 0 0 0 0 0 0 0 0 0 0 0 0 0 0 0 0 0 0 0 0 0 0 0 0 0 0 0 0 0 0 0 0 0 0 0 0 0 0 0 0 0 0 0 0 0 0 0 0 0 0 0 0 0 0 
0 0 0 59.664302 0 0 0 0 62.287574 0 0 0 0 0 0 0 0 0 0 0 0 0 0 0 0 0 0 0 0 0 0 0 0 0 0 0 0 0 0 0 0 0 0 0 0 0 0 0 0 0 0 0 0 0 0 0 0 0 0 0 0 0 0 0 0 0 0 0 0 0 0 0 0 0 0 0 0 0 0 0 0 0 0 0 0 0 0 0 0 
0 0 0 62.338376 0 0 0 0 68.536245 0 0 0 0 0 0 0 0 0 0 0 0 0 0 0 0 0 0 0 0 0 0 0 0 0 0 0 0 0 0 0 0 0 0 0 0 0 0 0 0 0 0 0 0 0 0 0 0 0 0 0 0 0 0 0 0 0 0 0 0 0 0 0 0 0 0 0 0 0 0 0 0 0 0 0 0 0 0 0 0 
0 0 0 69.969318 0 0 0 0 72.21569 0 0 0 0 0 0 0 0 0 0 0 0 0 0 0 0 0 0 0 0 0 0 0 0 0 0 0 0 0 0 0 0 0 0 0 0 0 0 0 0 0 0 0 0 0 0 0 0 0 0 0 0 0 0 0 0 0 0 0 0 0 0 0 0 0 0 0 0 0 0 0 0 0 0 0 0 0 0 0 0 
0 0 0 76.199125 0 0 0 0 71.185767 0 0 0 0 0 39.971485 0 0 0 0 0 0 0 0 0 0 0 0 0 0 0 0 0 0 0 0 0 0 0 0 0 0 0 0 0 0 0 0 0 0 0 0 0 0 0 0 0 0 0 0 0 0 0 0 0 0 0 0 0 0 0 0 0 0 0 0 0 0 0 0 0 0 0 0 0 0 0 0 0 0 
0 0 0 79.222545 7.1054274e-15 0 0 0 76.386141 0 0 0 0 74.244197 7.1054274e-15 0 0 0 0 0 0 0 0 0 0 0 0 0 0 0 0 0 0 0 0 0 0 0 0 0 0 0 0 0 0 0 0 0 0 0 0 0 0 0 0 0 0 0 0 0 0 0 0 0 0 0 0 0 0 0 0 0 0 0 0 0 0 0 0 0 0 0 0 0 0 0 0 0 0 
0 0 0 76.5162 -7.1054274e-15 0 0 0 77.172163 0 0 0 0 70.448973 0 0 0 0 0 0 0 0 0 0 0 0 0 0 0 0 0 0 0 0 0 0 0 0 0 0 0 0 0 0 0 0 0 0 0 0 0 0 0 0 0 0 0 0 0 0 0 0 0 0 0 0 0 0 0 0 0 0 0 0 0 0 0 0 0 0 0 0 0 0 0 0 0 0 0 
0 0 0 68.925156 0 0 0 0 69.532106 0 0 0 0 44.748785 0 0 0 0 0 0 0 0 0 0 0 0 0 0 0 0 0 0 0 0 0 0 0 0 0 0 0 0 0 0 0 0 0 0 0 0 0 0 0 0 0 0 0 0 0 0 0 0 0 0 0 0 0 0 0 0 0 0 0 0 0 0 0 0 0 0 0 0 0 0 0 0 0 0 0 
0 0 0 67.189209 0 0 0 0 62.075536 3.5527137e-15 0 0 0 2.3817188 0 0 0 0 0 0 0 0 0 0 0 0 0 0 0 0 0 0 0 0 0 0 0 0 0 0 0 0 0 0 0 0 0 0 0 0 0 0 0 0 0 0 0 0 0 0 0 0 0 0 0 0 0 0 0 0 0 0 0 0 0 0 0 0 0 0 0 0 0 0 0 0 0 0 0 
0 0 0 41.22585 0 0 0 0 58.980923 3.5527137e-15 0 0 0 0 0 0 0 0 0 0 0 0 0 0 0 0 0 0 0 0 0 0 0 0 0 0 0 0 0 0 0 0 0 0 0 0 0 0 0 0 0 0 0 0 0 0 0 0 0 0 0 0 0 0 0 0 0 0 0 0 0 0 0 0 0 0 0 0 0 0 0 0 0 0 0 0 0 0 0 
36.129136 0 0 23.407905 31.708383 0 0 0 60.509074 0 0 0 0 0 0 0 0 0 0 0 0 0 0 0 0 0 0 0 0 0 0 0 0 0 0 0 0 0 0 0 0 0 0 0 0 0 0 0 0 0 0 0 0 0 0 0 0 0 0 0 0 0 0 0 0 0 0 0 0 0 0 0 0 0 0 0 0 0 0 0 0 0 0 0 0 0 0 0 0 
0 0 0 0 0 37.966756 0 0 0 29.934617 0 0 0 0 0 0 0 0 0 0 0 0 0 0 0 0 0 0 0 0 0 0 0 0 0 0 0 0 0 0 0 0 0 0 0 0 0 0 0 0 0 0 0 0 0 0 0 0 0 0 0 0 0 0 0 0 0 0 0 0 0 0 0 0 0 0 0 0 0 0 0 0 0 0 0 0 0 0 0 
