NCOLS 41
NROWS 57
XLLCORNER 277417.98
YLLCORNER 3857991.5
CELLSIZE 10
NODATA_VALUE -9999
0 0 0 0 0 0 0 0 0 0 0 0 0 0 0 0 0 0 0 0 0 0 0 0 0 0 0 0 0 0.032088585 0 0 0 0 0 0 0 0 0 0 0 
0 0 0 0 0 0 0 0 0 0 0 0 0 0 0 0 0 0 0 0 0 0 0 0 0 28.00853 0 3.5527137e-15 0 3.5527137e-15 -3.5527137e-15 0.039304968 0 0 0 0 0 0 0 3.5527137e-15 -8.8817842e-16 
0 0 0 0 0 0 0 0 0 0 0 0 0 0 0 0 0 0 0 0 0 0 0 0 0 18.055719 22.75086 0 0.027341239 7.1054274e-15 0 0 3.5527137e-15 0 0 0 0.0035667455 0 0.029613709 0 5.822349 
0 0 0 0 0 0 0 0 0 0 0 0 0 0 0 0 0 0 0 0 0 0 0 0 0 0 36.822013 0 68.393164 0 3.5527137e-15 0.0019240539 0.0050759066 0 0 8.3664134 0 -3.5527137e-15 0 0 0 
0 0 0 0 0 0 0 0 0 0 0 0 0 0 0 0 0 0 0 0 0 0 0 0 0 0 0 0 131.62251 0 175.03886 0.01054677 0.0061540432 0 27.520873 24.331016 0 3.5527137e-15 0.0099862323 0 0 
0 0 0 0 0 0 0 0 0 0 0 0 0 0 0 0 0 0 0 0 0 0 0 0 0 0 0 0 0 0 4.9873282 42.795061 120.7 8.7804355 31.721469 11.626372 -3.5527137e-15 0.051853941 0 -1.7763568e-15 0 
0 0 0 0 0 0 0 0 0 0 0 0 0 0 0 0 0 0 0 0 0 0 0 0 0 4.3656339 32.646162 8.174329 0 0 0 0 5.0240678 44.175777 0 67.648309 60.109828 85.035904 0.029510086 0.12214628 0 
0 0 0 0 0 0 0 0 0 0 0 0 0 0 0 0 0 0 87.884562 14.048507 21.983065 30.781701 0 2.2945867 28.711607 16.07594 7.8732769 115.95571 5.0809996 0 0 0 0 0 0.64712059 7.4316679 62.032482 17.734878 0.02640863 0 0 
0 0 0 0 0 0 0 0 0 0 0 0 0 4.3066873 0 0 333.43531 215.47374 0.033223463 0.088959627 0.037135014 33.536732 77.952005 62.569857 -9.0205621e-16 0.056185393 0.026388159 0 176.33737 147.20221 0 0 0 0 0 0 0 0 0 0 0 
0 0 0 0 0 0 0 0 0 31.167162 0 0 43.077436 0.048288901 34.302977 135.79954 -1.7763568e-15 0.0097440616 0.025090383 0.04738318 0.077003096 0 4.2188475e-15 -2.220446e-15 0.073805752 3.5527137e-15 0.059178912 0.06043661 0.078373508 45.418067 124.43754 0 0 0 0 0 0.2647044 0 0 0 0 
0 0 0 0 0 0 0 0 0 0 0 33.576659 148.70795 0.037262887 0.016346256 7.1054274e-15 -1.0658141e-14 0.053906651 0.010312617 3.5527137e-15 -7.1054274e-15 0.03750951 0 3.5527137e-15 -3.5527137e-15 0 7.1054274e-15 0.087550086 0.044250474 0.025758939 0 79.268584 82.693374 0 0 0.17941496 0 0 0 0 0 
0 0 0 0 0 0 0 0.15926285 80.173218 0.023048631 82.974983 147.12143 0.028534595 -3.5527137e-15 -3.5527137e-15 -3.5527137e-15 3.5527137e-15 0.032369366 0.016187729 0.0059228696 3.5527137e-15 0 0 0 7.1054274e-15 0 0.013617279 0.030851298 0.02452775 44.513917 74.087791 0.096389894 0.056645167 184.42201 0 0 0 5.5511151e-17 0 0 0 
0 0 0 0 0 0 0 50.167357 3.6914916e-15 1.0408341e-15 0.014225774 0.029531233 0.074220653 0.0032401362 0.062114 3.5527137e-15 7.1054274e-15 0.026016113 0 0.033376097 0.0011434344 0 0 0 0 0 0 0.0024421606 0.011446712 16.780991 0.08191781 0.1003023 0.14384958 0.20440909 224.37404 49.525096 0 0 0 0 0 
0 0 0 0 0 0 32.077104 0.054393948 0.023687065 0.049033042 0.011961195 0.014071479 0.060888362 0.0066860612 -3.5527137e-15 0.021297373 0 0 0.015516938 7.1054274e-15 0.028790329 2.8313402 0 0 0 0 0.0048329786 0.019082379 0.02096059 0.0066180859 7.1054274e-15 0.047900155 0.046618304 0.029341128 0.01280354 394.75392 -3.5527137e-15 0 0 0 0 
0 0 0 0 0 0 55.225267 0.055759217 0.07333269 -1.831868e-15 0.060212002 0.015973967 0.020720962 0.018741991 3.5527137e-15 3.5527137e-15 0 0 0 2.6645353e-15 0 0 0 0 0 0 0 0 0.019442169 0.032481452 0.0011166125 0.052426781 0.033411963 0.072223485 0.10234451 180.38432 483.49317 18.397861 0 0 0 
0 0 0 0 0 0 47.507225 0.060472439 0 0.082095628 9.7144515e-17 0.05589498 0 0 0.016610967 0 0 0 2.0956405 0 0 0 0 0 0.020806472 7.1054274e-15 -3.5527137e-15 52.576312 39.500734 0 0.0020514088 0.00050774787 0.03892742 0.090552856 0.069513042 0.038962072 62.761318 0.071416179 0 0 0 
0 0 0 0 0 6.9865642 0 0 0 0 26.798858 23.787131 0 0 0 0 0 0 0 0 0 0 0 0 0 3.5527137e-15 0 0.035991566 2.2852348 0 0 0 0.017901224 0 0.026796069 0 0 0.028439623 0.073081808 0 0 
0 0 0 0 0 0 0 0 0 0 5.5914782 0.036290898 0 0 0 0 0 0 0 0 0 0 0 0 0 0 8.8817842e-16 0 0 8.8616683 0 -3.5527137e-15 0.0046261481 3.5527137e-15 0.069466227 3.5527137e-15 0 0.15056458 0 0 0 
0 0 0 41.7065 32.392834 0 0 0 0 11.016949 6.9344667 0.025921259 0 -3.5527137e-15 0.018641692 0 0 0 0 0 0 0 0 0 0 0 0 0 0 0 0 0 3.5527137e-15 0 0 -3.5527137e-15 0.01216684 0.10172134 146.34487 0 0 
0 0 3.0428202 1.8572036 0 0 0 0 0 25.965071 0.010315618 -1.4210855e-14 0.043528797 0 0 0.012531983 -3.5527137e-15 -3.5527137e-15 0 0 7.1054274e-15 -3.5527137e-15 0 3.5527137e-15 7.1054274e-15 0 0 0 0 0 0 -8.8817842e-16 0 6.2171987 -3.5527137e-15 -3.5527137e-15 0.038270287 0.070359886 242.86387 145.66551 0 
0 0 0 0 8.8817842e-16 0 0 0 0 0 171.8265 7.1054274e-15 0 0 0.015837742 3.5527137e-15 -3.5527137e-15 3.5527137e-15 0 -7.1054274e-15 0 0 -3.5527137e-15 0 0 5.0017198 0 0 0 0 0 3.5527137e-15 -3.5527137e-15 0 0 3.5527137e-15 0.035003468 0.055582091 -7.1054274e-15 0.047639233 99.168966 
0 0 0 0 0 0 0 0.93436049 17.62479 15.001871 193.3839 145.62779 2.4098735 7.7824559 88.205303 0.018065772 7.1054274e-15 0 -3.5527137e-15 7.1054274e-15 -3.5527137e-15 -3.5527137e-15 7.1054274e-15 3.5527137e-15 0.027978867 0 0 0 0 0 0 0 0 0 -3.5527137e-15 0 0.021434363 3.5527137e-15 0.035220913 0.086032004 367.49926 
4.1348928 1.764316 0 0 0 0 0 0 -9.9920072e-16 0 3.5527137e-15 64.454437 7.1054274e-15 6.6295572 16.129899 81.534744 150.33342 13.488188 0 0 3.5527137e-15 7.1054274e-15 3.5527137e-15 -7.1054274e-15 7.1054274e-15 0 0 3.2246838 0 0 0 0 0 0.020253906 0 0 0 0 0.023657785 0.0069802107 -2.1316282e-14 
-5.5511151e-17 0 3.9676602 0 0 0 0 0 0 0 0 -3.5527137e-15 -3.5527137e-15 0 4.8594504 0 0 99.717346 104.1174 138.74951 535.42278 0.29353018 0.10603499 0.21344302 0.10144627 109.86863 167.53003 0 0 0 0 0 0 0 0.0042321337 0.0045670535 0 0 0.022302226 0.030275788 0 
0.0052762641 0.093090939 2.220446e-16 0 0 0 0 0 0 0 0 3.5527137e-15 0 0 37.548947 68.903752 92.3069 73.038533 338.95391 222.96255 228.40156 48.417609 0.018023894 0.12336012 -7.1054274e-15 9.8776878 0.0063587268 0.0093692838 0 0 0 0 0 0 0 0 0 0 0.060374279 -1.4210855e-14 0 
0.012826509 0.00051889667 0 29.328784 57.965998 3.1042489 200.17945 0 0 0 0 7.7665469 0 1.1577485 0 0 0 0 0.01754635 -3.5527137e-15 -3.5527137e-15 0 0.034815597 3.5527137e-15 7.1054274e-15 0 0 0 0 0 0 0 0 0 0 0 0 3.5527137e-15 -3.5527137e-15 0 0.026868567 
0.0018534797 0.0080977276 0.023879626 18.858126 0 3.5527137e-15 0.046271166 87.16434 0 6.6298475 41.167153 0 0 0 0.028035844 0 0 3.5527137e-15 0.011267421 0 0 -3.5527137e-15 0 0.0070640442 0 3.5527137e-15 0 0 0 0 0 0 0 0 0 0 0 0 0 0 0 
-3.5527137e-15 -3.5527137e-15 0.022692251 0 0 0 3.5527137e-15 3.5527137e-15 0 39.377312 7.1054274e-15 -4.4408921e-16 0 0 0 0 0 0 0 0 0 0 0 0.0020051303 3.5527137e-15 0 0 0 0 0 0 0 0 0 0 0 0 0 0 0.035186903 0 
0 0.029526858 0 0 0 0 0 0 0 27.195866 0 0 0 0 0 0 0 0 0 0 0 0 0 0 0 0 0 0 0 0 0 0 0 0 0 0 0 0 0 0 0 
0.029417899 0 0 0 0 0 0 0 57.322966 0 0.0050797195 8.8817842e-16 -3.5527137e-15 0 0 0 0 0 0 0 0 0 0 0 0 0 0 0 0 0 0 0 0 0 0 0 0 0 0 0 0 
0 0 0 0 0 0 0 0 0 117.67146 0 0.034515314 0 0 0 0 0 0 0 0 0 0 0 0 0 0 0 0 0 0 0 0 0 0 0 0 0 0 0 0 0 
0 0 0 0 0 0 0 0 0 6.0490685 0 0 0 0 0 0 0 0 0 0 0 0 0 0 0 0 0 0 0 0.069453663 0.0084104954 3.5527137e-15 0 0 0 0 0 0 0 0 0 
0 0 0 0 0 0 0 0 0 0 0 0 0 0 0 0 0 0 0 0 0 0 0 0 0 0 0 69.341243 0 25.562488 -3.5527137e-15 0 0 0 0 0 0 0 0 0 0 
0 0 0 0 0 0 0 0 0 0 0 0 0 0 0 0 0 0 0 0 0 0 0 0 0 0 -8.8817842e-16 0 471.30716 0.042759895 0 0 0 0 0 0 0 0 0 0 0 
0 0 0 0 0 0 0 0 0 0 0 0 0 0 0 0 0 0 0 0 0 0 0 0.10756733 0 0 0 73.706132 43.973169 0.018372729 0 0 0 0 0 0 0 0 0 0 0 
0 0 0 0 0 0 0 0 0 0 0 0 0 0 0 0 0 0 0 0 0 0 -3.5527137e-15 0 43.086678 0 0 0.093448058 0.11606562 0.028652554 0.020710735 0 0 0 0 0 0 0 0 0 0 
0 0 0 0 0 0 0 0 0 0 0 0 0 0 0 0 0 0 0 0 1.110223e-15 0.042163263 16.347208 130.81353 7.5348572 101.68852 4.7679877 0.31543865 0.018215564 0 0 0 84.857017 0 -3.5527137e-15 1.4210855e-14 0 0 0 0 0 
0 0 0 0 0 0 3.5527137e-15 0 0 0 0 0 0 0 0 0 0 0 0 0 0.038404384 0 27.451073 57.955661 32.549148 0 169.06315 516.60754 0.0073919162 0.03823459 0.0076030528 480.37932 354.18794 5.8490099 -1.4210855e-14 -1.4210855e-14 -7.1054274e-15 0 0 0 0 
-3.5527137e-15 0 0 0 0 0.0037137565 7.1054274e-15 0 0 0 0 0 0 0 0 0 0 0 0 0 0.041309438 0.0053935999 31.436908 0 18.676217 0 0 0 0.023131542 0 7.1054274e-15 3.5527137e-15 0.030889504 3.5527137e-15 0 0 0 0 0 0 0 
0 -3.5527137e-15 0 0 0 0.0083834005 0.041672443 0 0 0 0 0 0 0 0 0 0 0 0 0 0 0.061303016 0 0 0 0 0 0 0 3.5527137e-15 0 0 0 0 0 0 0 9.1061645 0 0 0 
7.1054274e-15 -3.5527137e-15 -3.5527137e-15 -3.5527137e-15 0 0.008320105 0 0 0 3.5527137e-15 -3.5527137e-15 0 0 0.031185897 0 0 0 0 0.010501723 0 0 0.047056806 0.011856202 3.5527137e-15 3.5527137e-15 8.8817842e-16 -3.5527137e-15 0 0 6.7969207 -8.8817842e-16 0 0 0 0 0 0 0 0 0 0 
-3.5527137e-15 -3.5527137e-15 0 0 -1.4210855e-14 0.054225098 -3.5527137e-15 0 0 0 -3.5527137e-15 0 0 0 0 0 0 0 0.011618928 0 0 0.028290199 0.064866761 0.011784865 0.0083482593 0.0032675538 3.5527137e-15 0 0 0.00062803737 0 0 0 0 0 0 0 0 0 0 0 
-3.5527137e-15 7.1054274e-15 0 0.026043007 0.012166274 0.11084926 0.042733639 0.02044748 1.3855989 0.045316916 0.35702709 0.064367548 0 -7.1054274e-15 28.918191 116.29735 0.38103076 0.28676374 0.18240566 0.45325057 0.0087226605 943.99245 0.11547306 0.0073264569 0.026852595 3.5527137e-15 -7.1054274e-15 0 0 0.032692615 0 0 0 0 0 0 0 0 0 0 0 
1.8205691 1.5250887 1.6356575 1.2947116 1.742269 1.4432568 1.3780053 1.9065191 1.7428772 0.33059918 0.39110217 0.44949626 0.30206556 53.174195 1.5539046 952.89793 0.7046372 0.22042935 0.21470291 0.03777376 0.16460349 0.71234698 0.088892437 0.023833136 0.12568773 0.077592508 0.013526173 3.5527137e-15 0.067643295 0.05252802 0 0 0 0 0 0 0 0 0 0 0 
2.8372184 2.138168 1.3821578 1.6754289 1.4861016 1.7308437 1.382113 0.55319461 -3.5527137e-15 -3.5527137e-15 7.1054274e-15 0.33873835 0 588.05976 0 0.11810765 0.010885406 0 -3.5527137e-15 3.5527137e-15 0 -3.5527137e-15 0 0.11175271 7.1054274e-15 0 33.878884 244.87303 0.062159208 0 0 0 0 0 3.5527137e-15 1.7763568e-15 0.0068184065 0 0 0 0 
0 3.5527137e-15 0 0 0.061605291 1.0658141e-14 6.8649741e-06 0 -7.1054274e-15 -3.5527137e-15 3.5527137e-15 0 0 0.040661079 0.10831308 0.0070974692 -7.1054274e-15 7.1054274e-15 3.5527137e-15 0 0 0 0 0 0 0 0 0 211.6995 0 0 0 0 0 0 64.668681 160.29268 0 3.5527137e-15 0 0 
0 0 3.5527137e-15 -3.5527137e-15 3.5527137e-15 0.010070827 0.0090193676 -3.5527137e-15 0 0 -3.5527137e-15 3.5527137e-15 0 0.033260121 -3.5527137e-15 -7.1054274e-15 0 -1.110223e-16 0 0 0 0 0 0 0 0 0 0 45.603108 -3.5527137e-15 0 0 0 0 0 9.3260632 0 119.85589 37.275438 9.92262 0 
0 0 0 0 0 -3.5527137e-15 0 -7.1054274e-15 0 0 29.403669 0 0 0 227.85828 -7.0568551e-15 13.26685 0 0 0 0 0 0 0 0 0 0 0 0 52.239435 -3.5527137e-15 3.5527137e-15 0 3.5527137e-15 5.3833603 -1.831868e-15 0 0 0 0 0 
0.015294469 0 0 0 0 0 -3.5527137e-15 3.5527137e-15 0 0 0 0 0 0 0.022307824 0.31515035 7.1054274e-15 0.0010265172 0 0 0 0 0 0 0 0 0 0 0 53.517888 25.017027 0 58.301074 63.494942 202.68377 6.0849509 3.5527137e-15 9.030403 0 0 0 
0 0 0 0 0 0 0 0 0 0 0 16.275554 0 0 0 -3.5527137e-15 -3.5527137e-15 0 0.028471288 0 0 0 0 0 0 0 0 0 0 0 55.33399 69.129621 81.181168 62.954489 182.94833 0.017965131 3.5527137e-15 0 0 0 0 
0 0 0 0 0 0 0 0 0 0 0 0 0 0 0 0 0 0 0 0 0 0 0 0 0 0 0 0 0 1.7609759 -2.4424907e-15 0 0 67.752236 40.499285 3.5527137e-15 0 0 0 0 0 
29.035775 0 0 0 0 0 0 0 0 0 0 0 0 0 0 0 0 0 32.730674 0 0 0 0 37.964673 0 0 0 0 0.090804732 -1.6653345e-16 0 0 0 0 0 -3.5527137e-15 0 0 0 0 0 
0 0 0 0 0 0 0 0 0 0 0 0 0 0 0 0 0 35.65112 0 5.984699 0 0 0 0 0 0 0 0 0 0 0 0 0 3.5527137e-15 0 0 0 0 0 0 0 
-5.3290705e-15 7.1054274e-15 0 0 0 0 0 0 0 0 0 0 0 0 0 0 0 0 0 0 0 0 4.5809416 -1.110223e-16 36.526578 0 0 0 0 0 0 0 0 0 0 0 0 0 0 0 0 
0.36144957 0 0 0 0 0 0 0 0 0 0 0 0 0 0 0 3.0642523 0 0 0 0 0 0 7.1054274e-15 0 0 0 0 0 0 0 0 0 0 0 0 0 0 0 0 0 
83.885627 0 0 0 0 0 0 0 0 0 0 0 0 0 0 0 0 0 0 0 0 0 0 0 0 0 0 0 0 0 0 0 0 0 0 0 0 0 0 0 0 
0 0 0 0 0 0 0 0 0 0 0 0 0 0 0 0 0 0 0 0 0 0 0 0 0 0 0 0 0 0 0 0 0 0 0 0 0 0 0 0 0 
