NCOLS 44
NROWS 39
XLLCORNER 276816.32
YLLCORNER 3833388.9
CELLSIZE 10
NODATA_VALUE -9999
0 0 0 0 0 0 0 0 0 0 0 0 0 0 0 0 0 0 0 0 0 0 0 0 0 0 0 0 0 0 0 -30.510768 -27.310328 -27.317051 0 0 0 0 0 0 0 0 0 0 
0 0 0 0 0 0 0 0 0 0 0 0 0 0 0 0 0 0 0 0 0 0 0 0 0 0 0 -29.319777 0 0 0 -27.106525 -30.510768 -27.310328 -27.317051 0 0 0 0 0 0 0 0 0 
0 0 0 0 0 0 0 0 0 0 0 0 0 0 0 0 0 0 0 0 0 0 0 0 0 0 0 -26.982006 -29.319777 -38.526573 -27.209491 -28.143808 -27.106525 -39.757329 0 0 0 0 0 0 0 0 0 0 
0 0 0 0 0 0 0 0 0 0 0 0 0 0 0 0 0 0 0 0 0 0 0 0 0 0 -27.022422 -27.556646 -26.982006 0 -38.526573 -27.209491 -28.143808 0 0 0 0 0 0 0 0 0 0 0 
0 0 0 0 0 0 0 0 0 0 0 0 0 0 0 0 0 0 0 0 0 0 0 0 0 0 -27.772509 -27.022422 -27.556646 0 0 0 0 0 0 0 0 0 0 0 0 0 0 0 
0 0 0 0 0 0 0 0 0 0 0 0 0 0 0 0 0 0 0 0 0 0 0 0 0 0 -30.632879 -27.772509 0 0 0 0 0 0 0 0 0 0 0 0 0 0 0 0 
0 0 0 0 0 0 0 0 0 0 0 0 0 0 0 0 0 0 0 0 0 0 0 0 0 0 -27.89928 -27.103354 0 0 0 0 0 0 0 0 0 0 0 0 0 0 0 0 
0 0 0 0 0 0 0 0 0 0 0 0 0 0 0 0 0 0 0 0 0 0 0 0 0 0 -27.103354 -28.716668 0 0 0 0 0 0 0 0 0 0 0 0 0 0 0 0 
0 0 0 0 0 0 0 0 0 -41.044411 0 0 0 0 0 0 0 0 0 0 0 0 0 0 0 0 -28.716668 0 0 0 0 0 0 0 0 0 0 0 0 0 0 0 0 0 
0 0 0 0 0 -41.084465 -32.92373 -28.326789 -28.117286 0 -41.044411 0 0 0 0 0 0 0 0 0 0 0 0 0 0 0 0 0 0 0 0 0 0 0 0 0 0 0 0 0 0 0 0 0 
0 0 0 -30.001053 0 0 -41.084465 -32.92373 -28.326789 -28.117286 0 0 0 0 -41.123099 0 0 0 0 0 0 0 0 0 0 0 0 0 0 0 0 0 0 0 0 0 0 0 0 0 0 0 0 0 
0 0 0 0 -30.001053 0 0 0 0 0 0 0 0 0 -31.673947 -41.123099 0 0 0 0 0 0 0 0 0 0 0 0 0 0 0 0 0 0 0 0 0 0 0 0 0 0 0 0 
0 -33.741531 -28.953712 -27.272966 0 0 0 0 0 0 0 0 0 0 0 -31.673947 0 0 0 0 0 0 0 0 0 0 0 0 0 0 0 0 0 0 0 0 0 0 0 0 0 0 0 0 
-29.628715 -27.491092 -27.272966 -26.772839 -27.977303 -29.105579 -31.936369 -41.11116 -31.075622 -27.596996 0 0 0 0 0 0 0 0 0 0 0 0 0 0 0 0 -41.002237 0 0 0 0 0 0 0 0 0 0 0 0 0 0 0 0 0 
0 -27.664296 -26.772839 -27.072619 -29.105579 -31.936369 -32.640163 -30.653877 -27.596996 -26.819075 -27.321571 -28.67654 -31.092403 -30.357626 -27.485341 0 0 0 0 0 0 0 0 0 0 -41.002237 0 0 0 0 0 0 0 0 0 0 0 0 0 0 0 0 0 0 
0 -27.466252 -27.072619 -27.143492 -37.584424 -32.640163 -30.653877 -28.685875 -26.819075 -27.321571 -28.67654 -28.009551 -29.798759 -27.485341 -26.92398 0 0 0 0 0 0 0 0 0 0 0 0 0 0 0 0 0 0 0 0 0 0 0 0 0 0 0 0 0 
0 -27.912249 -27.143492 -27.112519 0 0 0 0 -27.6625 -29.404155 -28.009551 -29.798759 -41.095003 -26.92398 -27.531875 0 0 0 0 0 0 0 0 0 0 0 0 0 0 0 0 0 0 0 0 0 0 0 0 0 0 0 0 0 
0 -28.586642 -27.112519 -26.912214 0 0 0 0 0 0 0 0 0 -27.531875 -27.826097 0 0 0 0 0 0 0 0 0 0 0 0 0 0 0 0 0 0 0 0 0 0 0 0 0 0 0 0 0 
0 0 -26.912214 0 0 0 0 0 0 0 0 0 0 -29.127651 -32.041146 0 0 0 -33.115649 0 0 0 0 0 0 0 0 0 0 0 0 0 0 0 0 0 0 0 0 0 0 0 0 0 
0 0 0 0 0 0 0 0 0 0 0 0 0 -41.08587 0 0 0 -33.115649 -27.56138 -26.850744 0 0 0 0 0 0 0 0 0 0 0 0 0 0 0 0 0 0 0 0 0 0 0 0 
0 0 0 0 0 0 0 0 0 0 0 0 0 -36.169426 0 0 0 -27.56138 -26.850744 -26.870948 0 0 0 0 0 0 0 0 0 0 0 0 0 0 0 0 0 0 0 0 0 0 0 0 
0 0 0 0 0 0 0 0 0 0 0 0 -36.169426 -33.982254 0 0 0 0 -26.870948 -27.694507 0 0 0 0 0 0 0 0 0 0 0 0 0 0 0 0 0 0 0 0 0 0 0 0 
0 0 0 0 0 0 0 0 0 0 0 0 -33.982254 0 0 0 0 -31.239654 -27.694507 -27.636011 0 0 0 0 0 0 0 0 0 0 0 0 0 0 0 0 0 0 0 0 0 0 0 0 
0 0 0 0 0 0 0 0 0 0 0 0 0 0 0 0 -31.239654 -28.573675 -27.636011 -26.88751 0 0 0 0 0 0 0 0 0 0 0 0 0 0 0 0 0 0 0 0 0 0 0 0 
0 0 0 0 0 0 0 0 0 0 0 0 0 0 0 0 0 -28.731119 -26.88751 -28.976545 0 0 0 0 0 0 0 0 0 0 0 0 0 0 0 0 0 0 0 0 0 0 0 0 
0 0 0 0 0 0 0 0 0 0 0 0 0 0 0 0 0 -33.406493 -28.695275 -32.137436 -37.455189 0 0 0 -41.109053 0 0 0 0 0 0 0 0 0 0 0 0 0 0 0 0 0 0 0 
-30.394928 0 0 0 0 0 0 0 0 0 0 0 0 0 0 0 0 -28.695275 -27.80894 -37.455189 -37.455189 0 0 -41.109053 -28.831536 0 0 0 0 0 0 0 0 0 0 0 0 0 0 0 0 0 0 0 
0 -30.394928 0 0 0 0 0 0 0 0 0 0 0 0 0 0 -32.274958 -27.80894 -27.80894 -37.455189 -29.352291 -30.591447 0 -28.831536 -28.238852 0 0 0 0 0 0 0 0 0 0 -41.116779 0 0 0 0 0 0 0 0 
0 0 0 0 0 0 0 -41.040194 0 0 0 0 0 -34.441614 -28.805746 0 0 -27.80894 0 -29.352291 -30.591447 0 0 -28.238852 -41.13574 0 0 0 0 0 0 0 0 0 -41.116779 0 0 0 0 0 0 0 0 0 
0 0 0 0 0 0 -41.040194 0 0 0 0 -30.037764 -29.266965 -28.073114 -33.53328 -28.805746 -36.169426 0 0 0 0 0 0 0 0 0 0 0 0 0 0 0 0 0 0 0 0 0 0 0 0 0 0 0 
0 0 0 0 0 0 0 0 0 0 0 -27.140528 -27.28733 -28.104269 -28.073114 -27.193557 -27.523541 -29.359603 -27.614574 -27.043903 -27.522035 0 0 0 0 0 0 0 0 -36.409989 0 0 0 0 0 0 0 0 0 0 0 0 0 0 
0 0 0 0 0 0 0 0 0 0 -29.569843 -26.96569 -27.140528 -27.28733 -26.74535 -26.797034 -27.193557 -27.523541 -28.633072 -27.614574 -27.043903 -27.522035 0 0 0 0 0 0 -36.409989 0 0 0 0 0 0 0 0 0 0 0 0 0 0 0 
0 0 0 0 0 0 0 0 0 0 -31.642767 -27.243672 -26.96569 -41.045817 -27.637751 -26.74535 -26.797034 -27.947305 -30.001053 -28.633072 -31.001455 0 0 0 0 0 0 -28.1942 -28.164901 -41.009267 0 0 0 0 0 0 0 0 0 0 0 0 0 0 
0 -30.308863 0 0 0 0 0 -32.445647 -30.439263 0 -26.543109 -26.543109 0 0 0 0 0 0 0 0 0 0 0 0 0 0 0 -27.041785 -28.1942 -28.164901 0 0 0 0 0 0 0 0 0 0 0 0 0 0 
0 -28.498526 -34.488135 0 0 0 -32.445647 -30.439263 -30.754437 -30.859438 -26.543109 -26.558976 -27.257892 -38.526573 0 0 0 0 0 0 0 0 0 0 0 0 0 -32.459162 -27.041785 0 0 0 0 0 0 0 0 0 0 0 0 0 0 0 
0 -34.488135 -28.608546 -41.128015 -29.766248 0 0 -30.754437 -30.859438 -30.859438 -26.558976 -26.836422 -27.569335 -28.128992 -41.122397 0 0 -37.455189 -37.005026 -41.078142 0 0 0 0 0 0 0 0 -32.459162 0 0 0 0 0 0 0 0 0 0 0 0 0 0 0 
0 -28.608546 0 -28.203618 -29.27391 -29.766248 0 0 -30.859438 0 -26.836422 -26.893689 -27.974768 -28.903598 -30.74711 -28.151294 -29.363271 -37.005026 -41.078142 0 0 0 0 0 0 0 0 0 0 0 0 0 0 0 0 0 0 0 0 0 0 0 0 0 
0 0 0 -41.018405 -28.203618 -29.27391 0 0 -39.819045 -41.081655 -26.893689 -27.116956 -27.673337 -27.516043 -28.151294 -29.363271 -26.694595 0 0 0 0 0 0 0 0 0 0 0 0 0 0 0 0 0 0 0 0 0 0 0 0 0 0 0 
0 0 0 0 -41.018405 0 0 0 0 0 0 0 0 0 0 0 -27.723253 0 0 0 0 0 0 0 0 0 0 0 0 0 0 0 0 0 0 0 0 0 0 0 0 0 0 0 
