 GAITERO (VICTORIA, TENERIFE, SPAIN)      47077 0
 LATT=  28.39 LONG= -16.4  YEARS=  8. TYPE= 2
 ELEVATION = 7770. TP5 = 1.00 TP6= 2.42
 MEAN P    .36   .38   .46   .20   .09   .06   .01   .08   .19   .29   .32   .14
 S DEV P   .36   .31   .22   .21   .06   .05   .01   .09   .18   .22   .25   .13
 SKEW  P  1.80   .60  -.56  2.27   .33  1.25   .08  2.08  1.10  1.41   .88  1.45
 P(W/W)    .76   .68   .75   .66   .76   .62   .45   .33   .57   .70   .81   .71
 P(W/D)    .15   .27   .11   .25   .11   .04   .03   .06   .10   .25   .23   .17
 TMAX AV 53.04 53.03 54.87 56.83 61.46 68.10 75.02 75.71 67.60 62.04 57.81 54.20 
 TMIN AV 41.21 39.37 42.48 43.49 47.21 53.75 60.65 61.90 54.06 50.79 44.88 42.73
 SD TMAX 11.64 12.42 12.75 13.20 14.46 14.60 16.02 15.48 14.31 14.72 11.79 11.16
 SD TMIN  9.26  9.35  9.95 10.73 12.09 12.50 13.49 13.00 11.73 11.97  9.37  8.84
 SOL.RAD  394.  483.  602.  683.  749.  839.  799.  719.  581.  427.  327.  337.
 SD SOL  117.8 159.8 182.0 222.1 218.1 183.1 156.4 154.1 180.5 170.7 138.4 119.3
 MX .5 P  1.96  1.20  1.01  1.61   .36   .11   .08   .56   .61  2.16  1.46  1.29
 DEW PT  36.14 38.40 38.18 41.29 41.87 45.29 49.16 50.27 48.51 43.62 40.14 37.62
Time Pk   .833  .877  .895  .914  .925  .934  .945  .951  .960  .976  .986 1.000
% N       2.79  2.08  2.85  1.93  1.92  2.55  3.18  3.71   .94  1.24  1.88  3.73
MEAN      3.71  4.11  3.22  2.03  2.54  3.04  3.41  3.75  1.56  1.97  2.85  3.33
STD DEV   2.80  2.80  2.55  1.28  1.80  1.57  1.65  1.94   .99  1.42  1.85  2.34
SKEW      -.41  -.62   .29  -.06  -.02  -.74 -1.13  -.24   .03   .01  -.33  -.39
% NNE     1.54  1.48  1.49   .88   .93  1.18  1.62  1.62   .50   .58  1.10  1.41
MEAN      2.90  4.09  2.97  2.06  2.33  3.11  2.86  3.02  1.41  1.78  2.73  2.98
STD DEV   1.94  3.04  1.89  1.70  1.58  1.95  1.61  1.72   .92  1.37  1.82  1.96
SKEW      -.64  -.05  -.43  1.43   .35   .49  -.18  -.02   .32   .26  -.18  -.75
% NE      2.22  2.48  2.43  1.26  1.22  1.10  2.02  2.39   .64  1.03  1.25  1.89
MEAN      3.37  3.94  3.22  2.70  2.45  3.50  3.51  3.48  1.76  2.17  2.35  3.34
STD DEV   2.14  2.28  1.81  1.83  1.47  1.68  1.81  1.79   .88  1.24  1.45  1.99
SKEW      -.30  -.29  -.09  1.47   .53  -.32  -.71   .08   .28   .31   .60  -.44
% ENE    11.38 10.81 13.16  9.67 13.51 13.15 11.38  7.71 12.60  9.54 13.13  8.69
MEAN      3.35  3.80  3.92  3.50  3.42  3.53  4.02  4.07  2.30  3.12  3.05  3.44
STD DEV    .73   .75   .82   .97  1.01   .66  1.41  1.25  1.10   .58   .44  1.13
SKEW      -.94   .26 -1.64   .61  -.73  -.63  -.99 -1.22  -.09   .79 -1.05  -.80
% E       7.55 13.91 11.26 10.78  7.97   4.00 4.14  5.77  7.07  9.46  6.98 10.61
MEAN      3.18  4.17  3.36  3.36  3.27  3.33  3.54  3.35  2.38  2.81  2.81  3.35
STD DEV    .52   .64   .89  1.08  1.15  1.21   .98   .85   .49   .77   .80   .97
SKEW       .38   .82 -1.46   .83   .59   .31  -.57 -1.30   .44  -.87   .44   .50
% ESE     3.60  4.81  4.83  3.02  3.28  5.79  3.99  5.13  2.45  3.09  2.09  3.10
MEAN      2.98  3.35  2.87  2.55  3.01  4.20  3.57  3.48  2.42  2.68  2.83  3.29
STD DEV   1.68  2.13  1.80  1.16  1.75  1.74  1.51  1.31  1.05  1.53  1.36  1.80
SKEW      -.71  -.29   .35  -.43  -.13 -1.55 -1.04 -2.08  -.43  -.44  -.80  -.01
% SE      8.80  8.30  5.35  6.14  7.99 12.07 14.68 14.89  6.88  5.74  5.94  5.86
MEAN      4.82  4.67  3.23  3.39  4.14  5.20  4.85  4.66  3.29  3.42  4.85  4.31
STD DEV   3.23  3.00  2.26  2.00  2.77  2.32  2.08  2.00  1.80  2.26  3.03  2.52
SKEW      -.64  -.96   .34  -.57  -.21 -1.67 -2.09 -2.01  -.55  -.43  -.47  -.81
% SSE    15.20 20.79  8.77 14.80 19.31 19.12 18.17 18.60 16.78 14.44 19.78 11.53
MEAN      6.24  6.79  4.86  4.43  5.33  5.63  5.75  5.55  4.64  4.85  6.83  5.47
STD DEV   4.49  4.81  4.11  3.14  3.48  2.48  2.76  2.36  2.64  3.26  4.53  3.60
SKEW      -.51  -.77   .59  -.15  -.91 -2.01 -1.95 -2.16  -.91  -.71  -.85  -.46
% S       6.64  9.07 12.97 15.06 13.17 15.20 11.58  9.57 14.84 13.12  14.60 5.31
MEAN      5.95  4.45  5.59  5.01  4.34  5.33  5.36  5.04  4.19  4.01  5.95  3.77
STD DEV   4.27  2.96  3.91  3.33  2.63  2.25  2.33  2.37  2.24  2.53  3.79  2.19
SKEW      -.33  -.41  -.53  -.71  -.94 -1.90 -1.85 -1.65 -1.11  -.77  -.77   .01
% SSW     1.20  3.08  7.50  6.88  5.60  6.81  5.61  4.01 11.96  9.00  5.63  2.87
MEAN      2.90  3.27  3.45  3.24  3.30  3.73  3.43  3.44  3.49  3.30  3.73  2.65
STD DEV   2.01  2.09  2.00  1.82  1.71  1.65  1.40  1.42  1.76  1.85  1.80  1.27
SKEW      1.50   .65  -.47  -.61  -.94 -1.31 -2.01 -2.04 -1.20  -.73  -.99  1.53
% SW      1.11  1.96  3.32  3.63  3.35  2.59  2.07  1.69  7.62  5.57  2.69  2.39
MEAN      1.71  2.64  1.94  2.91  2.91  2.55  2.63  2.25  2.80  2.85  2.82  1.87
STD DEV    .60  1.39  1.44  1.26  1.47  1.07  1.22  1.11  1.27  1.33  1.31   .32
SKEW      -.15  -.58  1.07  -.80  -.51  -.50  -.62   .25  -.41  -.47  -.44   .86
% WSW     4.91  4.16  2.97  4.30  3.43  1.46  1.72  1.71  4.73  5.75  4.09  4.93
MEAN      1.67  2.64  2.06  2.74  2.97  2.39  2.26  2.29  2.82  2.81  3.04  1.87
STD DEV    .70   .98  1.05   .45   .78   .86   .72   .77   .85   .63  1.11   .84
SKEW       .57  -.54  -.19 -1.32  -.55   .03  1.64  -.53   .56  1.22  1.69   .85
% W       7.30  6.99  6.12  6.98  6.15  2.66  3.47  5.05  4.10  7.01  7.86  5.21
MEAN      2.07  3.03  2.56  2.66  3.02  2.30  2.23  2.13  2.33  3.32  3.35  1.96
STD DEV   1.16  1.16  1.40   .88   .90   .91   .82   .96   .61   .45  1.74  1.07
SKEW       .33   .87  -.02   .72  -.49  1.92   .28   .27   .52   .12   .75   .11
% WNW      .82  1.11  1.04  1.28  1.52   .68  1.16  1.51  1.04  1.72  1.82   .96
MEAN      1.43  1.88  1.54  1.96  2.68  1.72  1.77  1.90  1.79  2.05  2.14  1.39
STD DEV    .65   .61   .50   .93  1.54   .36   .48   .67   .48   .97  1.45   .44
SKEW      -.33   .84   .21  1.72  1.05  1.52  -.47  -.15   .65  1.44  2.08  1.54
% NW      2.54  1.19  1.92  2.43  2.29  1.72  2.37  2.21  2.02  3.14  2.62  3.06
MEAN      2.36  2.19  2.42  2.05  2.60  2.37  2.55  2.14  2.19  2.26  2.34  2.49
STD DEV   1.46  1.07  1.44  1.03  1.64   .77   .63   .46  1.01  1.12  1.13  1.50
SKEW      -.40  -.32  -.25  -.07   .78  -.88   .75   .74  -.59  -.61  -.44  -.94
% NNW    22.42  7.78 14.03 10.97  8.35  9.93 12.82 14.45  5.82  9.57  8.56 28.41
MEAN      4.77  3.83  3.45  3.13  2.93  3.74  3.94  3.99  2.85  2.56  3.55  4.85
STD DEV   3.78  2.94  2.66  2.29  1.98  1.71  1.47  1.77  1.94  1.92  2.37  3.37
SKEW      -.31   .15   .09   .08  -.29 -1.04 -2.25  -.96  1.29  -.41  -.64  -.88
CALM        .0    .0    .0    .0    .0    .0    .0    .0    .0    .0    .0    .0

INTERPOLATED DATA (station & weighting factor)

---Wind Stations---
Gaitero (La Victoria    1
---Solar Radiation and Max .5 P Stations---
Gaitero (La Victoria    1
---Dewpoint Stations---
CA BAKERSFIELD       .523  CA FRESNO            .367  NV LAS VEGAS         .109 
---Time Peak Stations---
SPRINGVILLE TULE CA  .518  UHL RANGER STATION   
