 LOS TOPOS (VILAFLOR, TENERIFE, SPAIN)    47077 0
 LATT=  28.31 LONG= -16.5  YEARS=  6. TYPE= 2
 ELEVATION = 7770. TP5 = 1.00 TP6= 2.42
 MEAN P    .17   .16   .16   .20   .04   .01   .02   .15   .16   .43   .32   .50
 S DEV P   .13   .10   .23   .13   .05   .01   .01   .13   .26   .27   .24   .51
 SKEW  P   .10  1.15  2.30  0.61  1.78  1.73   .01  1.91  2.42  -.43  0.04  1.55
 P(W/W)    .44   .50   .55   .37   .40   .40   .01   .29   .27   .42   .53   .63
 P(W/D)    .05   .08   .08   .11   .03   .02   .01   .03   .07   .15   .14   .08
 TMAX AV 53.04 53.03 54.87 56.83 61.46 68.10 75.02 75.71 67.60 62.04 57.81 54.20 
 TMIN AV 42.22 43.23 45.98 46.84 52.33 59.66 66.74 67.32 58.45 52.76 46.75 44.97
 SD TMAX 10.64 11.27 11.30 11.34 13.20 12.86 14.23 14.20 12.34 12.30 17.00 11.45
 SD TMIN  9.46 10.55 10.57 11.07 12.81 12.18 13.03 13.42 11.55 11.10 11.79  9.90
 SOL.RAD  394.  483.  602.  683.  749.  839.  799.  719.  581.  427.  327.  337.
 SD SOL  117.8 159.8 182.0 222.1 218.1 183.1 156.4 154.1 180.5 170.7 138.4 119.3
 MX .5 P   .37   .17   .53   .79   .08   .01   .02   .39  1.28  3.48  1.05  2.52
 DEW PT  36.14 38.40 38.18 41.29 41.87 45.29 49.16 50.27 48.51 43.62 40.14 37.62
Time Pk   .833  .877  .895  .914  .925  .934  .945  .951  .960  .976  .986 1.000
% N      10.41  6.77  8.07  4.64  5.39  5.40  7.25 10.24  4.99  6.80  9.07 12.39
MEAN      2.93  2.75  4.19  2.01  2.46  2.02  2.60  3.31  1.93  2.33  2.87  3.13
STD DEV   1.97  2.08  2.29  2.09  1.91  1.81  1.37  1.43  1.69  2.14  1.92  2.15
SKEW      -.98   .12  1.50  2.28   .56   .58   .22   .36  -.47   .79   .72  -.88
% NNE     8.43  6.05 10.46  4.83  5.28  5.62  6.37  7.62  4.32  5.34  7.94  9.38
MEAN      3.70  2.65  4.76  1.90  2.87  2.21  3.20  3.94  2.01  2.67  2.94  3.28
STD DEV   1.88  2.09  2.16  1.34  1.29   .93  1.26  1.62  1.56  1.39  1.66  2.00
SKEW       .34  2.10  -.49  2.20   .06   .96   .21   .40  2.11  1.16   .73   .01
% NE      4.30  4.49  7.74  4.88  5.19  5.01  5.88  4.10  4.21  5.73  3.28  3.40
MEAN      3.63  3.34  4.69  2.97  2.64  2.12  3.57  2.99  2.22  2.64  2.82  3.98
STD DEV   3.20  2.43  1.46  2.34  1.47   .86  1.49  1.07  1.92  1.58  1.82  3.27
SKEW      1.00  1.22   .20   .63  -.19  -.11  -.59   .46  1.04   .93  1.04   .85
% ENE     4.13  4.03  6.29  5.17  5.34  3.87  5.03  2.99  4.39  3.87  4.01  3.55
MEAN      2.99  4.48  3.14  3.13  3.34  1.48  3.76  2.04  2.37  3.02  3.58  3.05
STD DEV   2.15  2.93  1.91  3.09  1.88   .86  2.00   .59  1.72  1.89  3.06  2.72
SKEW       .94   .92   .54  1.34   .03  1.06  1.30  -.74  1.42   .11  1.16  1.06
% E       4.45  4.05  5.30  5.72  4.53  4.22  4.05  4.03  6.23  5.63  7.03  6.01
MEAN      1.85  2.58  2.87  2.12  2.18  1.69  2.89  2.51  2.96  3.95  4.55  2.46
STD DEV    .88   .48   .84  1.22   .80   .99   .83   .85  1.69  2.20  3.39  2.26
SKEW      1.77  1.53   .37   .02   .04  1.09   .71 -1.75  -.37   .22   .18  2.12
% ESE     4.14  5.88  5.19  6.26  6.21  5.00  5.29  5.25  8.88  7.16  8.50  4.53
MEAN      1.84  2.76  3.46  4.47  3.83  2.94  3.03  2.90  3.91  4.33  4.56  2.64
STD DEV    .35   .76  1.22  1.15  1.15  1.06   .87  1.57  1.23   .94  2.47  1.82
SKEW      1.66   .28   .61   .76   .54  1.24   .80  2.16   .79  -.18   .46  1.91
% SE      5.86  7.56  7.12 10.74  9.65  9.87  8.09  6.53 11.70 11.28  8.99  5.80
MEAN      1.91  2.55  3.03  4.01  3.52  2.86  2.75  2.49  3.76  4.12  3.39  2.88
STD DEV    .37   .52  1.18  1.13  1.10  1.01   .75   .45  1.61   .75  1.54  2.02
SKEW      1.23   .77   .70  1.23   .33  2.04  1.60   .71  1.52   .48   .24  1.94
% SSE     6.54  7.98  6.52 10.29  9.10  9.17  7.13  5.88  9.81 10.29  7.78  6.45
MEAN      1.87  2.25  2.33  3.37  2.65  2.51  2.67  2.29  3.08  3.63  2.78  2.30
STD DEV    .31   .20   .53  1.08   .45   .91   .55   .50  1.53  1.04   .99   .79
SKEW      1.08  -.07  -.28  1.23 -1.44  1.67   .54  1.47  2.01   .34  1.41   .32
% S       6.21  7.33  5.60  8.75  7.18  6.90  7.94  7.27  8.19  8.40  6.84  5.87
MEAN      1.95  2.03  2.34  2.90  2.36  2.29  2.97  2.75  2.83  3.15  2.08  2.16
STD DEV    .42   .39   .54   .51   .54   .55   .64   .83   .74   .45   .28   .57
SKEW      -.13   .17  1.10   .89  1.36 -1.00 -1.66 -1.40  -.12  1.01   .65   .08
% SSW     6.01  6.37  6.30  7.52  7.97  8.04  8.09  9.80  9.54  8.02  6.38  4.94
MEAN      2.11  2.05  2.36  2.81  2.39  2.47  3.04  3.00  2.65  2.69  2.10  2.03
STD DEV    .38   .12   .56   .46   .62   .41   .43   .47   .57   .60   .23   .51
SKEW      -.70  -.65  -.98  -.43 -1.95   .13  -.73   .68 -1.22   .27   .32   .51
% SW      6.52  7.58  6.55  7.92  8.32  9.74  8.32  9.06  7.76  5.93  6.03  5.20
MEAN      2.16  2.26  2.39  2.52  2.35  2.58  2.77  2.91  2.29  2.35  1.86  2.08
STD DEV    .34   .31   .49   .48   .62   .27   .44   .47   .65   .34   .19   .58
SKEW       .85   .97 -2.19   .60 -2.05  1.67   .05   .19 -1.52   .97  -.69  1.38
% WSW     6.17  6.59  5.69  6.84  6.92  8.43  6.45  7.50  6.07  5.97  4.60  4.40
MEAN      2.31  2.39  2.32  2.34  2.28  2.43  2.63  2.96  2.11  2.36  1.83  2.03
STD DEV    .31   .50   .70   .59   .47   .54   .43   .51   .53   .39   .19   .39
SKEW      -.04   .96   .93  1.84 -1.35  1.16  -.10  -.16 -2.25  -.36 -2.06   .45
% W       4.99  5.68  4.97  5.68  6.09  6.28  5.09  5.06  4.31  4.47  4.00  4.23
MEAN      2.28  2.31  2.20  2.21  2.28  2.49  2.64  2.56  2.00  2.09  1.64  1.93
STD DEV    .26   .67   .53   .46   .52   .71   .43   .55   .44   .55   .29   .42
SKEW      -.51   .37   .29   .62 -1.38  1.73   .26   .71   .38  1.62   .05   .18
% WNW     5.43  6.05  4.47  4.33  4.87  4.92  4.40  4.74  2.69  3.13  3.81  4.61
MEAN      2.30  2.41  2.36  2.05  2.35  2.50  2.72  2.53  1.71  1.87  1.81  2.37
STD DEV    .40   .68  1.00   .58   .73   .94   .88   .93   .41   .66   .44   .52
SKEW      1.11   .72   .54  1.41  -.74  2.12  -.45  -.12   .53  1.73  -.15   .22
% NW      7.17  6.56  4.36  3.55  4.03  4.26  4.79  5.04  3.01  3.54  4.61  7.36
MEAN      2.39  2.59  2.39  1.77  2.21  2.59  2.82  2.88  2.22  1.80  2.21  2.46
STD DEV    .64   .93  1.08   .65   .81  1.08  1.08  1.18  1.22   .56  1.01   .79
SKEW       .22  1.00   .47  1.07 -1.18   .56  -.39   .31  1.74  1.97  1.84   .41
% NNW     9.64  7.53  5.83  3.50  4.49  3.82  5.58  6.06  4.41  5.01  7.52 12.15
MEAN      2.84  2.81  2.84  2.28  2.01  2.23  2.74  3.02  1.67  1.83  2.70  3.17
STD DEV   1.01  1.14  1.17  1.35  1.04   .72   .76  1.14   .48   .42  1.07  1.28
SKEW      -.24   .78   .02   .79  -.14   .36   .29  -.13   .65  1.37  1.08 -1.03
CALM     29.22 24.38 16.35 13.22 10.75 10.68 12.61 13.85 17.08 22.53 29.16 33.12
 
INTERPOLATED DATA (station & weighting factor)
 
---Wind Stations---
LEMOORE       CA     .393  BAKERSFIELD   CA     .392  CHINA LAKE    CA     .215
---Solar Radiation and Max .5 P Stations---
 BAKERSFIELD, CALIF  .520   FRESNO, CALIFORNIA  .372   LAS VEGAS, NEVADA   .108 
---Dewpoint Stations---
CA BAKERSFIELD       .523  CA FRESNO            .367  NV LAS VEGAS         .109 
---Time Peak Stations---
SPRINGVILLE TULE CA  .518  UHL RANGER STATION   
