 HFC_test +                              99      
 LATT=  39.29 LONG= 113.09                   
 ELEVATION = 2805.0                    
 MEAN P   0.00  0.01  0.06  0.11  0.20  0.15  0.28  0.30  0.30  0.22  0.28  0.06
 P(W/W)   1.00  0.64  0.25  0.29  0.34  0.47  0.48  0.45  0.44  0.29  0.20  0.10
 P(W/D)   0.00  0.04  0.07  0.13  0.19  0.29  0.33  0.32  0.31  0.19  0.11  0.05
 P(W/W)   1.00  0.64  0.25  0.29  0.34  0.47  0.48  0.45  0.44  0.29  0.20  0.10
 P(W/D)   0.00  0.04  0.07  0.13  0.19  0.29  0.33  0.32  0.31  0.19  0.11  0.05
 TMAX AV 30.40 40.60 54.70 69.40 80.90 87.80 90.20 85.90 76.10 65.60 47.40 32.60
 TMIN AV  1.70 12.20 24.90 38.50 50.20 60.00 64.50 60.80 50.30 36.90 22.90  7.80
 
Modified by Rock:Clime on March 8, 2018 from
  HFC_test +                              99      
