 SAINT MARIES ID 47m32 + +               99      
 LATT=  47.25 LONG= 116.45                   
 ELEVATION = 3250.0                    
 MEAN P   0.36  0.34  0.31  0.26  0.29  0.31  0.27  0.32  0.31  0.26  0.35  0.35
 P(W/W)   0.67  0.59  0.60  0.52  0.52  0.48  0.33  0.43  0.47  0.55  0.63  0.63
 P(W/D)   0.29  0.29  0.25  0.26  0.23  0.20  0.12  0.11  0.14  0.20  0.31  0.33
 TMAX AV 39.25 46.99 54.41 64.06 73.01 80.95 90.18 89.74 80.13 65.18 48.14 40.32
 TMIN AV 25.59 29.93 32.86 37.80 44.20 50.50 53.39 52.35 45.56 38.56 33.47 28.13

Modified by Rock:Clime on November 17, 2013 from
 