 guatemala +                             99      
 LATT=  37.77 LONG= -78.15                   
 ELEVATION =  298.5                    
 MEAN P   0.14  0.22  0.26  0.31  0.55  0.60  0.44  0.50  0.53  0.46  0.21  0.13
 P(W/W)   0.27  0.29  0.31  0.36  0.45  0.49  0.43  0.49  0.63  0.62  0.40  0.32
 P(W/D)   0.16  0.17  0.17  0.17  0.27  0.29  0.27  0.27  0.29  0.21  0.20  0.17
 TMAX AV 47.08 49.77 58.69 69.85 78.58 85.57 88.88 87.48 81.88 71.29 60.60 49.68
 TMIN AV 24.24 25.43 32.97 42.04 51.62 60.31 64.60 63.39 56.26 43.70 34.09 26.47

Modified by Rock:Clime on February 6, 2012 from
 