  +                                      99      
 LATT=  -0.00 LONG=  -0.00                   
 ELEVATION =    0.0                    
 MEAN P   0.00  0.00  0.00  0.00  0.00  0.00  0.00  0.00  0.00  0.00  0.00  0.00
 P(W/W)   0.00  0.00  0.00  0.00  0.00  0.00  0.00  0.00  0.00  0.00  0.00  0.00
 P(W/D)   0.00  0.00  0.00  0.00  0.00  0.00  0.00  0.00  0.00  0.00  0.00  0.00
 TMAX AV 35.60 37.94 42.08 48.20 57.38 63.14 66.92 66.02 62.06 54.50 43.16 37.40
 TMIN AV 25.34 26.78 30.20 34.88 42.44 48.02 51.44 51.08 46.94 40.82 32.36 26.60

Modified by Rock:Clime on June 3, 2011 from
 