 nebalst + +                             99      
 LATT= -32.70 LONG= -36.67                   
 ELEVATION = 5136.5                    
 MEAN P   0.50  0.53  0.37  0.14  0.06  0.00  0.00  0.00  0.03  0.11  0.23  0.44
 P(W/W)   0.00  0.00  0.00  0.00  0.00  0.00  0.00  0.00  0.00  0.00  0.00  0.00
 P(W/D)   0.00  0.00  0.00  0.00  0.00  0.00  0.00  0.00  0.00  0.00  0.00  0.00
 P(W/W)   1.00  1.00  1.00  1.00  1.00 -0.00 -0.00 -0.00  1.00  1.00  1.00  1.00
 P(W/D)   0.00  0.00  0.00  0.00  0.00 -0.00 -0.00 -0.00  0.00  0.00  0.00  0.00
 TMAX AV 50.32 55.15 63.27 73.38 80.89 87.58 90.32 90.18 84.31 74.34 62.91 53.01
 TMIN AV 30.22 32.72 39.60 48.24 56.62 63.97 67.59 65.86 59.88 47.23 38.41 32.14
 
Modified by Rock:Clime on May 26, 2017 from
   +                                      99      

Modified by Rock:Clime on May 26, 2017 from
  nebalst +                               99      
