 mw + + + +                              99      
 LATT=  46.73 LONG=-117.00                   
 ELEVATION = 2656.8                    
 MEAN P   0.00  0.00  0.00  0.00  0.00  0.00  0.20  0.00  0.00  0.00  0.00  0.00
 P(W/W)   0.00 -0.00 -0.00 -0.00 -0.00 -0.00 -0.00 -0.00 -0.00 -0.00 -0.00 -0.00
 P(W/D)   0.00 -0.00 -0.00 -0.00 -0.00 -0.00 10.00 -0.00 -0.00 -0.00 -0.00 -0.00
 TMAX AV -0.00 -0.00 -0.00 -0.00 -0.00 -0.00 -0.00 -0.00 -0.00 -0.00 -0.00 -0.00
 TMIN AV -0.00 -0.00 -0.00 -0.00 -0.00 10.00 -0.00 -0.00 -0.00 -0.00 -0.00 -0.00

Modified by Rock:Clime on October 5, 2010 from
 