 EUREKA WBO CA + + + + +                 99      
 LATT=  40.88 LONG= 124.05                   
 ELEVATION =  656.0                    
 MEAN P   0.00  0.00  0.00  0.00  0.00  0.03  0.01  0.00  0.00  0.00  0.00  0.00
 P(W/W)   0.00  0.00  0.00  0.00  0.00  0.00  0.00  0.00  0.00  0.00  0.00  0.00
 P(W/D)   0.00  0.00  0.00  0.00  0.00 28.00 15.00  0.00  0.00  0.00  0.00  0.00
 TMAX AV  0.00  0.00  0.00  0.00  0.00  0.00  0.00  0.00  0.00  0.00  0.00  0.00
 TMIN AV  0.00  0.00  0.00  0.00 28.00 15.00  0.00  0.00  0.00  0.00  0.00  0.00

Modified by Rock:Clime on March 28, 2015 from
 