 Guadalajara + +                         99      
 LATT=  41.05 LONG=  -2.21                   
 ELEVATION = 4113.1                    
 MEAN P   0.00  0.00  0.00  0.00  0.00  0.00  0.00  0.00  0.00  0.00  0.00  0.00
 P(W/W)   0.00  0.00  0.00  0.00  0.00  0.00  0.00  0.00  0.00  0.00  0.00  0.00
 P(W/D)   0.00  0.00  0.00  0.00  0.00  0.00  0.00  0.00  0.00  0.00  0.00  0.00
 P(W/W)   0.00  0.00  0.00  0.00  0.00  0.00  0.00  0.00  0.00  0.00  0.00  0.00
 P(W/D)   0.00  0.00  0.00  0.00  0.00  0.00  0.00  0.00  0.00  0.00  0.00  0.00
 TMAX AV 43.74 44.87 50.22 54.64 61.93 73.87 82.67 79.81 71.47 61.43 49.57 43.25
 TMIN AV 26.20 26.85 28.20 32.94 37.18 42.80 48.51 47.35 42.24 36.75 30.06 27.16
 
Modified by Rock:Clime on April 4, 2018 from
   +                                      99      

Modified by Rock:Clime on April 4, 2018 from
  Guadalajara +                           99      
