 Guadalajara +                           99      
 LATT=   0.00 LONG=   0.00                   
 ELEVATION =    0.0                    
 MEAN P   0.29  0.29  0.27  0.32  0.32  0.32  0.29  0.29  0.39  0.36  0.36  0.34
 P(W/W)   0.00  0.00  0.00  0.00  0.00  0.00  0.00  0.00  0.00  0.00  0.00  0.00
 P(W/D)   0.00  0.00  0.00  0.00  0.00  0.00  0.00  0.00  0.00  0.00  0.00  0.00
 P(W/W)   0.00  0.00  0.00  0.00  0.00  0.00  0.00  0.00  0.00  0.00  0.00  0.00
 P(W/D)   0.00  0.00  0.00  0.00  0.00  0.00  0.00  0.00  0.00  0.00  0.00  0.00
 TMAX AV 43.74 44.87 50.22 54.64 61.93 73.87 82.67 79.81 71.47 61.43 49.57 43.25
 TMIN AV 26.20 26.85 28.20 32.94 37.18 42.80 48.51 47.35 42.24 36.75 30.06 27.16
 
Modified by Rock:Clime on April 4, 2018 from
   +                                      99      
