 rachp2 + + + +                          99      
 LATT=  47.28 LONG=  88.56                   
 ELEVATION =  807.0                    
 MEAN P   0.00  0.00  0.00  0.00  0.00  0.10  0.10  0.00  0.00  0.00  0.00  0.00
 P(W/W)   0.00  0.00  0.00  0.00  0.00  0.00  0.00  0.00  0.00  0.00  0.00  0.00
 P(W/D)   0.00  0.00  0.00  0.00  0.00 26.00 13.00  0.00  0.00  0.00  0.00  0.00
 TMAX AV  0.00  0.00  0.00  0.00  0.00  0.00  0.00  0.00  0.00  0.00  0.00  0.00
 TMIN AV  0.00  0.00  0.00  0.00 26.00 13.00  0.00  0.00  0.00  0.00  0.00  0.00

Modified by Rock:Clime on April 26, 2013 from
 