 sfcvfd + +                              99      
 LATT=  43.53 LONG=-112.95                   
 ELEVATION = 4930.0                    
 MEAN P   0.10  0.11  0.10  0.12  0.16  0.18  0.14  0.14  0.18  0.14  0.12  0.11
 P(W/W)   0.42  0.36  0.32  0.41  0.46  0.47  0.33  0.30  0.38  0.36  0.35  0.43
 P(W/D)   0.16  0.14  0.16  0.15  0.18  0.16  0.10  0.10  0.10  0.09  0.16  0.16
 TMAX AV 27.54 34.15 43.71 56.42 66.75 76.74 87.10 85.13 73.81 60.99 41.97 30.22
 TMIN AV 12.54 14.35 19.97 27.75 36.35 43.94 49.42 47.31 37.54 26.77 18.15 11.75

Modified by Rock:Clime on February 23, 2015 from
 