  +                                      99      
 LATT=  -0.00 LONG=  -0.00                   
 ELEVATION =    0.0                    
 MEAN P   0.00  0.00  0.00  0.00  0.00  0.00  0.00  0.00  0.00  0.00  0.00  0.00
 P(W/W)   0.00  0.00  0.00  0.00  0.00  0.00  0.00  0.00  0.00  0.00  0.00  0.00
 P(W/D)   0.00  0.00  0.00  0.00  0.00  0.00  0.00  0.00  0.00  0.00  0.00  0.00
 TMAX AV 81.49 84.10 88.34 91.51 95.34 94.52 88.40 86.47 85.91 86.53 84.46 81.37
 TMIN AV 31.79 35.76 36.18 40.95 45.61 51.25 52.88 52.42 49.87 42.96 36.19 32.99

Modified by Rock:Clime on May 12, 2016 from
 