 Nitin +                                 99      
 LATT= -35.52 LONG=-107.32                   
 ELEVATION = 5900.0                    
 MEAN P   0.00  0.00  0.00  0.00  0.00  0.00  0.00  0.00  0.00  0.00  0.00  0.00
 P(W/W)   0.00  0.00  0.00  0.00  0.00  0.00  0.00  0.00  0.00  0.00  0.00  0.00
 P(W/D)   0.00  0.00  0.00  0.00  0.00  0.00  0.00  0.00  0.00  0.00  0.00  0.00
 TMAX AV 92.84 94.28 95.54 96.44 95.54 88.16 84.74 84.92 87.08 91.40 93.38 92.84
 TMIN AV 62.42 63.32 69.26 74.48 77.18 75.92 74.84 74.84 74.48 73.76 69.08 63.50

Modified by Rock:Clime on February 27, 2018 from
 