 test555 +                               99      
 LATT=   0.00 LONG=   0.00                   
 ELEVATION = 5900.0                    
 MEAN P   0.00  0.00  0.00  0.00  0.00  0.00  0.00  0.00  0.00  0.00  0.00  0.00
 P(W/W)   0.00  0.00  0.00  0.00  0.00  0.00  0.00  0.00  0.00  0.00  0.00  0.00
 P(W/D)   0.00  0.00  0.00  0.00  0.00  0.00  0.00  0.00  0.00  0.00  0.00  0.00
 TMAX AV  1.00  2.00  3.00  4.00  5.00  6.00  7.00  8.00  9.00 10.00 11.00 12.00
 TMIN AV 21.00 22.00 23.00 24.00 25.00 26.00 27.00 28.00 29.00 30.00 31.00 32.00

Modified by Rock:Clime on December 7, 2010 from
 