 burdur +                                99      
 LATT=  -0.00 LONG=  -0.00                   
 ELEVATION =    0.0                    
 MEAN P   0.00  0.00  0.00  0.00  0.00  0.00  0.00  0.00  0.00  0.00  0.00  0.00
 P(W/W)   0.00  0.00  0.00  0.00  0.00  0.00  0.00  0.00  0.00  0.00  0.00  0.00
 P(W/D)   0.00  0.00  0.00  0.00  0.00  0.00  0.00  0.00  0.00  0.00  0.00  0.00
 TMAX AV 55.00 55.00 55.00 55.00 52.00 81.18 88.26 86.57 77.54 65.85 49.63 41.02
 TMIN AV  0.00  0.00  0.00  0.00  0.00  0.00  0.00  0.00  0.00  0.00  0.00  0.00

Modified by Rock:Clime on April 4, 2022 from
 