 COMBINATION_5 + +                       99      
 LATT=  46.67 LONG=-113.15                   
 ELEVATION = 3940.0                    
 MEAN P   3.87  2.61  2.03  1.72  1.57  1.49  1.45  1.38  1.36  1.28  1.27  1.26
 P(W/W)   0.06  0.12  0.17  0.21  0.26  0.36  0.42  0.46  0.56  0.53  0.50  0.56
 P(W/D)   0.03  0.07  0.09  0.12  0.14  0.16  0.17  0.19  0.19  0.22  0.29  0.28
 TMAX AV  1.00  2.00  3.00  4.00  5.00  6.00  7.00  8.00  9.00 10.00 11.00 12.00
 TMIN AV  2.00  3.00  4.00  5.00  6.00  7.00  8.00  9.00 10.00 11.00 12.00 13.00

Modified by Rock:Clime on December 8, 2010 from
 