 test999 +                               99      
 LATT=  46.47 LONG= 113.40                   
 ELEVATION = 6258.0                    
 MEAN P   0.00  0.00  0.00  0.00  0.00  0.00  0.00  0.00  0.00  0.00  0.00  0.00
 P(W/W)   0.00  0.00  0.00  0.00  0.00  0.00  0.00  0.00  0.00  0.00  0.00  0.00
 P(W/D)   0.00  0.00  0.00  0.00  0.00  0.00  0.00  0.00  0.00  0.00  0.00  0.00
 TMAX AV  1.00  2.00  3.00  4.00  5.00  6.00  7.00  8.00  9.00 10.00 11.00 13.00
 TMIN AV 12.00 11.00 10.00  9.00  8.00  7.00  6.00  5.00  4.00  3.00  2.00  1.00

Modified by Rock:Clime on December 7, 2010 from
 