 Panther Fire 1 + +                      99      
 LATT=  40.17 LONG= 121.66                   
 ELEVATION = 3283.0                    
 MEAN P   0.87  0.78  0.90  0.79  0.49  0.52  0.54  1.34  0.91  1.01  1.32  0.81
 P(W/W)   0.59  0.58  0.57  0.46  0.40  0.30  0.22  0.25  0.30  0.37  0.49  0.54
 P(W/D)   0.21  0.21  0.17  0.12  0.09  0.04  0.01  0.01  0.04  0.09  0.14  0.20
 TMAX AV 43.65 50.12 55.28 62.61 71.09 79.73 86.39 84.70 79.21 68.62 54.88 44.62
 TMIN AV 27.06 30.15 32.46 36.08 41.91 47.89 51.71 49.53 45.55 38.72 31.56 27.42

Modified by Rock:Clime on May 14, 2013 from
 