 COMBINATION_SNOTEL_410 MT +             999999 0
 LATT=  46.47 LONG=-113.40 YEARS= 22. TYPE= 3
 ELEVATION = 5600.0TP5 = 1.20 TP6= 2.33
 MEAN P   0.15  0.15  0.14  0.19  0.25  0.29  0.21  0.25  0.23  0.18  0.18  0.17
 S DEV P  0.08  0.11  0.08  0.17  0.23  0.25  0.18  0.24  0.24  0.14  0.14  0.11
 SKEW  P  1.70  2.41  2.23  2.93  2.75  2.21  2.33  2.23  4.11  2.32  2.25  2.06
 P(W/W)   0.40  0.40  0.45  0.42  0.46  0.50  0.37  0.34  0.33  0.32  0.39  0.45
 P(W/D)   0.23  0.25  0.20  0.32  0.29  0.26  0.16  0.17  0.19  0.21  0.28  0.27
 TMAX AV 32.32 35.89 42.53 49.27 58.31 65.62 77.35 75.84 65.81 51.27 38.29 30.51
 TMIN AV 15.55 16.03 20.74 26.58 33.06 38.82 44.43 43.56 37.52 30.03 21.85 14.38
 SD TMAX 10.03 10.33  9.37  9.77 10.62 10.50  9.07  9.64 13.77 11.27  9.92 10.30
 SD TMIN 12.84 12.08  9.29  6.26  5.56  5.22  5.25  5.11  5.90  7.50 10.60 12.72
 SOL.RAD 139.0 230.0 359.0 439.0 533.0 593.0 648.0 537.0 409.0 263.0 154.0 111.0
 SD SOL   22.3  25.5  33.0  61.5  72.1  71.0  43.2 104.0  56.0  26.9  23.6  22.1
 MX .5 P  0.12  0.09  0.09  0.15  0.19  1.01  0.65  0.45  0.22  0.10  0.08  0.09
 DEW PT  18.90 20.00 25.10 31.12 38.11 44.18 51.01 50.02 43.18 34.28 25.14 17.60
Time Pk  0.814 0.872 0.894 0.922 0.925 0.926 0.929 0.930 0.933 0.948 0.974 1.000
% N      10.26  8.80  8.59  7.32  7.56  7.91  7.57  9.50  7.81  8.55  8.17  9.95
MEAN      2.48  2.62  2.82  2.84  3.03  3.19  2.96  3.01  2.80  2.64  2.49  2.59
STD DEV   1.06  1.14  1.27  1.33  1.43  1.53  1.32  1.34  1.27  1.14  1.10  1.19
SKEW      0.65  0.51  0.83  0.95  0.89  0.89  0.84  0.93  1.22  0.68  0.86  1.06
% NNE     2.06  2.46  2.72  2.96  3.32  3.05  2.80  2.51  2.60  2.54  2.48  2.46
MEAN      2.64  2.38  2.65  3.09  3.54  3.08  2.99  3.01  2.70  2.56  2.35  2.28
STD DEV   1.37  1.02  1.21  1.79  1.82  1.37  1.27  1.24  1.13  1.34  1.10  1.08
SKEW      1.12  0.54  0.83  1.49  0.74  0.48  0.39  0.34  0.48  1.71  0.84  0.88
% NE      8.60  6.91  9.03  7.78  7.98  7.49  7.56  8.79  9.35  7.17  4.92  6.10
MEAN      3.11  2.77  3.11  3.24  3.12  3.19  3.14  3.04  2.93  2.60  2.28  2.58
STD DEV   1.70  1.36  1.67  1.59  1.50  1.69  1.27  1.28  1.35  1.25  0.92  1.29
SKEW      1.13  1.12  1.37  1.01  1.25  1.55  0.59  0.82  1.17  1.52  0.67  1.64
% ENE     1.72  1.46  2.19  2.40  2.46  2.07  1.92  2.19  2.51  2.19  1.63  2.18
MEAN      3.33  3.17  3.70  3.49  3.65  3.44  3.21  3.04  3.03  2.69  2.61  3.41
STD DEV   2.00  1.48  1.91  1.88  1.73  1.50  1.41  1.25  1.27  1.13  1.20  1.87
SKEW      1.21  0.29  0.84  1.30  0.68  0.65  0.88  0.30  0.63  1.13  0.98  0.53
% E       4.11  2.83  5.22  4.30  6.47  4.93  4.68  4.51  5.70  4.04  2.54  2.86
MEAN      3.80  3.73  4.40  3.71  3.94  3.77  3.35  3.14  3.50  3.25  2.40  2.70
STD DEV   2.37  2.71  2.49  1.85  2.08  1.83  1.51  1.46  1.71  1.91  1.25  1.47
SKEW      0.84  1.49  0.79  0.85  0.81  0.87  0.81  0.91  0.80  1.21  1.27  1.32
% ESE     1.61  1.45  1.48  2.07  1.90  1.90  1.71  1.82  2.29  1.64  1.26  1.22
MEAN      5.21  4.91  4.47  4.26  3.73  3.34  2.89  2.94  3.46  2.83  2.42  3.15
STD DEV   3.55  3.24  2.48  2.33  2.07  1.99  1.10  1.35  1.53  1.74  1.14  2.05
SKEW      0.42  0.42  0.38  0.57  0.65  1.30  0.54  0.84  0.57  2.11  1.25  0.72
% SE      2.46  2.60  2.93  2.59  3.68  4.01  4.83  4.32  4.61  3.46  3.00  2.74
MEAN      2.49  3.18  3.18  2.90  2.90  2.71  2.84  2.64  2.68  2.56  2.40  2.35
STD DEV   1.44  2.18  2.00  1.61  1.50  1.26  1.28  1.14  1.08  1.23  1.00  1.08
SKEW      1.96  1.94  1.40  1.73  1.74  1.23  1.33  1.03  0.56  1.56  0.92  1.45
% SSE     1.17  0.93  0.90  1.18  1.68  1.51  2.30  2.04  2.03  2.00  1.19  1.24
MEAN      4.98  2.36  1.96  2.36  2.88  2.60  2.92  2.62  2.41  2.29  2.31  2.94
STD DEV   3.68  0.82  0.76  1.10  1.36  1.50  1.35  1.11  0.88  0.98  0.97  1.75
SKEW      0.93  0.03  0.29  1.31  0.74  2.14  1.45  0.94  0.75  0.95  0.69  1.51
% S       3.58  3.26  2.71  2.72  3.51  4.46  4.79  5.36  4.37  4.00  3.63  3.64
MEAN      3.88  2.79  2.87  3.16  2.74  2.94  2.93  3.00  2.87  2.77  3.05  3.67
STD DEV   2.38  1.44  1.34  1.68  1.34  1.45  1.29  1.47  1.30  1.75  1.99  2.61
SKEW      0.87  1.15  0.75  1.66  0.86  1.01  0.64  0.94  1.13  2.05  1.50  1.34
% SSW     3.25  2.57  1.83  2.32  2.10  2.16  2.83  2.95  2.68  3.15  2.29  3.55
MEAN      5.33  5.07  3.12  3.76  3.19  2.89  3.14  2.83  2.67  3.27  4.24  4.75
STD DEV   3.07  2.69  1.73  1.93  1.98  1.28  1.28  1.47  1.18  2.11  2.70  2.77
SKEW      0.54  0.41  1.26  0.86  2.17  0.72  0.77  2.22  0.63  1.37  0.94  0.65
% SW     10.32 11.14  9.67  8.61  7.20  8.10  8.99  9.84  8.85  8.47  9.31 11.25
MEAN      4.26  4.73  3.75  4.22  3.53  3.40  3.42  3.34  3.28  3.49  3.85  3.92
STD DEV   2.45  2.90  2.16  2.38  1.75  1.66  1.62  1.59  1.62  2.06  2.45  2.38
SKEW      0.86  1.23  1.34  1.25  1.26  1.49  1.19  1.24  1.00  1.55  1.22  1.37
% WSW     4.48  4.95  4.96  5.05  4.63  5.38  4.50  4.32  4.33  5.21  5.63  4.74
MEAN      4.59  4.97  4.74  4.99  4.72  4.17  4.10  3.42  4.03  3.94  4.37  4.10
STD DEV   2.53  2.74  2.84  2.91  2.69  2.53  2.52  1.80  2.57  2.43  2.82  2.33
SKEW      0.89  0.78  0.95  0.74  0.81  0.84  1.15  1.11  1.12  1.11  1.11  1.56
% W      10.76 11.72 11.45 11.52 10.84 10.95  9.49  7.72  8.52  9.16 11.12 11.51
MEAN      4.27  4.72  4.87  5.35  5.05  4.69  4.43  4.24  4.27  4.55  4.33  4.34
STD DEV   2.40  2.68  2.49  2.66  2.65  2.27  2.45  2.10  2.28  2.47  2.48  2.54
SKEW      0.83  1.13  0.75  0.77  0.61  0.66  1.05  0.82  0.74  0.93  1.41  1.68
% WNW     5.87  8.86  8.22 10.05 10.28  9.46  7.60  6.78  7.77  7.82  8.95  5.43
MEAN      4.52  4.61  5.03  5.33  5.24  4.90  5.02  4.93  4.77  4.26  4.43  4.24
STD DEV   2.48  2.22  2.30  2.48  2.36  2.18  2.30  2.12  2.14  2.01  2.20  2.42
SKEW      0.85  0.64  0.58  0.49  0.44  0.47  0.51  0.47  0.60  0.70  0.81  1.13
% NW     14.84 17.67 16.23 20.31 16.32 17.17 18.08 17.67 15.86 16.08 16.29 14.85
MEAN      4.23  4.28  4.43  5.21  4.94  4.84  4.96  4.66  4.49  4.12  3.95  3.94
STD DEV   2.35  2.44  2.34  2.60  2.57  2.30  2.37  2.33  2.39  2.19  2.14  2.29
SKEW      0.67  0.98  0.79  0.69  0.85  0.49  0.53  0.94  0.77  1.07  0.92  1.41
% NNW     4.08  4.52  4.30  3.66  4.30  3.93  4.16  3.88  4.31  4.63  5.47  4.00
MEAN      2.98  3.09  3.21  3.27  3.71  3.51  3.85  3.59  3.36  3.06  3.03  2.84
STD DEV   1.34  1.54  1.82  1.67  1.96  1.86  2.04  1.92  1.71  1.56  1.60  1.43
SKEW      0.91  1.14  1.36  1.10  0.73  1.10  0.82  0.81  0.92  1.02  1.21  1.20
CALM     10.86  7.78  7.60  5.12  5.83  5.57  6.24  5.76  6.48  9.87 12.24 12.25


Modified by Rock:Clime on April 19, 2012 from
  COMBINATION_SNOTEL_410 MT               999999 0
