 TOKETEE FALLS OR + +                    99      
 LATT=  43.28 LONG=-122.45                   
 ELEVATION = 2060.0                    
 MEAN P   0.39  0.33  0.29  0.23  0.24  0.22  0.19  0.25  0.27  0.35  0.43  0.43
 P(W/W)   0.74  0.77  0.76  0.72  0.64  0.59  0.41  0.48  0.60  0.64  0.75  0.76
 P(W/D)   0.30  0.28  0.31  0.31  0.20  0.15  0.06  0.08  0.10  0.19  0.33  0.32
 TMAX AV 42.29 48.29 53.67 60.86 69.80 77.65 86.12 85.43 77.99 63.48 48.60 41.95
 TMIN AV 29.15 30.95 32.50 35.71 40.83 46.87 50.15 49.37 44.32 38.30 33.83 30.11

Modified by Rock:Clime on June 27, 2013 from
 