 CASCADIA R S OR + +                     99      
 LATT=  44.38 LONG=-122.50                   
 ELEVATION =  800.0                    
 MEAN P   0.60  0.55  0.48  0.41  0.41  0.41  0.25  0.33  0.43  0.57  0.68  0.65
 P(W/W)   0.78  0.77  0.78  0.72  0.68  0.61  0.44  0.53  0.56  0.66  0.77  0.79
 P(W/D)   0.32  0.30  0.34  0.31  0.22  0.16  0.07  0.07  0.14  0.22  0.32  0.34
 TMAX AV 45.13 50.45 54.72 60.94 66.55 72.43 80.22 80.74 75.49 64.29 52.06 45.78
 TMIN AV 30.56 32.57 34.19 37.26 41.69 46.96 48.62 47.76 44.01 39.45 35.38 32.62

Modified by Rock:Clime on October 7, 2014 from
 