 bulogan + + + +                         99      
 LATT=   8.05 LONG=-124.90                   
 ELEVATION = 4113.0                    
 MEAN P   0.00  0.00  0.00  0.00  0.00  0.50  0.00  0.00  0.00  0.00  0.00  0.00
 P(W/W)   0.00  0.00  0.00  0.00  0.00  0.00  0.00  0.00  0.00  0.00  0.00  0.00
 P(W/D)   0.00  0.00  0.00  0.00  0.00  0.00  0.00  0.00  0.00  0.00  0.00  0.00
 TMAX AV  0.00  0.00  0.00  0.00  0.00  0.00  0.00  0.00  0.00  0.00  0.00  0.00
 TMIN AV  0.00  0.00  0.00  0.00  0.002015.00  0.00  0.00  0.00  0.00  0.00  0.00

Modified by Rock:Clime on February 21, 2015 from
 