 + + +                                   99      
 LATT=  -0.00 LONG=  -0.00                   
 ELEVATION =    0.0                    
 MEAN P  25.00 25.00 25.00 25.00 25.00  5.00 12.50  5.00 25.00 25.00  5.00 25.00
 P(W/W)   0.00  0.00  0.00  0.00  0.00  0.00  0.00  0.00  0.00  0.00  0.00  0.00
 P(W/D)   0.00  0.00  0.00  0.00  0.00  0.00  0.00  0.00  0.00  0.00  0.00  0.00
 P(W/W)   0.00 40.00 42.00  0.00  0.00  0.00  0.00  0.00  0.00  0.00  0.00  0.00
 P(W/D)   0.00  0.00  0.00  0.00  0.00  0.00  0.00  0.00  0.00  0.00  0.00  0.00
 TMAX AV 35.00 42.00 43.00 44.00 46.00 48.00 52.00 51.00 48.00 40.00 38.00 35.00
 TMIN AV 20.00 22.00 23.00 22.00 32.00 37.00 40.00 40.00 32.00 22.00 23.00 20.00
 
Modified by Rock:Clime on May 9, 2016 from
   +                                      99      

Modified by Rock:Clime on May 9, 2016 from
  + +                                     99      
