 San Antonia TX + +                      99      
 LATT=  31.70 LONG=-106.32                   
 ELEVATION =  809.0                    
 MEAN P   0.25  0.25  0.26  0.33  0.47  0.55  0.53  0.44  0.46  0.60  0.34  0.25
 P(W/W)   0.53  0.66  0.67  0.72  0.72  0.60  0.28  0.26  0.47  0.61  0.58  0.59
 P(W/D)   0.14  0.12  0.13  0.08  0.11  0.13  0.15  0.13  0.15  0.11  0.12  0.13
 TMAX AV 63.00 67.00 73.60 80.70 87.10 92.40 94.70 96.10 90.40 82.30 72.30 64.10
 TMIN AV 40.70 44.20 50.90 58.20 66.90 74.70 74.80 69.10 60.20 50.10 41.70 58.68

Modified by Rock:Clime on December 21, 2012 from
 