  +                                      99      
 LATT=  -0.00 LONG=   0.00                   
 ELEVATION =  321.0                    
 MEAN P   0.00  0.01  0.01  0.01  0.01  0.01  0.00  0.00  0.00  0.00  0.00  0.00
 P(W/W)   0.00  0.00  0.00  0.00  0.00  0.00  0.00  0.00  0.00  0.00  0.00  0.00
 P(W/D)   0.00  0.00  0.00  0.00  0.00  0.00  0.00  0.00  0.00  0.00  0.00  0.00
 P(W/W)   0.00  0.00  0.00  0.00  0.00  0.00  0.00  0.00  0.00  0.00  0.00  0.00
 P(W/D)   0.00  0.00  0.00  0.00  0.00  0.00  0.00  0.00  0.00  0.00  0.00  0.00
 TMAX AV 50.55 54.58 58.66 66.01 73.05 83.58 88.20 90.17 79.35 69.38 54.44 49.59
 TMIN AV 32.76 33.65 36.87 45.38 52.00 58.19 62.21 65.26 57.69 49.99 40.71 34.57
 
Modified by Rock:Clime on October 22, 2013 from
   +                                      99      
