  +                                      99      
 LATT=  -0.00 LONG=  -0.00                   
 ELEVATION =  442.8                    
 MEAN P   0.02  0.39  0.00  0.00  0.00  0.00  0.00  0.00  0.00  0.00  0.00  0.00
 P(W/W)    nan   nan  0.00  0.00  0.00  0.00  0.00  0.00  0.00  0.00  0.00  0.00
 P(W/D)    nan   nan  0.00  0.00  0.00  0.00  0.00  0.00  0.00  0.00  0.00  0.00
 TMAX AV 34.56 36.95 -0.00 -0.00 -0.00 -0.00 -0.00 -0.00 -0.00 -0.00 -0.00 -0.00
 TMIN AV 33.88 39.20 -0.00 -0.00 -0.00 -0.00 -0.00 -0.00 -0.00 -0.00 -0.00 -0.00

Modified by Rock:Clime on November 19, 2009 from
 