 CZEKOBY01 +                             99      
 LATT=   0.00 LONG=   0.00                   
 ELEVATION =  574.0                    
 MEAN P   0.00  0.00  0.00  0.00  0.00  0.00  0.00  0.00  0.00  0.00  0.00  0.00
 P(W/W)   0.00  0.00  0.00  0.00  0.00  0.00  0.00  0.00  0.00  0.00  0.00  0.00
 P(W/D)   0.00  0.00  0.00  0.00  0.00  0.00  0.00  0.00  0.00  0.00  0.00  0.00
 P(W/W)   0.00 36.12 41.18 52.11  0.00  0.00  0.00  0.00  0.00  0.00  0.00  0.00
 P(W/D)   0.00  0.00  0.00  0.00  0.00  0.00  0.00  0.00  0.00  0.00  0.00  0.00
 TMAX AV 36.12 41.18 52.11 63.80 69.35 77.63 81.84 81.33 71.46 59.15 48.74 39.39
 TMIN AV 24.86 27.82 32.06 39.51 48.01 54.74 57.03 56.91 49.64 41.35 36.18 29.04
 
Modified by Rock:Clime on October 21, 2021 from
   +                                      99      
