 gumara + +                              99      
 LATT=  11.85 LONG= -37.98                   
 ELEVATION = 8893.0                    
 MEAN P   0.46  0.47  0.56  0.51  0.48  0.45  0.45  0.40  0.44  0.42  0.50  0.55
 P(W/W)   0.54  0.51  0.45  0.46  0.45  0.47  0.47  0.43  0.51  0.46  0.46  0.47
 P(W/D)   0.26  0.28  0.30  0.24  0.24  0.21  0.24  0.22  0.18  0.16  0.24  0.26
 TMAX AV 50.32 55.14 63.26 73.39 80.88 87.58 90.32 90.18 84.31 74.34 62.90 53.01
 TMIN AV 30.21 32.72 39.60 48.23 56.63 63.96 67.59 65.85 59.89 47.23 38.40 32.15

Modified by Rock:Clime on March 29, 2019 from
 