 Prudente + +                            99      
 LATT= -38.10 LONG=-145.71                   
 ELEVATION = 1429.0                    
 MEAN P   0.56  0.52  0.51  0.38  0.42  0.27  0.53  0.46  0.38  0.46  0.47  0.45
 P(W/W)   0.89  0.84  0.62  0.53  0.77  0.74  0.73  0.70  0.82  0.76  0.81  0.81
 P(W/D)   0.15  0.15  0.17  0.09  0.07  0.05  0.05  0.05  0.06  0.12  0.11  0.15
 TMAX AV 87.67 88.21 88.61 87.39 79.66 80.06 79.20 83.59 85.01 88.29 87.96 88.47
 TMIN AV 71.29 71.13 71.06 68.72 61.45 61.09 59.20 61.92 63.86 68.14 68.81 70.48

Modified by Rock:Clime on August 8, 2011 from
 