 Valdivia Chile final 3 + +              999999 0
 LATT= -39.50 LONG= -73.14 YEARS= 20. TYPE= 4
 ELEVATION = 1429.0TP5 = 2.56 TP6= 5.31
 MEAN P   0.56  0.52  0.51  0.38  0.42  0.27  0.53  0.46  0.38  0.46  0.47  0.45
 S DEV P  0.74  0.72  0.55  0.47  0.47  0.38  0.40  0.38  0.44  0.41  0.50  0.38
 SKEW  P  3.94  3.86  2.86  1.58  2.44  1.58  2.38  2.39  1.96  2.38  3.51  2.41
 P(W/W)   0.43  0.52  0.59  0.42  0.52  0.39  0.37  0.30  0.39  0.54  0.53  0.61
 P(W/D)   0.77  0.46  0.18  0.11  0.15  0.12  0.12  0.12  0.21  0.23  0.27  0.32
 TMAX AV 87.67 88.21 88.61 87.39 79.66 80.06 79.20 83.59 85.01 88.29 87.96 88.47
 TMIN AV 71.29 71.13 71.06 68.72 61.45 61.09 59.20 61.92 63.86 68.14 68.81 70.48
 SD TMAX  6.09  5.90  7.55  8.41  9.16 10.24 10.86 10.59 10.67 10.09  9.52  7.73
 SD TMIN  6.11  6.88  9.06  9.85 10.02 10.61 10.54 10.44  9.02  8.03  8.06  7.14
 SOL.RAD 513.0 454.0 382.0 276.0 192.0 144.0 161.0 234.0 321.0 401.0 484.0 527.0
 SD SOL   90.2 162.7  78.6  47.3  37.6  38.1  41.8  49.8  66.9  87.3  93.2  93.4
 MX .5 P  1.54  1.14  0.89  0.57  0.55   .35   .37   .38  0.42  0.57  0.74  1.09
 DEW PT  50.00 49.00 45.00 44.00 42.00 41.00 40.00 39.00 40.00 43.00 47.00 48.00
Time Pk  0.633 0.738 0.782 0.823 0.836 0.847 0.865 0.879 0.894 0.929 0.959 1.000
% N       6.54  6.11  5.55  5.43  4.93  4.32  4.43  6.42  7.91  8.31  6.29  5.96
MEAN      4.59  4.44  4.73  4.49  3.99  3.54  3.40  3.33  3.68  4.12  3.93  4.12
STD DEV   1.98  2.09  2.20  2.09  1.83  1.58  1.43  1.39  1.63  1.92  1.78  2.06
SKEW      0.69  0.98  0.74  0.79  0.71  0.84  0.92  0.66  1.04  1.09  0.96  1.45
% NNE     4.18  4.06  3.85  3.39  3.61  2.70  2.51  4.54  5.14  5.63  3.59  3.51
MEAN      4.95  4.43  4.77  4.26  4.14  3.93  3.36  3.67  3.91  4.33  4.21  4.35
STD DEV   2.21  2.09  2.32  2.04  1.81  1.76  1.39  1.59  1.77  1.96  1.99  2.21
SKEW      0.62  0.93  0.85  0.86  0.74  0.76  0.88  0.77  0.84  0.82  0.81  0.86
% NE      3.74  3.93  4.37  4.16  4.63  3.63  3.05  4.54  5.14  5.51  2.88  3.38
MEAN      5.16  4.35  4.76  4.37  4.20  4.11  3.34  3.67  3.93  4.66  4.07  4.42
STD DEV   2.82  2.36  2.48  2.18  2.11  2.06  1.51  1.78  1.87  2.39  2.28  2.50
SKEW      0.90  0.99  0.83  0.90  1.08  1.00  1.03  1.03  1.08  1.02  1.47  1.02
% ENE     2.42  3.56  5.32  4.83  4.57  4.29  2.99  3.93  4.76  4.54  2.75  2.91
MEAN      4.74  4.92  5.23  5.02  4.63  4.31  3.78  4.01  4.35  4.79  4.27  4.68
STD DEV   2.37  2.41  2.37  2.27  2.05  1.90  1.59  1.77  2.06  2.06  1.91  2.44
SKEW      0.80  0.75  0.56  0.48  0.55  0.62  0.64  0.86  0.92  0.55  0.78  0.88
% E       2.00  3.11  4.23  4.45  4.42  4.41  3.41  3.85  4.67  3.40  2.72  2.19
MEAN      4.49  4.41  4.69  4.61  4.16  3.83  3.48  3.46  3.67  3.95  4.14  3.81
STD DEV   2.42  2.32  2.13  2.08  1.93  1.65  1.47  1.40  1.55  1.79  2.17  1.84
SKEW      1.09  0.85  0.89  0.87  0.84  0.62  0.48  0.72  0.72  0.62  1.18  0.95
% ESE     1.52  2.59  3.25  3.70  4.40  4.05  3.03  3.73  3.69  2.89  2.54  1.92
MEAN      3.96  3.97  4.56  4.33  4.08  3.88  3.58  3.40  3.55  3.86  3.84  3.90
STD DEV   1.96  1.80  2.12  1.79  1.65  1.63  1.34  1.27  1.45  1.89  1.91  1.74
SKEW      0.84  0.97  0.77  0.68  0.54  0.61  0.49  0.54  0.75  1.22  1.39  0.76
% SE      1.77  2.28  3.31  3.72  4.27  3.78  3.95  4.07  3.99  2.79  2.99  1.76
MEAN      3.89  3.87  4.24  4.20  3.79  3.54  3.35  3.29  3.33  3.46  3.92  3.94
STD DEV   2.06  1.85  2.14  1.99  1.67  1.45  1.40  1.55  1.36  1.50  1.96  2.12
SKEW      1.24  1.16  1.12  1.09  0.72  0.58  0.46  1.10  0.65  1.02  1.47  1.38
% SSE     2.66  3.95  4.43  6.47  6.74  7.32  6.66  5.90  5.50  4.01  3.75  2.63
MEAN      4.02  4.52  4.85  4.72  4.36  4.17  3.84  3.88  3.98  3.87  4.44  4.77
STD DEV   2.02  2.22  2.32  1.99  1.82  1.68  1.56  1.83  1.71  1.72  2.07  2.39
SKEW      1.16  0.84  0.76  0.57  0.65  0.72  0.58  1.07  0.70  0.78  0.80  0.48
% S       6.34  6.35  6.97  9.79 10.62 12.65 13.49 10.67  8.93  7.11  7.36  5.08
MEAN      4.46  4.67  5.10  4.97  4.54  4.12  3.97  3.79  4.03  3.87  4.56  4.37
STD DEV   2.21  2.27  2.38  2.15  2.10  1.74  1.74  1.72  1.77  1.72  2.10  2.09
SKEW      1.07  0.93  0.64  0.45  0.71  0.57  0.65  0.83  0.67  0.75  0.85  0.67
% SSW     6.31  5.47  5.26  6.91  8.00  8.91 10.21  8.56  7.50  6.86  6.85  6.36
MEAN      4.39  4.73  4.99  4.95  4.32  4.00  3.79  3.70  3.87  3.85  4.29  4.37
STD DEV   2.10  2.23  2.34  2.23  1.92  1.69  1.66  1.62  1.76  1.68  1.95  1.97
SKEW      0.96  1.00  0.92  0.72  0.78  0.97  0.87  0.92  1.03  1.01  1.01  0.79
% SW      5.38  4.60  4.13  5.39  6.21  7.50  9.79  7.68  6.02  5.83  5.65  6.07
MEAN      4.25  4.30  4.36  4.51  3.96  3.78  3.65  3.51  3.59  3.71  4.04  4.10
STD DEV   2.05  2.12  2.02  2.06  1.79  1.58  1.55  1.45  1.60  1.57  1.84  1.92
SKEW      1.08  1.12  0.87  0.83  1.00  0.83  0.88  0.81  1.04  0.96  0.90  1.24
% WSW     6.41  5.63  5.38  6.08  6.61  7.59  7.47  6.84  5.28  6.18  6.55  7.77
MEAN      4.43  4.63  4.97  4.85  4.50  3.97  3.83  3.69  3.56  3.97  4.42  4.45
STD DEV   2.27  2.22  2.34  2.20  1.82  1.64  1.57  1.47  1.56  1.76  2.02  2.06
SKEW      1.28  1.08  1.04  1.06  0.57  0.79  0.74  0.73  0.99  1.01  1.01  1.16
% W      10.61  9.46  9.10  8.39  7.15  6.58  6.78  5.90  5.33  7.39 10.40 12.35
MEAN      5.17  5.74  5.81  5.26  4.71  4.07  3.66  3.71  3.64  4.20  4.79  4.94
STD DEV   2.63  2.97  3.05  2.51  2.15  1.77  1.61  1.57  1.63  1.95  2.26  2.42
SKEW      1.17  0.87  1.01  0.86  0.61  0.83  0.83  0.76  0.86  1.06  0.93  1.05
% WNW    14.21 13.46 12.18  9.20  6.49  5.67  4.73  4.75  5.24  7.18 11.79 14.03
MEAN      5.85  6.42  6.51  6.31  5.27  4.54  4.06  3.99  4.10  4.68  5.46  5.66
STD DEV   2.70  2.93  2.81  2.70  2.32  1.95  1.77  1.76  1.87  2.05  2.44  2.62
SKEW      0.74  0.63  0.46  0.56  0.50  0.80  0.75  0.83  1.17  0.78  0.69  0.75
% NW     10.23 10.59  9.89  6.90  5.87  5.37  4.53  4.64  5.24  6.59  9.36  9.90
MEAN      5.71  6.17  6.03  5.77  5.00  4.25  3.72  3.61  4.14  4.60  5.29  5.59
STD DEV   2.67  2.99  2.59  2.63  2.31  1.93  1.66  1.68  2.25  2.13  2.45  2.64
SKEW      0.68  0.66  0.48  0.55  0.43  0.87  0.73  1.03  2.08  0.78  0.66  0.64
% NNW     9.01  8.44  8.29  6.35  5.17  4.32  4.08  4.59  5.86  6.83  6.72  7.03
MEAN      5.64  5.49  5.56  5.41  4.87  4.24  3.81  3.64  4.13  4.76  4.98  5.17
STD DEV   2.40  2.47  2.39  2.31  2.11  1.87  1.56  1.59  2.00  2.14  2.41  2.31
SKEW      0.43  0.62  0.57  0.44  0.52  0.80  0.55  0.82  1.22  0.72  1.02  0.54
CALM      6.63  6.44  4.44  4.90  6.26  6.85  8.82  9.42  9.81  8.96  7.84  7.16

Created by W. Elliot, USFS RMRS

Modified by Rock:Clime on January 14, 2011 from
  Valdivia Chile final 3                  999999 0

Modified by Rock:Clime on January 14, 2011 from
  Valdivia Chile final 3 +                999999 0
