 Pu2NW + +                               99      
 LATT=  46.73 LONG=-117.00                   
 ELEVATION = 2630.0                    
 MEAN P   0.20  0.18  0.16  0.16  0.18  0.17  0.15  0.18  0.17  0.20  0.21  0.21
 P(W/W)   0.60  0.61  0.58  0.55  0.51  0.48  0.33  0.36  0.50  0.52  0.63  0.58
 P(W/D)   0.32  0.26  0.25  0.23  0.22  0.19  0.09  0.10  0.11  0.17  0.31  0.33
 TMAX AV 35.09 40.79 47.43 55.92 64.52 71.31 82.05 82.14 72.95 60.01 43.93 36.14
 TMIN AV 23.23 27.14 30.74 35.51 41.32 46.30 49.77 49.71 44.23 37.06 30.46 25.02

Modified by Rock:Clime on October 11, 2011 from
 