 Vcm111 + +                              99      
 LATT=  35.85 LONG= 106.49                   
 ELEVATION = 9226.6                    
 MEAN P   0.32  0.43  0.43  0.51  0.22  0.40  0.41  0.49  0.39  0.37  0.70  0.42
 P(W/W)   0.33  0.35  0.33  0.32  0.39  0.38  0.39  0.41  0.39  0.39  0.37  0.36
 P(W/D)   0.09  0.10  0.11  0.09  0.11  0.10  0.24  0.25  0.15  0.11  0.08  0.10
 TMAX AV 33.85 40.23 47.80 57.58 66.60 76.78 79.29 76.48 69.76 58.66 44.20 34.97
 TMIN AV 12.00 16.20 21.61 29.64 38.77 48.16 53.67 52.14 45.14 33.13 20.19 13.39

Modified by Rock:Clime on March 28, 2017 from
 