 CITEKO +                                99      
 LATT=  -6.70 LONG=-106.94                   
 ELEVATION =  979.0                    
 MEAN P   0.13  0.12  0.14  0.14  0.18  0.21  0.16  0.20  0.17  0.14  0.13  0.12
 P(W/W)   0.50  0.46  0.50  0.45  0.37  0.29  0.39  0.32  0.32  0.41  0.50  0.52
 P(W/D)   0.21  0.25  0.19  0.22  0.18  0.16  0.18  0.17  0.20  0.24  0.22  0.24
 TMAX AV 74.15 75.34 78.83 78.01 80.45 78.42 79.28 79.49 79.45 79.74 77.54 77.23
 TMIN AV 65.83 66.57 66.04 65.96 67.07 65.82 64.38 65.09 65.40 65.59 67.53 68.34

Modified by Rock:Clime on February 2, 2022 from
 