 KAHRAMANMARAS Turkey +                  99 7255 
 LATT=  37.36 LONG=  36.56 YEARS= 20. TYPE= 2
 ELEVATION = 1876.0TP5 =  .44 TP6= 2.65
 MEAN P   1.08  1.21  0.62  0.49  0.24  0.06  0.02  0.23  1.02  1.33  1.13  0.40
 S DEV P   .32   .29   .28   .23   .18   .04   .01   .03   .06   .22   .35   .39
 SKEW  P  4.37  3.93  3.92  4.32  2.88  1.35  2.47  4.45  4.47  4.45  4.45  0.17
 P(W/W)   0.25  0.26  0.24  0.21  0.13  0.01  0.01  0.01  0.03  0.11  0.19  0.26
 P(W/D)   0.13  0.15  0.14  0.16  0.13  0.06  0.02  0.02  0.05  0.11  0.11  0.14
 TMAX AV 49.20 51.93 60.24 70.47 80.11 89.44 96.51 96.59 90.44 78.72 62.43 51.22
 TMIN AV 26.11 28.81 31.15 36.20 42.12 48.43 54.09 52.83 47.82 39.76 31.37 26.79
 SD TMAX  6.13  8.11  8.48  8.48  8.60  6.19  5.59  5.73  6.05  8.73  8.90  6.78
 SD TMIN  5.56  6.21  5.80  5.58  5.41  4.04  2.98  2.92  4.60  5.59  6.83  6.30
 SOL.RAD  163.  231.  322.  431.  534.  612.  619.  549.  456.  310.  198.  137.
 SD SOL   71.2  77.8  68.3  93.8  74.3  98.3  34.3  30.4  49.3  57.6  82.3  49.5
 MX .5 P   .14   .12   .12   .08   .05   .01   .01   .01   .01   .06   .12   .16
 DEW PT  54.27 50.33 52.86 59.95 61.83 70.71 80.16 83.55 40.90 62.12 51.21 54.72
Time Pk   .802  .875  .895  .909  .911  .915  .922  .931  .944  .952  .976 1.000
% N       8.54  8.88  8.52  6.82  6.02  7.59  7.20  8.14  7.59  9.98 11.80  6.47
MEAN      3.10  3.60  3.10  2.90  3.10  4.00  4.30  3.50  3.00  2.70  2.90  2.80
STD DEV   2.72  2.64  2.71  1.96  1.46  1.80  1.45  2.32  2.29  3.64  4.45  1.83
SKEW      1.71   .76   .90   .70   .58   .80   .58   .73   .88   .92   .83  1.21
% NNE     2.94  3.98  3.49  1.91  1.91  1.97  1.99  1.85  2.00  2.49  2.61  3.02
MEAN      2.10  2.30  2.40  1.80  3.00  4.50  3.70  3.50  2.80  2.50  2.30  1.70
STD DEV    .42   .84   .54   .05   .55  1.27   .85   .83   .40   .00   .15   .66
SKEW      -.93   .21  -.75 -1.71  -.32  1.41   .59   .69  -.93 -1.73 -1.63   .35
% NE      3.23  3.23  3.40  3.54  1.34  1.37  1.23  2.23  2.41  4.01  4.60  4.35
MEAN      1.40  1.30  1.30  1.40  1.10  1.80  1.30  1.50  1.20  1.10  1.60  1.00
STD DEV    .92   .96  1.05  1.07   .12   .22   .04   .36   .60  1.46  1.50  1.68
SKEW      1.43  1.59  1.66  1.62 -1.46 -1.20 -1.71  -.64   .95  1.63  1.73  1.45
% ENE     6.12  6.80  7.07  5.13  3.77  2.65  2.72  2.69  2.91  3.25  4.32  5.68
MEAN      2.00  1.40  1.60  1.60  1.70  1.10  1.30   .90  1.20  1.20  1.60  1.60
STD DEV   2.06  2.70  2.74  1.77  1.03   .78   .71   .89   .85  1.03  1.36  2.04
SKEW      1.73  1.33  1.44  1.72  1.32  1.53  1.12  1.73  1.54  1.69  1.69  1.66
% E       7.16  7.55  6.79  5.86  4.89  3.66  2.83  2.81  3.77  4.34  7.82  8.52
MEAN      1.80  1.70  2.00  1.50  1.10   .90  1.10   .90   .80  1.00  1.30  1.70
STD DEV   2.68  2.93  2.40  2.18  1.90  1.38   .87   .96  1.49  1.67  3.26  3.41
SKEW      1.55  1.43  1.69  1.57  1.43  1.53  1.64  1.73  1.36  1.46  1.09  1.29
% ESE     8.14  7.26  6.42  5.18  4.16  2.69  2.87  1.72  1.04  3.74  5.42  8.04
MEAN      1.80  1.90  1.90  1.80  1.20   .90  1.00   .90   .90  1.00  1.60  1.70
STD DEV   3.17  2.68  2.26  1.69  1.48   .90   .94   .41   .07  1.37  1.91  3.17
SKEW      1.41  1.59  1.69  1.73  1.68  1.73  1.73   .73 -1.58  1.61  1.69  1.36
% SE      4.44  4.27  3.49  4.32  2.86  2.25  2.26  1.72  2.45  4.83  5.56  6.10
MEAN      1.10  1.40  1.40  1.20  1.10   .80  1.00  1.20  1.20  1.20  1.00   .90
STD DEV   1.67  1.43  1.04  1.56   .88   .72   .63   .26   .63  1.81  2.28  2.60
SKEW      1.54  1.73  1.59  1.65  1.65  1.72  1.37  -.82  1.03  1.54  1.17   .97
% SSE     4.33  4.27  4.23  3.77  2.16  1.25  1.57  1.76  2.14  2.44  3.98  2.96
MEAN      1.00  1.30  1.50  1.40  1.20  1.00  1.20  1.40  1.00  1.00   .90   .80
STD DEV   1.66  1.48  1.37  1.19   .48   .12   .18   .18   .57   .72  1.54  1.08
SKEW      1.46  1.71  1.72  1.69   .43 -1.40 -1.23 -1.37  1.19  1.55  1.44  1.62
% S      11.94  1.37  9.73  7.59  7.45  3.62  4.21   .67  9.59  1.85  9.74 11.30
MEAN       .70   .90  1.10  1.00  1.00   .90  1.10  1.10  1.10   .90   .70   .70
STD DEV   5.62  4.74  4.31  3.29  3.22  1.36  1.56   .21  4.24  4.97  4.52  5.30
SKEW       .37   .56   .74   .86   .88  1.54  1.59  -.10   .75   .53   .46   .39
% SSW     4.56  5.36  4.42  4.13  4.68  4.68  2.34  3.02  3.95  4.93  4.32  3.69
MEAN      1.20  1.10  1.10  1.20  1.30  1.40  1.60  1.40  1.30   .90   .80   .80
STD DEV   1.68  2.13  1.66  1.47  1.69  1.64   .37   .81  1.33  2.02  1.76  1.44
SKEW      1.60  1.32  1.54  1.68  1.65  1.70  -.73  1.23  1.73  1.19  1.21  1.39
% SW      4.21  3.69  3.12  2.59  2.55  2.45  2.18  2.64  2.91  5.69  4.94  5.26
MEAN       .90   .90   .90  1.00  1.20  1.30  1.70  1.70  1.30   .90   .80   .70
STD DEV   1.66  1.39  1.11   .79   .68   .58   .24   .47   .80  2.40  2.07  2.28
SKEW      1.37  1.52  1.68  1.65  1.18   .66 -1.30  -.39  1.34  1.03  1.06   .87
% WSW     7.73  7.15  7.17  6.59  6.88  1.85  6.55  6.26  5.91  5.80  7.00  6.95
MEAN      1.10  1.40  1.50  2.00  2.10  3.20  3.70  3.10  2.40  1.50  1.00  1.10
STD DEV   3.32  2.87  2.83  2.29  2.39   .67  1.42  1.58  1.75  2.15  3.00  2.92
SKEW       .93  1.27  1.35  1.71  1.71   .21   .33   .97  1.57  1.58   .94  1.04
% W       12.18 9.74  8.38 11.04 11.69  6.75 17.99 18.68 12.36  9.38  1.77 11.36
MEAN      1.20  1.40  1.80  2.30  2.60  3.50  4.20  4.20  2.90  1.50  1.00  1.00
STD DEV   5.49  4.17  3.29  4.37  4.54  1.63  6.90  7.24  4.73  3.94  4.88  5.18
SKEW       .64   .94  1.38  1.34  1.42   .77  1.47  1.43  1.48  1.05   .60   .57
% WNW     7.04  7.03 12.42 18.81 24.50 14.30  3.82 31.53 26.53 14.10  6.93  6.89
MEAN      1.80  2.10  2.80  3.30  3.70  4.40  4.80  4.60  4.10  2.80  1.50  1.50
STD DEV   2.62  2.47  4.81  7.75  1.40  4.95 13.01 13.46 11.22  5.65  2.71  2.69
SKEW      1.57  1.70  1.43  1.15   .99  1.71  1.02   .96  1.01  1.29  1.39  1.39
% NW      3.46  5.01  6.00  8.22  9.74 31.60  7.12  8.23  8.36  8.30  5.42  5.08
MEAN      1.60  1.80  2.40  2.80  3.20  3.70  3.90  3.80  3.30  2.10  1.10  1.10
STD DEV    .93  1.61  1.80  2.71  3.27 13.95  1.61  2.21  2.53  3.10  2.16  1.99
SKEW      1.24  1.71  1.60  1.73  1.73   .76   .50  1.24  1.62  1.56  1.31  1.39
% NNW     3.98  5.42  5.35  4.50  5.41  9.36  6.13  6.05  6.09  5.86  4.80  4.35
MEAN      3.30  3.40  3.00  2.70  3.40  4.10  4.80  4.40  3.60  2.60  3.40  2.60
STD DEV    .34  1.01  1.18   .90  1.01  2.63   .66   .82  1.24  1.63   .70   .88
SKEW     -1.49  -.25   .37   .00  -.26  1.40 -1.32  1.02   .08  1.36  -.89   .02
CALM     43.55 15.04  7.26  8.33  4.52  2.42  1.61  4.52 15.00 28.23 46.67 67.74

Created from observed data by Dr. Alaaddin YUKSEL and Dr. William Elliot

Modified by Rock:Clime on March 14, 2012 from
  KAHRAMANMARAS Turkey                     17255 
