 JINAN                     CHN + +       99      
 LATT=  36.67 LONG= 116.98                   
 ELEVATION =  171.0                    
 MEAN P   0.00  0.10  0.14  0.22  0.26  0.38  0.58  0.53  0.34  0.28  0.17  0.09
 P(W/W)   0.00 38.53 43.66 55.64 70.43 81.49 89.44 89.77 87.36 80.38 70.16 55.05
 P(W/D)   0.00 23.32 27.56 37.76 51.04 61.92 70.22 74.20 72.37 63.21 52.47 39.32
 TMAX AV  0.00  0.00  0.00  0.00  0.00  0.00  0.00  0.00  0.00  0.00  0.00  0.00
 TMIN AV  0.00  0.00  0.00  0.00  0.002019.00  0.00  0.00  0.00  0.00  0.00  0.00

Modified by Rock:Clime on January 27, 2019 from
 