 HMS + +                                 99      
 LATT=  46.30 LONG=-119.30                   
 ELEVATION =  400.0                    
 MEAN P   0.33  0.35  0.30  0.36  0.34  0.40  0.32  0.34  1.00  0.34  0.34  0.33
 P(W/W)   0.33  0.31  0.22  0.25  0.26  0.21  0.14  0.18  0.09  0.28  0.30  0.35
 P(W/D)   0.16  0.11  0.10  0.08  0.09  0.08  0.04  0.04  0.02  0.08  0.15  0.17
 TMAX AV 37.52 46.52 56.59 65.50 75.00 82.87 91.49 89.78 80.46 65.11 48.39 38.45
 TMIN AV 24.46 28.91 34.28 40.18 48.41 55.81 61.88 60.41 52.24 41.12 31.99 25.92

Modified by Rock:Clime on April 27, 2012 from
 