 prince1 +                               99      
 LATT=  21.68 LONG=-157.95                   
 ELEVATION = 2218.0                    
 MEAN P   0.13  0.11  0.10  0.13  0.14  0.17  0.17  0.16  0.17  0.15  0.13  0.13
 P(W/W)   0.63  0.61  0.53  0.48  0.63  0.64  0.59  0.51  0.52  0.59  0.66  0.56
 P(W/D)   0.35  0.28  0.28  0.27  0.29  0.37  0.36  0.36  0.36  0.43  0.37  0.37
 TMAX AV 24.51 31.25 41.13 52.32 62.08 68.26 72.26 71.35 61.96 49.00 33.98 25.71
 TMIN AV 10.47 14.81 21.79 29.98 38.19 45.14 48.37 46.23 39.18 31.24 21.67 12.40

Modified by Rock:Clime on September 19, 2010 from
 