 tr +                                    990038 0
 LATT=  42.11 LONG=  -0.67 YEARS=  8. TYPE= 3
 ELEVATION = 1357.9TP5 = 1.22 TP6= 2.51
 MEAN P   0.11  0.12  0.17  0.18  0.19  0.16  0.09  0.13  0.17  0.26  0.15  0.11
 S DEV P  0.14  0.15  0.24  0.22  0.26  0.22  0.13  0.24  0.36  0.44  0.22  0.15
 SKEW P   1.40  0.90  1.17  1.05  1.18  1.14  1.40  1.29  1.02  1.17  1.11  1.28
 P(W/W)   0.16  0.18  0.17  0.16  0.19  0.12  0.05  0.03  0.10  0.10  0.15  0.15
 P(W/D)   0.15  0.13  0.14  0.15  0.14  0.12  0.09  0.09  0.11  0.12  0.16  0.11
 TMAX AV 58.77 61.00 65.93 72.14 72.99 82.35 89.13 89.31 80.98 71.98 58.46 50.31
 TMIN AV 36.73 37.94 41.50 46.99 50.88 57.97 62.76 63.50 58.06 51.44 43.29 35.67
 SD TMAX  6.05  6.29  7.04  7.04  8.31  8.48  6.69  6.06  6.95  7.35  7.02  6.39
 SD TMIN  5.65  5.67  4.68  4.28  5.17  5.08  4.34  4.42  5.28  6.20  6.28  6.14
 SOL.RAD  137.  222.  312.  394.  483.  549.  569.  462.  353.  255.  155.  122.
 SD SOL    56.   75.   98.  113.  123.  128.  184.   76.   77.   82.   57.   48.
 MX .5 P  0.06  0.06  0.08  0.14  0.17  0.13  0.13  0.19  0.17  0.17  0.10  0.05
 DEW PT  38.93 38.05 42.38 47.66 52.53 57.99 61.44 61.99 58.11 52.89 45.88 38.74
Time Pk   0.88  0.88  0.87  0.85  0.89  0.89  0.96  0.96  0.91  0.86  0.87  0.87
% N       2.47  2.60  2.11  1.87  1.34  1.68  1.47  1.13  1.80  2.49  1.85  2.25
MEAN      0.93  1.09  1.29  1.36  1.36  1.47  1.35  1.25  1.16  1.01  1.05  1.03
STD DEV   0.55  0.68  0.69  0.73  0.77  0.90  0.99  0.65  0.56  0.46  0.52  0.54
SKEW      0.16  0.40 -0.02  0.24  0.64  0.57  0.77  0.45  0.32  0.07  0.30  0.17
% NNE     6.42  5.44  5.74  5.89  6.14  4.64  4.54  5.25  8.15  8.99  6.21  7.63
MEAN      0.98  1.41  1.54  1.74  2.42  1.93  2.03  1.93  2.10  1.58  1.38  1.12
STD DEV   0.57  1.24  1.03  1.15  1.84  1.39  1.22  1.29  1.65  1.17  1.41  0.98
SKEW      0.43  0.75  0.41  0.64  1.18  0.93  0.81  1.00  1.27  0.97  0.82  0.68
% NE      5.63  4.53  3.97  4.26  3.82  3.85  3.34  3.57  5.91  6.28  5.13  6.57
MEAN      0.86  1.01  1.18  1.25  1.36  1.34  1.36  1.32  1.22  1.11  1.02  0.92
STD DEV   0.52  0.60  0.67  0.74  0.78  0.75  0.70  0.71  0.67  0.58  0.61  0.55
SKEW      0.33  0.53  0.36  0.60  0.62  0.54  0.48  0.51  0.54  0.54  0.57  0.12
% ENE     7.30  6.95  7.21  7.01  6.51  7.71  7.28  7.81 10.73  8.31  7.86  4.40
MEAN      1.95  2.65  3.86  3.15  3.18  2.67  2.53  2.41  1.95  2.06  2.15  0.95
STD DEV   2.01  2.53  3.09  2.65  2.65  2.17  1.78  1.67  1.31  1.54  1.95  0.78
SKEW      1.27  1.38  0.93  1.31  1.33  1.20  1.06  1.09  1.03  1.10  1.32  0.59
% E       4.41  5.53  5.62  5.91  5.94  6.43  4.58  4.80  6.05  4.79  5.77  5.04
MEAN      1.39  3.62  3.22  2.46  2.83  2.66  2.14  1.47  1.45  1.17  1.54  0.93
STD DEV   1.60  3.27  2.87  2.56  2.46  2.20  1.83  1.17  1.14  1.09  1.76  0.78
SKEW      1.11  1.49  1.38  1.24  1.26  1.18  1.06  0.95  0.91  0.74  1.09  0.49
% ESE     5.29  6.91 11.67 14.63 14.38 12.80 14.52 19.33 12.35 14.68 11.40  7.11
MEAN      1.56  2.71  3.14  2.97  3.12  3.06  3.49  3.19  2.68  3.34  2.69  1.85
STD DEV   1.36  2.02  1.92  1.55  1.65  1.57  1.78  1.47  1.39  2.09  1.92  1.56
SKEW      0.79  0.61  0.54  0.13  0.23  0.12  0.32 -0.02  0.18  0.49  0.61  0.87
% SE      6.71  7.87  5.14  6.62  7.26  6.42  7.40  8.66  6.82  6.99  6.93  8.67
MEAN      1.20  1.92  1.61  1.90  1.91  1.78  1.84  1.80  1.61  1.49  1.14  1.51
STD DEV   0.87  1.19  0.95  1.17  1.03  0.92  0.93  0.89  0.90  0.94  0.72  1.09
SKEW      0.70  0.56  0.36  0.51  0.32  0.28  0.14  0.01  0.37  0.61  0.56  0.85
% SSE     3.17  2.11  1.68  1.91  2.03  2.35  2.20  2.43  2.41  2.29  3.24  3.83
MEAN      0.67  0.76  0.80  0.87  0.94  1.07  1.10  1.07  0.94  0.76  0.72  0.74
STD DEV   0.40  0.47  0.48  0.54  0.51  0.58  0.55  0.56  0.53  0.43  0.41  0.43
SKEW      0.51  0.36  0.64  0.40  0.26  0.35 -0.02  0.38  0.21  0.41  0.15  0.31
% S       2.24  1.61  1.52  1.47  1.37  1.61  1.31  1.68  1.63  1.69  2.15  2.38
MEAN      0.63  0.65  0.72  0.77  0.90  1.08  0.95  0.88  0.80  0.76  0.72  0.66
STD DEV   0.44  0.41  0.46  0.48  0.57  0.65  0.61  0.47  0.46  0.46  0.43  0.38
SKEW      0.24  0.38  0.10  0.45  0.54  0.35  0.27  0.49  0.66  0.39  0.81  0.48
% SSW     2.93  1.93  2.12  1.60  1.60  1.41  1.39  1.43  1.51  1.71  1.87  2.47
MEAN      0.46  0.46  0.63  0.72  0.79  0.85  0.75  0.78  0.81  0.60  0.62  0.50
STD DEV   0.34  0.35  0.57  0.57  0.61  0.65  0.55  0.46  0.55  0.38  0.43  0.38
SKEW      0.53  0.54  1.22  0.64  0.95  0.71  0.82  0.51  0.57  0.83  0.84  0.78
% SW      4.80  2.83  5.98  3.39  2.79  2.82  2.56  2.84  3.34  3.12  4.10  5.65
MEAN      0.67  0.58  1.42  0.82  0.71  0.69  0.72  0.72  0.92  0.83  1.05  1.09
STD DEV   0.55  0.41  0.92  0.58  0.42  0.35  0.43  0.40  0.67  0.58  0.79  0.87
SKEW      0.92  0.56  0.06  1.12  0.75  0.80  0.82  0.91  1.00  0.66  0.96  1.01
% WSW    11.59  9.43 11.88 11.05 10.08 12.71 11.98 12.17 12.22 10.09 10.51 11.44
MEAN      1.76  2.45  1.92  1.83  2.32  2.30  2.11  1.90  1.84  1.65  1.88  1.78
STD DEV   1.43  1.95  1.40  1.39  1.76  1.68  1.39  1.18  1.13  1.05  1.34  1.31
SKEW      0.75  0.70  0.69  0.70  1.06  0.89  0.67  0.77  0.65  0.71  0.62  0.87
% W      21.86 22.62 19.61 20.22 20.43 20.65 22.40 17.79 17.11 17.35 20.06 21.01
MEAN      4.38  4.87  4.48  4.16  4.54  3.89  3.86  3.45  3.00  3.31  4.19  4.08
STD DEV   2.60  2.72  2.67  2.39  2.44  2.14  1.94  1.76  1.51  1.59  2.21  2.10
SKEW      0.21  0.19  0.20  0.57  0.04  0.40  0.09  0.25 -0.00 -0.36  0.12 -0.02
% WNW     9.66 12.75  8.79  7.69 10.08  7.74  8.58  6.19  5.73  6.01  8.30  7.16
MEAN      4.76  5.57  4.96  4.31  5.46  3.75  3.74  2.96  2.80  2.78  4.69  4.04
STD DEV   3.01  2.95  2.97  2.68  3.16  2.42  2.25  1.99  1.94  2.03  2.69  2.60
SKEW      0.16 -0.24 -0.24  0.34 -0.13  0.69  0.32  0.84  0.92  0.71 -0.24  0.04
% NW      3.11  4.42  4.29  3.91  4.27  4.57  4.08  2.87  2.36  2.73  2.75  2.34
MEAN      2.52  3.85  3.77  3.01  3.53  2.69  2.42  1.86  1.48  1.62  2.73  2.42
STD DEV   2.75  3.14  3.27  2.26  2.95  1.96  1.91  1.53  1.21  1.49  2.50  2.62
SKEW      1.55  0.53  1.08  0.81  1.10  0.91  1.14  1.29  1.19  1.25  1.72  1.50
% NNW     2.41  2.48  2.67  2.57  1.94  2.61  2.37  2.05  1.89  2.48  1.87  2.05
MEAN      0.98  1.18  1.55  1.80  1.59  2.02  1.56  1.28  1.12  0.94  0.97  0.96
STD DEV   0.74  1.03  1.52  1.58  1.22  1.55  1.26  0.90  0.68  0.56  0.76  0.68
SKEW      0.31  0.81  0.69  1.14  0.96  1.00  0.86  0.61  0.54  0.23  0.66  0.27
CALM     12.86  8.01  5.89  4.49  3.13   3.0   2.7  2.87  4.28  6.24  7.18 10.53

INTERPOLATED DATA (station & weighting factor)

---Wind Stations---

---Solar Radiation and Max .5 P Stations---

---Dewpoint Stations---

---Time Peak Stations---

Quinn, Dylan (quinnd@uidaho.edu)

Modified by Rock:Clime on November 15, 2021 from
  LA SOTONERA HU SP                       000038 0
