  +                                      99      
 LATT=  -0.00 LONG=  -0.00                   
 ELEVATION =    0.0                    
 MEAN P   0.00  0.00  0.00  0.00  0.00  0.00  0.00  0.00  0.00  0.00  0.00  0.00
 P(W/W)   0.00  0.00  0.00  0.00  0.00  0.00  0.00  0.00  0.00  0.00  0.00  0.00
 P(W/D)   0.00  0.00  0.00  0.00  0.00  0.00  0.00  0.00  0.00  0.00  0.00  0.00
 TMAX AV  0.00  0.00  0.00 12.58 16.63 23.26 28.15 26.54 21.93 16.35  9.72  6.25
 TMIN AV -3.22 -2.86 -2.11  0.52  2.88  6.00  9.17  8.53  5.69  2.64 -1.08 -2.69

Modified by Rock:Clime on May 5, 2019 from
 