 Jelinkova Petraa + +                    99      
 LATT=  49.44 LONG=  15.20                   
 ELEVATION =    0.0                    
 MEAN P   0.00  0.00  0.00  0.00  0.00  0.00  0.00  0.00  0.00  0.00  0.00  0.00
 P(W/W)   0.55  0.57  0.54  0.52  0.44  0.19  0.20  0.17  0.45  0.57  0.54  0.54
 P(W/D)   0.18  0.19  0.18  0.18  0.13  0.08  0.02  0.04  0.11  0.15  0.21  0.21
 TMAX AV 57.31 57.99 60.19 65.32 72.43 81.10 87.31 87.64 82.49 74.55 64.38 58.96
 TMIN AV 42.75 43.18 44.87 48.31 53.51 60.33 66.04 67.17 63.64 58.33 49.78 43.75

Modified by Rock:Clime on March 13, 2015 from
 