 MARANCHON (GUADALAJARA) +               990035 0
 LATT=  41.05 LONG=  -2.21 YEARS=  8. TYPE= 3
 ELEVATION = 4113.1TP5 = 0.93 TP6= 2.69
 MEAN P   0.43  0.38  0.28  0.31  0.31  0.26  0.36  0.29  0.28  0.46  0.47  0.51
 S DEV P  0.61  0.43  0.37  0.45  0.42  0.37  0.55  0.35  0.41  0.74  0.59  0.73
 SKEW P   1.29  1.44  0.87  1.33  1.14  1.19  0.92  1.29  1.26  1.44  1.25  1.18
 P(W/W)   0.34  0.36  0.31  0.31  0.37  0.33  0.17  0.15  0.23  0.25  0.33  0.22
 P(W/D)   0.12  0.11  0.14  0.17  0.16  0.13  0.14  0.15  0.13  0.13  0.15  0.14
 TMAX AV 43.74 45.48 53.04 58.75 64.06 72.54 79.09 79.68 72.16 63.75 52.14 46.71
 TMIN AV 28.44 27.01 31.42 36.75 41.52 48.13 52.48 52.21 47.21 41.94 35.02 29.59
 SD TMAX  7.40  8.48  8.83  8.33  9.00  8.26  6.33  6.51  7.42  7.64  8.39  6.89
 SD TMIN  5.22  5.54  4.91  4.74  5.19  5.17  4.60  4.42  4.86  6.24  6.56  5.21
 SOL.RAD  118.  183.  293.  389.  446.  500.  531.  462.  347.  215.  134.   98.
 SD SOL    50.   85.  108.  149.  171.  153.  115.  105.  107.   89.   56.   41.
 MX .5 P  0.10  0.12  0.11  0.14  0.18  0.18  0.33  0.32  0.21  0.20  0.14  0.13
 DEW PT  29.57 27.82 32.51 38.72 44.22 51.31 54.60 54.51 50.22 44.22 36.87 31.05
Time Pk   0.83  0.80  0.81  0.83  0.84  0.87  0.87  0.91  0.88  0.84  0.79  0.80
% N      10.82 10.65  8.08  7.20  5.04  3.98  2.53  2.25  3.62  4.99  6.63  9.31
MEAN      0.50  0.79  0.78  1.04  1.22  1.11  1.09  0.86  0.66  0.60  0.83  0.55
STD DEV   0.75  0.85  0.81  0.79  0.79  0.70  0.63  0.60  0.65  0.67  0.80  0.79
SKEW      1.99  0.66  0.65  0.16  0.09  0.06 -0.03 -0.19  0.27  0.90  0.49  2.10
% NNE     2.47  3.04  3.44  3.76  2.81  2.04  1.64  1.21  1.56  1.81  2.32  2.30
MEAN      0.79  1.02  1.05  1.10  1.03  0.89  0.78  0.71  0.79  0.81  0.89  0.85
STD DEV   0.64  0.57  0.59  0.56  0.54  0.52  0.50  0.43  0.48  0.51  0.55  0.61
SKEW      0.43  0.09 -0.24  0.02  0.15 -0.04 -0.13 -0.60 -0.06  0.04 -0.06  0.25
% NE      1.14  1.32  2.13  2.25  2.16  1.81  1.39  1.25  1.29  1.12  1.39  1.25
MEAN      0.56  0.78  0.91  0.88  0.80  0.69  0.64  0.67  0.67  0.64  0.69  0.65
STD DEV   0.43  0.48  0.50  0.46  0.45  0.43  0.44  0.41  0.46  0.44  0.47  0.54
SKEW      0.41 -0.14  0.08 -0.12 -0.03  0.66  0.94  0.48 -0.22  0.30  0.57  0.84
% ENE     1.14  1.17  1.75  2.10  2.41  2.23  1.95  1.68  1.41  1.20  1.16  0.99
MEAN      0.52  0.62  0.78  0.71  0.69  0.62  0.59  0.61  0.65  0.59  0.56  0.66
STD DEV   0.48  0.40  0.49  0.41  0.42  0.40  0.37  0.38  0.49  0.46  0.40  0.54
SKEW      0.73  0.13  0.50  0.10  0.62  0.87  0.70  0.89  0.29  0.61  0.48  0.91
% E       1.50  1.45  2.64  2.97  3.58  3.88  3.68  3.24  2.63  2.13  1.68  1.29
MEAN      0.54  0.62  0.75  0.70  0.66  0.62  0.63  0.62  0.62  0.62  0.58  0.62
STD DEV   0.50  0.47  0.51  0.50  0.39  0.38  0.41  0.43  0.50  0.46  0.39  0.55
SKEW      0.88  0.76  0.30  0.63  0.44  0.94  0.94  0.80  0.74  0.77  0.59  0.63
% ESE     2.75  3.05  4.91  5.54  5.70  7.40  8.18  8.36  6.48  4.34  3.07  2.19
MEAN      0.59  0.73  0.86  0.96  0.78  0.73  0.79  0.81  0.78  0.77  0.63  0.57
STD DEV   0.54  0.60  0.64  0.71  0.55  0.48  0.52  0.57  0.61  0.62  0.53  0.55
SKEW      1.05  0.64  0.74  0.67  0.98  0.78  1.09  1.13  0.89  0.81  0.73  0.90
% SE      5.56  5.70  8.60 11.04 10.19 11.41 11.60 10.80  8.65  6.18  4.76  4.44
MEAN      0.85  1.15  1.57  1.83  1.53  1.27  1.27  1.16  1.09  1.10  0.99  0.77
STD DEV   0.69  0.77  0.92  0.93  0.77  0.65  0.62  0.60  0.67  0.79  0.77  0.71
SKEW      1.08  0.57  0.21 -0.22  0.11 -0.16 -0.15 -0.20 -0.03  0.38  0.74  1.15
% SSE     5.73  4.46  3.99  4.59  5.11  6.13  6.75  6.09  5.37  6.06  4.86  5.10
MEAN      1.01  1.16  1.15  1.51  1.51  1.46  1.54  1.37  1.22  1.35  1.30  0.88
STD DEV   0.94  1.01  0.94  1.01  0.90  0.77  0.75  0.76  0.79  1.08  1.10  0.84
SKEW      1.29  1.08  1.10  0.34  0.02 -0.16  0.16 -0.13  0.09  0.42  0.83  1.01
% S       4.94  4.66  4.12  4.07  3.84  3.89  3.89  4.09  4.25  5.53  4.90  5.02
MEAN      0.70  0.93  0.85  1.05  1.18  1.04  1.16  0.95  0.76  1.00  0.93  0.66
STD DEV   0.73  0.86  0.86  0.92  1.00  0.75  0.82  0.71  0.70  1.07  0.99  0.69
SKEW      1.25  1.16  1.23  1.14  0.85  0.57  0.59  0.62  1.12  1.40  1.32  1.13
% SSW     5.09  4.58  5.00  4.66  4.45  4.44  4.23  4.71  5.56  6.14  5.44  5.21
MEAN      0.50  0.59  0.77  0.72  0.81  0.68  0.77  0.59  0.52  0.65  0.73  0.48
STD DEV   0.53  0.59  0.82  0.73  0.81  0.64  0.60  0.52  0.52  0.79  0.89  0.50
SKEW      1.15  0.96  0.99  1.31  1.15  0.86  0.87  1.11  1.26  1.34  1.12  1.10
% SW      6.04  5.55  6.17  5.62  6.10  6.77  7.37  8.75  9.09  9.01  6.95  6.46
MEAN      0.39  0.46  0.66  0.62  0.54  0.50  0.50  0.46  0.42  0.49  0.52  0.43
STD DEV   0.43  0.53  0.80  0.73  0.59  0.46  0.40  0.42  0.45  0.57  0.69  0.49
SKEW      0.61  0.91  1.36  1.33  1.21  0.67  0.73  1.17  0.81  0.99  0.98  0.77
% WSW    10.41  9.01  9.61 10.67 13.16 15.47 17.45 19.46 20.51 17.27 13.10 11.24
MEAN      0.33  0.38  0.41  0.38  0.34  0.33  0.33  0.33  0.31  0.37  0.34  0.33
STD DEV   0.47  0.51  0.58  0.53  0.42  0.36  0.31  0.32  0.35  0.47  0.46  0.49
SKEW      0.82  1.08  1.07  1.00  0.98  1.09  1.22  1.19  0.92  1.09  0.88  0.80
% W       9.99  9.04  8.98  9.84 12.82 14.59 15.05 14.90 14.49 13.42 12.51 11.64
MEAN      0.29  0.35  0.34  0.32  0.31  0.29  0.30  0.31  0.30  0.35  0.29  0.29
STD DEV   0.39  0.40  0.39  0.38  0.32  0.30  0.26  0.29  0.31  0.39  0.34  0.35
SKEW      0.73  0.41  1.06  0.93  1.02  0.94  1.16  1.14  0.99  1.14  0.84  0.75
% WNW     8.96  7.70  7.93  7.46  7.20  6.84  6.78  6.81  6.37  7.88  9.61 10.34
MEAN      0.36  0.43  0.43  0.39  0.40  0.36  0.38  0.37  0.40  0.39  0.38  0.36
STD DEV   0.36  0.38  0.42  0.35  0.36  0.32  0.32  0.31  0.36  0.37  0.36  0.37
SKEW      0.48  1.02  0.94  0.74  0.83  0.58  0.75  0.65  0.80  0.74  0.69  0.48
% NW     10.16 10.14  8.36  6.54  5.57  4.13  3.44  3.43  4.62  6.54  9.68 10.87
MEAN      0.71  0.95  0.82  0.65  0.76  0.59  0.67  0.52  0.63  0.76  0.83  0.75
STD DEV   0.79  0.92  0.80  0.64  0.66  0.53  0.53  0.46  0.58  0.75  0.83  0.83
SKEW      1.16  1.14  1.18  1.18  0.73  0.50  0.39  0.77  0.68  1.06  1.19  1.28
% NNW    13.30 18.48 14.28 11.70  9.86  5.01  4.07  2.96  4.10  6.39 11.95 12.35
MEAN      1.67  2.21  2.00  1.91  1.90  1.39  1.43  1.05  1.17  1.28  1.77  1.62
STD DEV   1.24  1.28  1.23  1.11  1.13  0.89  0.84  0.75  0.83  0.99  1.22  1.20
SKEW      0.16 -0.21 -0.00  0.02 -0.27  0.29  0.11  0.58  0.61  0.54  0.17  0.30
CALM     52.24 37.96 38.11 36.09 38.25 41.36 40.28 45.52 50.92 50.01 47.08 52.86

INTERPOLATED DATA (station & weighting factor)

---Wind Stations---

---Solar Radiation and Max .5 P Stations---

---Dewpoint Stations---

---Time Peak Stations---

Quinn, Dylan (quinnd@uidaho.edu)

Modified by Rock:Clime on March 23, 2020 from
  BUBAL HU SP                             000035 0

Modified by Rock:Clime on March 23, 2020 from
  BUBAL HU SP +                           990035 0

Modified by Rock:Clime on March 23, 2020 from
  MARANCHON +                             990035 0

Modified by Rock:Clime on March 23, 2020 from
  MARANCHON + +                           990035 0
