 Beirut Lebanon + + +                    99      
 LATT=  50.08 LONG=  14.28                   
 ELEVATION = 1109.0                    
 MEAN P   0.00  0.00  0.00  0.00  0.00  0.00  0.00  0.00  0.00  0.00  0.00  0.00
 P(W/W)   0.86  0.87  0.63  0.62  0.57  0.31  0.35  0.09  0.37  0.72  0.62  0.78
 P(W/D)   0.19  0.17  0.15  0.11  0.06  0.02  0.05  0.01  0.04  0.11  0.12  0.18
 TMAX AV 32.72 36.86 45.86 55.76 64.94 70.52 73.94 73.40 66.20 55.58 42.80 35.42
 TMIN AV 47.46 47.46 49.26 54.66 59.16 64.56 67.26 70.86 69.06 64.56 57.36 49.26

Modified by Rock:Clime on March 11, 2013 from
 