 einarab + +                             99      
 LATT=   0.00 LONG=   0.00                   
 ELEVATION =    0.0                    
 MEAN P   0.00  0.61  0.31  0.09  0.00  0.00  0.00  0.00  0.00  0.00  1.10  2.13
 P(W/W)    nan   nan   nan   nan  0.00  0.00  0.00  0.00  0.00  0.00   nan   nan
 P(W/D)    nan   nan   nan   nan  0.00  0.00  0.00  0.00  0.00  0.00   nan   nan
 P(W/W)   0.00 42.62 51.44 52.34 68.90 68.72 68.54 88.34 91.58 82.04 78.98 64.76
 P(W/D)   0.00 37.22 33.80 37.04 44.78 46.04 59.54 57.92 63.86 54.32 51.26 44.24
 TMAX AV -0.00 -0.00 -0.00 -0.00 -0.00 -0.00 -0.00 -0.00 -0.00 -0.00 -0.00 -0.00
 TMIN AV -0.00 -0.00 -0.00 -0.00 -0.00 -0.00 -0.00 -0.00 -0.00 -0.00 -0.00 -0.00
 
Modified by Rock:Clime on May 17, 2017 from
  einarab +                               99      
