 3.15.2016 test + +                      99      
 LATT=  34.48 LONG= 118.86                   
 ELEVATION = 2020.0                    
 MEAN P   0.41  0.51  0.27  0.26  0.14  0.10  0.10  0.16  0.24  0.17  0.49  0.48
 P(W/W)   0.55  0.54  0.48  0.45  0.46  0.29  0.24  0.29  0.36  0.33  0.42  0.47
 P(W/D)   0.11  0.13  0.14  0.09  0.03  0.01  0.01  0.01  0.03  0.04  0.09  0.11
 TMAX AV 50.73 53.89 55.65 62.31 69.88 80.04 88.38 87.66 82.32 71.87 59.67 51.55
 TMIN AV 37.97 39.82 39.64 43.97 49.54 57.86 65.95 65.38 61.68 53.86 44.87 38.79

Modified by Rock:Clime on March 15, 2016 from
 