 + +                                     99      
 LATT=  38.03 LONG=   1.29                   
 ELEVATION =    0.0                    
 MEAN P   0.00  0.00  0.00  0.00  0.00  0.00  0.00  0.00  0.00  0.00  0.00  0.00
 P(W/W)   0.00  0.00  0.00  0.00  0.00  0.00  0.00  0.00  0.00  0.00  0.00  0.00
 P(W/D)   0.00  0.00  0.00  0.00  0.00  0.00  0.00  0.00  0.00  0.00  0.00  0.00
 P(W/W)   0.00 -0.00 -0.00 46.40 -0.00 -0.00 -0.00 -0.00 -0.00 -0.00 -0.00 -0.00
 P(W/D)   0.00 -0.00 -0.00 -0.00 -0.00 -0.00 -0.00 -0.00 -0.00 -0.00 -0.00 -0.00
 TMAX AV -0.00 -0.00 -0.00 -0.00 -0.00 -0.00 -0.00 -0.00 -0.00 -0.00 -0.00 -0.00
 TMIN AV -0.00 -0.00 -0.00 -0.00  8.01  3.00 -0.00 -0.00 -0.00 -0.00 -0.00 -0.00
 
Modified by Rock:Clime on June 18, 2013 from
   +                                      99      
