NCOLS 29
NROWS 35
XLLCORNER 429085
YLLCORNER 3784815
CELLSIZE 10
NODATA_VALUE -9999
-17.81 -17.81 0 0 -17.81 -17.81 -17.81 -17.81 -17.81 -17.81 0 0 -17.81 0 0 -17.81 -17.81 -17.81 0 -17.81 -17.81 -17.81 -17.81 -17.81 -17.81 -17.81 -17.81 -17.81 -17.81 
-17.81 -17.81 0 0 0 -17.81 -17.81 -17.81 -17.81 0 0 0 0 0 0 0 -17.81 0 0 -17.81 -17.81 -17.81 -17.81 -17.81 -17.81 -17.81 -17.81 -17.81 -17.81 
-17.81 -17.81 -17.81 -17.81 0 0 0 0 0 0 0 0 0 0 0 -17.81 -17.81 -17.81 0 0 0 -17.81 -17.81 -17.81 -17.81 -17.81 -17.81 -17.81 -17.81 
-17.81 -17.81 -17.81 -17.81 -17.81 -17.81 -17.81 -17.81 0 0 0 0 0 0 -17.81 -17.81 -17.81 -17.81 -17.81 -17.81 -17.81 0 0 0 0 0 0 -17.81 -17.81 
-17.81 -17.81 -17.81 -17.81 -17.81 -17.81 -17.81 -17.81 0 0 0 0 0 0 -17.81 -17.81 -17.81 -17.81 -17.81 -17.81 -17.81 -17.81 0 0 0 0 0 0 0 
-17.81 -17.81 -17.81 -17.81 -17.81 0 0 0 0 0 -17.81 -17.81 -17.81 -17.81 -17.81 -17.81 -17.81 -17.81 -17.81 -17.81 -17.81 -17.81 -17.81 0 0 0 0 0 0 
-17.81 -17.81 -17.81 -17.81 -17.81 0 0 0 -17.81 -17.81 -17.81 -17.81 -17.81 -17.81 -17.81 -17.81 -17.81 -17.81 0 0 0 -17.81 -17.81 -17.81 -17.81 -17.81 -17.81 0 0 
0 -17.81 -17.81 -17.81 -17.81 -17.81 -17.81 -17.81 -17.81 -17.81 -17.81 -17.81 -17.81 -17.81 0 -17.81 -17.81 -17.81 0 0 0 0 -17.81 -17.81 -17.81 -17.81 -17.81 -17.81 -17.81 
0 0 0 -17.81 -17.81 -17.81 -17.81 0 -17.81 -17.81 0 -17.81 -17.81 -17.81 0 0 -17.81 -17.81 -17.81 -17.81 0 0 0 -17.81 -17.81 -17.81 -17.81 -17.81 -17.81 
0 0 0 -17.81 -17.81 -17.81 0 0 0 -17.81 0 -17.81 -17.81 -17.81 -17.81 0 -17.81 -17.81 -17.81 -17.81 -17.81 -17.81 0 0 0 0 0 -17.81 -17.81 
0 0 0 -17.81 -17.81 -17.81 0 0 0 -17.81 -17.81 -17.81 -17.81 -17.81 -17.81 -17.81 0 -17.81 -17.81 -17.81 -17.81 -17.81 -17.81 0 0 0 0 0 -17.81 
0 -17.81 0 -17.81 -17.81 -17.81 -17.81 -17.81 0 -17.81 -17.81 -17.81 0 -17.81 -17.81 -17.81 -17.81 -17.81 0 0 -17.81 -17.81 -17.81 0 0 0 0 0 0 
-17.81 -17.81 -17.81 -17.81 -17.81 -17.81 -17.81 -17.81 -17.81 -17.81 -17.81 -17.81 0 0 0 -17.81 -17.81 -17.81 0 0 -17.81 -17.81 -17.81 0 0 0 0 0 0 
-17.81 -17.81 -17.81 -17.81 0 -17.81 -17.81 -17.81 -17.81 0 0 0 0 0 0 -17.81 -17.81 0 0 0 0 -17.81 -17.81 -17.81 0 0 0 0 0 
-17.81 -17.81 -17.81 -17.81 -17.81 -17.81 -17.81 -17.81 -17.81 0 0 0 0 0 0 -17.81 -17.81 -17.81 0 0 0 -17.81 -17.81 -17.81 0 0 0 0 0 
-17.81 -17.81 -17.81 -17.81 -17.81 -17.81 -17.81 -17.81 -17.81 0 0 0 -17.81 -17.81 -17.81 -17.81 -17.81 -17.81 -17.81 0 0 -17.81 -17.81 -17.81 0 0 0 0 -17.81 
-17.81 -17.81 -17.81 -17.81 -17.81 0 -17.81 -17.81 -17.81 0 0 0 -17.81 -17.81 -17.81 0 -17.81 -17.81 -17.81 -17.81 -17.81 -17.81 -17.81 -17.81 -17.81 -17.81 0 0 -17.81 
-17.81 -17.81 -17.81 -17.81 0 0 -17.81 -17.81 -17.81 0 0 0 -17.81 -17.81 -17.81 0 0 -17.81 -17.81 -17.81 -17.81 0 0 -17.81 -17.81 -17.81 -17.81 -17.81 0 
-17.81 -17.81 -17.81 0 0 0 -17.81 -17.81 -17.81 0 0 0 -17.81 -17.81 -17.81 0 0 0 0 -17.81 0 0 0 -17.81 -17.81 -17.81 0 -17.81 -17.81 
-17.81 -17.81 -17.81 0 0 0 -17.81 -17.81 -17.81 0 0 0 -17.81 -17.81 -17.81 0 0 0 0 0 0 0 0 -17.81 -17.81 -17.81 -17.81 -17.81 -17.81 
-17.81 -17.81 -17.81 0 0 0 -17.81 -17.81 -17.81 -17.81 0 -17.81 -17.81 0 0 0 0 0 0 -17.81 -17.81 -17.81 0 -17.81 -17.81 -17.81 -17.81 -17.81 -17.81 
-17.81 -17.81 -17.81 0 0 0 -17.81 -17.81 -17.81 -17.81 -17.81 -17.81 0 0 0 0 -17.81 -17.81 -17.81 -17.81 -17.81 -17.81 -17.81 0 0 -17.81 -17.81 -17.81 -17.81 
-17.81 -17.81 -17.81 0 0 0 -17.81 -17.81 -17.81 -17.81 -17.81 -17.81 0 0 0 -17.81 -17.81 -17.81 0 -17.81 -17.81 -17.81 -17.81 0 0 0 -17.81 -17.81 -17.81 
-17.81 -17.81 -17.81 0 0 0 -17.81 -17.81 -17.81 -17.81 -17.81 -17.81 0 0 0 -17.81 -17.81 0 0 0 0 0 0 0 0 0 -17.81 -17.81 -17.81 
-17.81 -17.81 -17.81 -17.81 -17.81 0 0 -17.81 -17.81 -17.81 -17.81 -17.81 -17.81 0 0 0 0 0 0 0 0 0 0 0 0 0 -17.81 -17.81 -17.81 
0 0 -17.81 -17.81 -17.81 0 0 -17.81 -17.81 -17.81 -17.81 -17.81 -17.81 -17.81 0 0 0 0 0 0 0 0 0 0 0 0 -17.81 -17.81 -17.81 
0 0 0 -17.81 -17.81 0 0 0 0 -17.81 -17.81 -17.81 0 0 0 0 0 0 0 0 0 0 -17.81 -17.81 -17.81 -17.81 -17.81 -17.81 -17.81 
-17.81 -17.81 -17.81 -17.81 -17.81 0 0 0 -17.81 -17.81 -17.81 -17.81 -17.81 0 0 0 0 0 -17.81 -17.81 -17.81 -17.81 -17.81 -17.81 -17.81 -17.81 0 0 0 
-17.81 -17.81 -17.81 0 0 0 0 0 0 -17.81 -17.81 -17.81 -17.81 -17.81 0 0 0 0 -17.81 -17.81 -17.81 0 0 0 -17.81 -17.81 0 0 0 
0 -17.81 -17.81 0 0 0 0 -17.81 -17.81 0 0 -17.81 -17.81 -17.81 0 0 0 0 -17.81 -17.81 -17.81 0 0 0 0 0 0 0 0 
0 0 0 0 0 0 0 -17.81 -17.81 0 0 0 -17.81 -17.81 -17.81 -17.81 -17.81 -17.81 -17.81 -17.81 -17.81 -17.81 -17.81 -17.81 -17.81 0 0 0 0 
0 0 0 0 0 0 0 -17.81 -17.81 0 0 0 0 -17.81 -17.81 -17.81 -17.81 0 0 -17.81 -17.81 -17.81 -17.81 -17.81 -17.81 -17.81 -17.81 0 0 
0 0 0 0 0 0 0 -17.81 -17.81 0 0 0 0 0 -17.81 -17.81 0 0 0 -17.81 -17.81 -17.81 0 0 -17.81 -17.81 -17.81 0 0 
0 0 -17.81 0 -17.81 -17.81 0 0 0 0 0 0 0 0 0 0 0 0 0 0 -17.81 -17.81 0 0 -17.81 -17.81 -17.81 0 0 
0 0 -17.81 -17.81 -17.81 -17.81 -17.81 0 0 0 0 0 0 0 0 0 0 0 0 0 -17.81 -17.81 -17.81 0 0 -17.81 -17.81 0 0 
