NCOLS 90
NROWS 90
XLLCORNER 467485
YLLCORNER 4344275
CELLSIZE 10
NODATA_VALUE -9999
0 0 3.6379788e-12 -3.6379788e-12 0 0 0 -3.6379788e-12 0 0 -3.6379788e-12 0 0 0 3.6379788e-12 0.0055264946 0.013553665 0.010140487 0.0043330927 0.059241312 -1.4551915e-11 0.10214319 0.017379139 0.16526366 0.071741971 0.068168933 0.092414789 0.054654517 0.070969963 0.0061472926 0.085074117 0.058142694 0.092831502 0.1316593 0.071882991 0.035937281 0.030201326 0.042302537 0.10417744 0.14849977 0.30038436 0.093789935 0.18945253 0.20750532 0.29203219 0.46902096 0.39397285 0.21885248 0.10093055 0.050387018 0.13276916 0.17630455 0.03385959 0.10605337 0.049303388 0.087590001 0.12290331 0.16957735 0.46123677 0.76804116 0.35658409 0.45131655 0.39875878 0.43534305 0.55624522 1.4697213 0.21595369 0.19956546 0.078948649 0.052666449 0.12928723 0.10455295 0.13764212 0.045680525 0.12937527 0.18127765 0.21903277 0.21757072 0.35213375 0.2156322 0.25794618 0.31545561 0.40288444 0.4283849 0.50667803 0.46051207 0.40355308 0.25688268 0.44505614 0.52644496 
3.6379788e-12 3.6379788e-12 -3.6379788e-12 0 0 0 0 0 0 0 0 -3.6379788e-12 0 0.0063499177 -3.6379788e-12 0.0028920325 -2.5465852e-11 0.01939986 0.059086106 0.030508604 0.0082904482 0.03169644 0.090339171 0.04977556 0.065751984 0.018747026 0.023507559 0.052679157 0.058681013 0.035111956 0.061882335 0.093226166 0.10125542 0.067030197 0.029315506 0.059410372 0.057986478 0.152875 0.19418211 0.23923619 0.20584555 0.24696397 0.31428236 0.18542523 0.26243926 0.36520623 0.15452391 0.024045601 0.089566752 0.09545724 0.063087711 0.11500054 0.11642104 0.12774053 0.057914822 0.16753373 0.16773844 0.3596903 0.52668143 0.38142925 0.43815161 0.29034104 0.41668466 1.0205046 1.5963618 0.31600497 0.11966532 0.076862555 0.033001114 0.10281496 0.16768679 0.083123968 0.099759145 0.19858507 0.14050101 0.26557954 0.20169136 0.27526472 0.32802638 0.25676217 0.25906661 0.35571231 0.48649844 0.21407863 0.60079346 0.33256706 0.16963969 0.55718318 0.44214969 0.52551391 
0 -3.6379788e-12 -3.6379788e-12 0 0 0 0 0 0 0 0 -3.6379788e-12 0 -7.2759576e-12 -7.2759576e-12 0 1.4551915e-11 3.6379788e-12 0.040218274 0.039342849 3.6379788e-12 0.044944444 0.043526383 0.09335706 0.035852954 0.050600209 0.029991884 0.09941101 0.0033655457 0.050358015 0.077617292 0.073351161 0.066843569 0.0058668076 0.097835113 0.045524334 0.07485812 0.12912996 0.23599132 0.095183571 0.17330234 0.22711738 0.098788057 0.32603124 0.16486319 0.10535919 0.092845467 0.069668148 0.13268285 0.064781642 0.079597891 -2.1827873e-11 0.070441875 0.15126463 0.088093415 0.11448645 0.38399263 0.71956943 0.50474017 0.34380038 0.34110031 0.52040579 1.0443712 1.4926773 0.33796491 0.056424807 0.15177107 0.06386994 1.8189894e-11 0.03703121 0.071846493 0.099771865 0.18395908 0.077086232 0.24865642 0.15234808 0.31060808 0.31756177 0.16426587 0.2497524 0.25937759 0.35375773 0.45302677 0.29508384 0.35316883 0.50747873 0.40460372 0.6790019 0.37696099 0.69523411 
-3.6379788e-12 7.2759576e-12 0 0 0 0 0 0 0 0 0 0 0 3.6379788e-12 0 0 3.6379788e-12 -3.6379788e-12 3.6379788e-12 -7.2759576e-12 0.049055846 3.6379788e-12 0.10759704 0.047681943 0.12871131 0.055566696 0.1032407 0.029627315 0.026693427 0.077973385 0.096224295 0.041326715 0.03930571 0.10076284 0.11284712 0.12817054 0.084372341 0.099618298 0.16401095 0.13031918 0.13813623 0.17307573 0.14039228 0.040943732 0.033371774 0.062269166 0.18497123 0.062071882 0.064013246 0.12875086 0.034199018 0.054574461 0.1018084 0.082881294 0.10571533 0.39553391 0.67414667 0.27923368 0.39489279 0.21345256 0.80131822 1.1404625 0.65209566 0.2888107 0.036530406 0.078978287 0.045188444 0.021330325 0.10909753 0.11782612 0.074499917 0.072658373 0.14363152 0.21616811 0.19520507 0.23130845 0.29110266 0.16264955 0.2280585 0.48706905 0.38733157 0.32424268 0.43101587 0.56505367 0.40044205 0.46935619 0.47447568 0.62432384 0.8676885 0.66267535 
-3.6379788e-12 0 0 0 0 0 0 0 0 0 0 3.6379788e-12 7.2759576e-12 0 -7.2759576e-12 0 0 0.0088675748 0.014622003 0.014822929 0.016319024 0.016529592 0.070793643 0.11340106 0.070724088 0.0084794608 0.027767525 0.065136325 0.061224854 0.13930615 0.038243527 0.084921811 0.056174427 0.11365583 0.12472651 0.14593352 0.083352076 0.069419823 0.16716599 0.14939261 0.087190217 0.11688941 0.049437675 0.057175293 0.055288654 0.13002598 0.037871063 0.058209597 0.032276073 0.071321832 0.054691712 0.15060691 0.069159509 0.046670449 0.55198977 0.38874385 0.40240827 0.24083929 0.41080923 0.54405538 1.1635036 0.37301086 0.068048949 0.062191597 0.074517676 0.093868129 7.2759576e-12 0.12891557 0.084839086 0.10495438 0.093901581 0.088559342 0.20797566 0.19301995 0.31292554 0.27377969 0.30441878 0.33030064 0.27672943 0.41535644 0.47163903 0.34674618 0.25820232 0.31895597 0.49123184 0.85450382 0.68218253 0.50838389 0.92150348 0.87373101 
3.6379788e-12 0 0 0 0 0 0 0 0 0 0 0 3.6379788e-12 -3.6379788e-12 -3.6379788e-12 -3.6379788e-12 21407.759 0.018116465 0.053060328 0.042045546 0.041830733 0.045393861 0.064748366 0 0 0.065687365 0.022692511 1.8189894e-11 0.046208054 -1.4551915e-11 0.030791535 0.12030599 0.081026912 0.15821197 0.082827589 0.1001239 0.089682568 0.09191549 0.045849576 0.059402697 0.077013716 0.077799135 0.031479789 0.082917248 0.056174496 0.078391497 0.045785101 0.009583689 0.11533711 0.090442699 0.014974032 0.15676949 0.064099242 0.34970465 0.30956133 0.45375461 0.39331638 0.27279259 0.54500576 1.2308292 0.26748768 0.12522287 0.047663293 0.039510209 0.0041098836 -1.0913936e-11 0.13877296 0.13871233 0.11702534 0.1102979 0.18560706 0.14919342 0.22729618 0.25604101 0.16963101 0.098932006 0.31201664 0.44914665 0.23028607 0.31135335 0.27117122 0.27745477 0.36065524 0.62664406 0.66169228 0.5315066 0.80274118 0.82715072 0.991095 1.1204048 
0 0 0 0 0 0 0 0 0 1493.9099 558.90794 0 0 -7.2759576e-12 -7.2759576e-12 3.6379788e-12 21098.989 14172.914 2971.6194 0 14498.713 -3.6379788e-12 0 1.0913936e-11 -1.0913936e-11 0 0.031555008 0.001418787 2.1827873e-11 0.044949094 0.0079448813 0.0069233845 0.16048026 0.038021011 0.090541068 0.086376283 0.16410129 0.004308045 0.06991649 0.03399368 0.13782142 0.017199082 0.026316824 0.035632942 0.072669344 0.0096940448 0.045641404 0.065857145 0.095677905 0.058539511 0.068162632 0.10876715 0.31931582 0.30309359 0.25718254 0.25221443 0.25226356 0.64053793 0.92765798 0.093560446 0.10384824 0.045638298 0.029616546 0.012779642 0.055378437 0.04765169 0.17064918 0.090451448 0.08596059 0.092750113 0.17122049 0.3065809 0.38860717 0.2195747 0.23564917 0.30386568 0.34150284 0.39320363 0.28916867 0.13189193 0.68638982 0.58318512 0.52490646 0.53900955 0.89690053 0.81066814 0.91103198 0.94628174 0.8513581 0.51181915 
0 0 0 0 0 5196.1325 9754.4966 37049.371 0 -1.1368684e-13 576.5516 0 7.2759576e-12 -3.6379788e-12 0 0 23028.381 18446.144 17777.084 40845.862 15963.011 404.70517 200.26507 0 0 3.6379788e-12 0 0 0.0069500825 0.026330525 -3.6379788e-12 0 0.024125756 4.8270911e-05 0 0.0124439 0.015373559 0.06198368 0.034304403 0.11771944 0.0076386032 0.05755512 0.049702497 0.076960455 7.2759576e-12 0.063357962 0.043944106 0.056713015 0.038072294 0.1693259 -7.2759576e-12 0.42938654 0.46386251 0.14456032 0.28572995 0.31913613 0.55509829 0.88307554 0.37912811 0.036539216 0.051802081 0.025163801 0.03648663 0.010124222 0.055814641 0.10799787 0.095018546 0.025488817 0.16596758 0.17675577 0.21986877 0.22863563 0.21315928 0.22470313 0.45484215 0.28530043 0.22036456 0.16046226 0.70957704 0.49103863 0.47452596 0.57260469 0.78105196 0.63208186 0.83133002 0.86663878 0.66690366 0.73765938 0.63020445 0.45320106 
0 0 0 0 0 0 0 0 9.094947e-13 -4.5474735e-13 0 0 0 0 0 0 24340.267 21435.736 19615.552 40549.579 0 0 0 0 0 0 0 3.6379788e-12 3.6379788e-12 -3.6379788e-12 0.0065039988 0.0010512874 -3.6379788e-12 0.0077119777 0 0.019219979 0.0040413923 0.0028355943 0.048275083 0.079191835 0.079016331 0.041637773 0.048332419 0.014915304 0.094035722 0.017331581 0.035366201 0.15092082 0.073147556 0.26531535 0.24147586 0.29636579 0.079125909 0.16471466 0.24818455 0.47825852 0.6847255 0.41945708 0.051299034 0.13295879 0.0004525125 0.017794941 0.02559467 0.055197477 0.11324646 0.06259788 0.11260233 0.15099789 0.19202306 0.19760359 0.27282872 0.041710446 0.10976423 0.34698517 0.26572879 0.25491178 0.25629017 0.42671037 0.6326926 0.44461222 0.62983415 0.54500401 0.77011018 0.77884774 0.65425158 0.63046806 0.51476426 0.68105514 0.60145883 0.72080624 
0 0 0 0 0 0 0 26000 20389.557 0 0 0 0 0 0 7.2759576e-12 24722.481 91298.626 0 449.70338 98.347092 0 0 0 0 0 0 0 0 0 0 0 0 0 0.0055924313 3.6379788e-12 0.0079376798 0.04615806 0.007993612 0.015882176 0.03144988 0.022357474 0.067641569 0.031373883 0.038087724 0.042491298 0.13012454 0.11042086 0.13215934 0.19084196 0.14992034 0.21804482 0.17491862 0.22770726 0.29538223 0.54331274 0.28184884 0.091475776 3.6379788e-12 0.043886439 0.050631144 0.119111 0.032793788 0.13038855 0.10273217 0.092637401 0.2149048 0.11685862 0.35422484 0.26576779 0.20382792 0.42184425 0.28300648 0.15768556 0.18553186 0.7504598 0.47405062 0.60917991 0.53350352 0.49926798 0.65622652 0.82022857 0.80660132 0.73498588 0.4524981 0.75510278 0.56200849 0.5991389 0.76562352 0.52930363 
0 0 0 0 0 0 0 22374.092 0 13622.679 0 0 0 3.6379788e-12 -3.6379788e-12 0 76540.082 36967.985 0 0 0 0 0 0 0 0 0 0 0 0 0 0 0 0 -3.6379788e-12 0.0021053229 0.0016016481 0.01109717 0.031489517 0.0064700098 0.034997063 0.011875633 0.02366822 0.073422414 0.15062363 0.055902394 0.077262091 0.036457829 0.088640718 0.14368377 0.13403006 0.21431703 0.20920108 0.36713008 0.54238951 0.25915673 0.094392888 0.034092172 0.09203614 0.03714593 0.055615561 0.033604644 0.15042912 0.066834269 0.10983694 0.091445184 0.11225404 0.36559272 0.042238337 0.18782115 0.14161009 0.28793544 0.21780644 0.26041561 0.33033954 0.51380863 0.41170361 0.48031465 0.52614671 0.90820758 0.50813182 0.47387105 0.47343561 0.76417532 0.36897375 0.71307489 0.4560044 0.40726228 0.60945923 0.7187387 
0 0 0 0 0 0 0 19369.468 0 5757.6012 9714.5147 0 0 0 0 0 51063.214 19717.56 24257.831 924.33792 0 0 0 0 0 0 0 0 0 0 0 0 0 0 -3.6379788e-12 -3.6379788e-12 0.027077766 0 0.0021780685 0.05132085 0.035968627 0.076064384 0.077607093 0.057722379 0.092770551 0.061368744 0.034780253 0.11330967 0.13324351 0.089981244 0.13445862 0.24716599 0.19698986 0.55831216 0.26108009 0.043876562 0.069537466 0.10678857 0.057302025 0.039128077 0.088114211 0.090307866 0.085654684 0.12358817 0.09769586 0.16883477 0.16375352 0.12119929 0.29604473 0.20041361 0.16706213 0.30325297 0.51181102 0.34107363 0.46266765 0.61071089 0.49829503 0.62942822 0.41316572 0.51902004 0.36994324 0.71397341 0.34784528 0.63513113 0.4672829 0.65919183 0.64213851 0.60192932 0.64473565 0.65598866 
0 0 0 0 0 0 0 16940.696 11969.76 11657.414 0.0077955873 0 0.019149384 0 0 -9.094947e-13 3.6379788e-12 0 -9.094947e-13 0 0 0 0 0 0 0 0 0 0 0 0 0 0 0 0 0.0086235334 0.014650147 0 0.01449232 0.068218428 0.090815732 0.045738036 0.040709843 0.012838912 0.10742763 0.018281305 0.02922851 0.11870472 0.21417723 0.087204416 0.13701903 0.32004863 0.32266742 0.11460157 0 0.054898763 0.020923263 0.04505246 1.0913936e-11 0.059284429 0.099985198 0.037530545 0.16598236 0.071354938 0.35483979 0.055675698 0.13745069 0.13787161 0.21122532 0.2586079 0.17532815 0.24357606 0.32117173 0.5201226 0.5991116 0.69103964 0.29328752 0.53208952 0.63082574 0.39399268 0.3305372 0.52243331 0.34437794 0.70704029 0.54200718 0.48628809 0.50710351 0.70265576 0.89134066 1.415214 
0 0 0 0 0 0 9059.304 5495.9925 10268.964 36.973172 7400.6287 0 0.0083690526 3.6379788e-12 0 9.094947e-13 0.031014295 0.035596655 -7.1054274e-15 7163.316 0 0 0 0 0 0 0 0 0 0 0 0 0 0 0 0 7.2759576e-12 0.0021895542 0.0073407639 0.037285629 0.0097143453 0.057590665 0.098397555 0.0084459718 0.090958401 0.065750829 0.038439696 0.093383199 0.072529946 0.12079829 0.18434107 0.083888465 0.085739919 0.024833736 0.046467799 0.073787618 0.034947661 0.074658352 0.025753454 0.071420151 0.061958436 0.096666994 0.14261082 0.11259845 0.23177175 0.16047985 0.18266969 0.17143256 0.20665422 0.34785447 0.34193515 0.50833052 0.35788457 0.30843818 0.64518357 0.36614855 0.19682271 0.35613789 0.67071882 0.39831559 0.40621104 0.49596432 0.33068669 0.47932854 0.65072654 0.67015393 0.66867695 0.83187697 1.1163332 0.4463401 
0 0 0 0 0 0 29982.406 2399.0965 12158.541 0.026606425 0 0.015699628 -3.6379788e-12 -3.6379788e-12 0.01458662 47076.097 0 7.1054274e-14 0 484.64197 0 0 0 0 0 0 0 0 0 0 0 0 0 0 0 0 1.4551915e-11 0 0.014261121 0.034162824 0.0015330534 0.034543996 0.030536816 0.053422465 0.026674847 0.03189972 0.029611594 0.056073204 0.090750298 0.18115403 0.099777738 0.07834096 0.075513536 0.016326629 0.013248058 0.049732884 0.088272333 0.0099489552 0.076069493 0.053405084 0.04631617 0.28310024 0.056040666 0.10594843 0.2685885 0.11408522 0.1383764 0.076470043 0.37885157 0.28817722 0.38326938 0.59677065 0.58999049 0.28286611 0.034733451 0.30143358 0.29117978 0.16257403 0.4785079 0.26206006 0.40281684 0.6094997 0.46005228 0.49188746 0.45331441 0.51277558 0.74467498 0.4935034 0.23195305 0.26935575 
0 0 0 3.6379788e-12 -7.2759576e-12 25783.478 19835.848 6090.535 6818.8916 3362.2601 0.080664216 475.56036 15223.616 0.035322372 17887.195 34133.632 95801.806 0.1307786 29910.025 112.78701 0 0 0 0 0 0 0 0 0 0 0 0 0 0 0 0 0 0 0.020280367 0.0018784024 0.0093521618 0.011853128 0.011472882 0.011927393 0.021641055 0.052873744 0.073505476 0.077304989 0.11170783 0.12557098 0.048582788 0.020426877 0.020177452 0.035598262 0.050706373 0.08479221 0.027448541 0.084623105 0.1005665 0.062840422 0.069307582 0.11871053 0.20797922 0.10660144 0.091679834 0.11154411 0.37671448 0.29062027 0.31562146 0.55441758 0.19143674 0.20114957 0.30227477 0.45878969 0.35438402 0.18405522 0.26324167 0.3375081 0.4275922 0.35239596 0.32162417 0.40873597 0.49036502 0.55366624 0.65050042 0.57735386 0.18414788 0.35822799 0.23174212 0.2901404 
0 0 0 0 1.8189894e-12 8248.543 6541.8256 1604.6124 13149.927 10.822395 8620.9381 5.5196844 263.10024 0 0 4022.2381 19234.222 63063.977 32759.183 0 0 0 0 0 0 0 0 0 0 0 0 0 0 0 0 0 0 0 -3.6379788e-12 0.0011332526 0.00074487487 0.044573031 0.039096088 0.012726214 0.015770146 0.034143464 0.039675253 0.074823082 0.079896066 0.034846748 0.024026742 0.020506794 0.04336373 0.04220034 0.088898563 0.04400963 0.11097213 0.029856146 0.16673384 0.0095274411 0.17830027 0.069828326 0.1014382 0.16576386 0.32463341 0.26741051 0.20353492 0.41050611 0.37712017 0.3001168 0.19926726 0.17802812 0.36030362 0.3768667 0.27125126 0.033433332 0.12943922 0.25532564 0.24345546 0.3597125 0.43727509 0.350647 0.48959187 0.47324898 0.40511553 0.17755005 0.17823989 0.26288104 0.33319585 0.18119276 
0 0 0 3.6379788e-12 26614.382 2.9558578e-12 18723.183 19820.688 7138.2421 5996.5673 2382.1563 1205.4514 137.00624 34.586313 0 83.408227 570.27996 10947.792 176.4661 0 0 0 0 0 0 0 0 0 0 0 0 0 0 0 0 0 0 0 0 0 0.013177539 0.010023185 0.018913639 0.033288109 0.050280456 0.0019987358 0.02867171 0.018340136 0.037146818 0.020982569 0.013908957 0.063544491 0.023997255 0.044889913 0.11265285 0.0086595802 0.093450309 0.027474708 0.14761185 0.1270375 0.039992323 0.10573146 0.19794918 0.21624386 0.23738064 0.23277477 0.25357049 0.30978786 0.50314536 0.26425458 0.24426802 0.20747052 0.20163528 0.058766391 0.12787101 0.15462105 0.080116145 0.13521679 0.26212986 0.31097367 0.46355864 0.33168288 0.26266834 0.071668005 0.17473559 0.25292045 0.27509265 0.28666224 0.20372337 0.44279415 
0 0 0 26807.671 13962.914 14505.111 5342.7359 9508.6315 42458.242 21711.279 4669.9015 0 0 0 5.6644939 0 0.56277335 0.51422584 0 0 0 0 0 0 0 0 0 0 0 0 0 0 0 0 0 0 0 0 0 -3.6379788e-12 0.019348591 0.0096821982 0.0059800382 0.015816625 0.023465254 0.0044871961 0.06584396 0.006080264 0.065704993 0.064048451 0.047619478 0.024889032 0.011792298 0.048206582 0.018729265 0.10298792 0.046130918 0.13058435 0.021723179 0.096944056 0.16548756 0.20722023 0.18726514 0.063520859 0.27520413 0.13022025 0.23067802 0.29984456 0.22040233 0.22166031 0.35290456 0.19008047 2.1827873e-11 0.18527836 0.10664794 0.088451156 0.17531062 0.0295688 0.032937296 0.15350034 0.22604737 0.18184003 0.24152673 0.23411238 0.1508324 0.14451861 0.23699046 0.24976381 0.34241274 0.53487776 
0 0 14054.336 32819.55 9822.9406 16337.218 37535.296 31074.998 0 0 0 0 0 0 0 0.2626525 0 0 0 0 0 0 0 0 0 0 0 0 0 0 0 0 0 0 0 0 0 0 0 0 0 3.6379788e-12 0.004198131 0.040610945 3.6379788e-12 0.012755643 0.022344344 0.030841007 0.013530827 0.016891611 0.054789072 0.099085991 0.032475615 0.091874949 0.090300314 0.064902755 0.051857029 0.058899216 0.057821087 0.19284163 0.051366546 0.15777244 0.18711326 0.28745319 0.32798408 0.21632561 0.10117206 0.34528964 0.15293918 0.2285091 0.093741739 0.15369677 0.13002101 0.044770007 0.038469147 0.090096741 0.139149 0.14527518 0.11043767 0.18516227 0.12675652 0.12421886 0.24730259 0.19319441 0.23099519 0.22249681 0.20438692 0.33125227 0.38529924 0.33234073 
6.2527761e-13 0 21906.523 24093.426 0 30442.123 30484.332 0 0 0 0 0 0 0 0 0 0 0 0 0 0 0 0 0 0 0 0 0 0 0 0 0 0 0 0 0 0 0 0 0 0 -3.6379788e-12 -3.6379788e-12 0 0.072106938 7.2759576e-12 0.06534769 0.026467758 0.02282 0.015118046 0.015811717 0.048721968 0.099274162 0.10156566 -1.4551915e-11 0.035529534 0.053883024 0.043591644 0.14343003 0.060385683 0.20772107 0.12590664 0.11367257 0.17709704 0.16644396 0.22067043 0.32265375 0.33003537 0.089858206 0.030869178 0.04337986 5.0931703e-11 0.062726382 0.18928176 0.072939915 0.1226504 0.10576007 0.090411947 0.062076955 0.14204525 0.076410538 0.23199731 0.090877524 0.16330737 0.23215749 0.32933384 0.22604945 0.31849288 0.49896527 0.45169235 
2.6645353e-15 12806.472 12989.599 6845.332 4.5474735e-13 2044.5873 15058.772 0 0 0 0 0 0 0 0 0 0 0 0 0 0 0 0 0 0 0 0 0 0 0 0 0 0 0 0 0 0 0 0 0 0 0 0 3.6379788e-12 -7.2759576e-12 7.2759576e-12 0.035821059 0.022965199 0.016950198 0.020546338 0.036992634 0.030522507 -7.2759576e-12 0.043125325 0.066733119 0.024691315 0.10386245 0.10197189 0.052135774 0.05181183 0.16515645 0.21650654 0.24960377 0.15278956 0.28546015 0.10959683 0.025949229 0.040392679 0.098652315 0.098832565 0.056019296 0.050503666 0.030793592 0.073783929 0.072658876 0.080666993 0.058712329 0.026921687 0.14356804 0.13285354 0.17427827 0.11552218 0.12809365 0.26502623 0.13361836 0.43834385 0.46453276 0.33813345 0.94490541 1.1554643 
0 188.09364 0 0 11890.952 3416.0369 0 3372.5201 0 0 0 0 0 0 0 0 0 0 0 0 0 0 0 0 2178.2595 2726.3179 7717.6314 0 0 0 0 0 0 0 0 0 0 0 0 0 0 0 0 0 0 0 0 0 0.031908591 0.013263574 -3.6379788e-12 0.015344722 -1.4551915e-11 0.038897973 0.01636315 0.078134209 0.048784909 1.8189894e-11 0.18329776 0.10669307 0.11630371 0.23599454 0.10832899 0.23765522 0.24606564 0.06757612 0.056453256 -2.910383e-11 0.05483133 0.15859229 1.8189894e-11 0.032083207 0.053788657 0.030091112 0.048313595 0.02908222 0.05734045 0.02938718 0.083351393 0.12609844 0.1779128 0.22616497 0.1352319 0.15518246 0.36895001 0.40755759 0.59834153 1.2002638 1.0359896 2.6835759 
0.003206543 0 0 0 0 0 0 0 0 0 0 0 0 0 0 0 0 0 0 0 0 0 0 0 0 0 0 14741.41 19895.557 0 0 0 0 0 0 0 0 0 0 0 0 0 0 -3.6379788e-12 0 3.6379788e-12 0 0 3.6379788e-12 7.2759576e-12 -3.6379788e-12 7.2759576e-12 0 0.021927835 0.031742693 0.061999807 0.035899888 0.066072635 0.13452348 0.11721925 0.082448896 0.212517 0.13391262 0.023776918 0.046724947 0.039858795 0.028192538 0.12385614 1.0913936e-11 2.5465852e-11 0.025852087 0.047097968 -1.0913936e-11 0.033552753 0.094665773 0.046071744 0.098245616 0.041606606 0.10797476 0.17848733 0.1296368 0.17890394 0.20111146 0.38087811 0.61841125 0.73556239 0.92314995 2.647183 1.0978648 0.50375898 
0 0.0038631399 0 3.6379788e-12 0 0 0.0063271757 0.018414548 0 0 0 0 0 0 0 0 0 0 0 0 0 0 0 0 9050.5735 4201.9144 11794.891 5351.5605 0 20623.136 407.16822 0 0 0 0 0 0 0 0 0 0 0 0 0 0 0 3.6379788e-12 -3.6379788e-12 0 1.0913936e-11 0 3.6379788e-12 1.0913936e-11 -7.2759576e-12 2.1827873e-11 0.010234802 -7.2759576e-12 0.053323946 0.10041976 0.056444699 0.2302393 0.0270439 0.031617438 0.045242758 7.2759576e-12 0.074111885 2.910383e-11 -7.2759576e-11 0.0283087 0.077104975 0.053592146 0.038857618 0.025541121 0.082856995 0.022178298 0.11820031 0.048441899 0.10426419 0.018700863 0.075674263 0.18559129 0.24329469 0.5329545 0.64189194 0.71181171 0.80042932 1.9410906 0.48330687 0.34874378 0.42150938 
0 0 0.0030589281 0.00023616548 3.6379788e-12 0 0.0045358321 0.0074758138 0.0035226677 8641.7262 0 0 0 0.0490268 0 0 0 0 0 0 0 0 0 0 0 0.026319229 4.5474735e-13 14252.657 11617.198 1.8189894e-12 16095.624 0 19830.837 0 0 0 0 0 0 0 0 0 0 0 0 0 -3.6379788e-12 0 0 1.0913936e-11 -3.6379788e-12 3.6379788e-12 0 1.8189894e-11 -7.2759576e-12 -3.6379788e-12 0.016988433 0.08459062 0.083299918 -3.6379788e-12 0.028035945 -1.0913936e-11 3.6379788e-12 0.070405575 -3.6379788e-12 3.6379788e-11 1.0913936e-11 1.8189894e-11 4.0017767e-11 -2.1827873e-11 2.5465852e-11 -2.1827873e-11 4.0017767e-11 0.070238274 0.076293849 0.082971674 0.065116466 0.11316887 0.15809453 0.085420175 0.20695656 0.25716975 0.60197244 0.70448246 2.3453289 0.63442068 0.43837196 0.36930279 0.22012573 0.21802327 
0 0 0 0.0050603425 0 0 0.001747316 3.6379788e-12 0.066043295 0.048517324 0.022367827 0 0 0 0.64245169 0 0 0 0 0 658.85538 19541.26 37624.819 38684.646 4939.533 11945.664 -1.8189894e-12 45061.27 30651.264 -1.8189894e-12 0 24151.109 0 114624.33 0 -3.6379788e-12 -3.6379788e-12 0 0 0 0 0 0 0 0 -3.6379788e-12 -3.6379788e-12 3.6379788e-12 -1.4551915e-11 -7.2759576e-12 -3.6379788e-12 3.6379788e-12 -3.6379788e-12 7.2759576e-12 3.6379788e-12 0 0.10268915 0.052187059 0.090409915 0.04906733 0.051327545 0.069230474 -1.4551915e-11 3.6379788e-12 1.0913936e-11 -1.0913936e-11 -3.2741809e-11 0 -7.2759576e-12 2.910383e-11 -5.8207661e-11 0.033369104 0.041422127 -5.0931703e-11 -2.1827873e-11 4.3655746e-11 0.03559968 0.12954564 0.1735385 0.30489253 0.33548637 1.0386821 2.2145579 0.66123341 0.21169616 0.41653578 0.3496839 0.17737409 0.22542263 0.53164158 
0 3.6379788e-12 0 0.0019583818 0.0083454958 0 0 0.015180099 0.016296914 0.044816569 0.029529532 -4.4408921e-16 1.419831 0 0 0 0 0 0 15054.428 45028.931 20531.918 -9.094947e-13 4.5474735e-13 1.3642421e-12 0 1.0913936e-11 3.6379788e-12 20192.351 3.6379788e-12 1.0913936e-11 0 47867.548 19565.542 146282.36 7.2759576e-12 0 0 0 0 0 0 0 0 0 0 0 -3.6379788e-12 0 -3.6379788e-12 7.2759576e-12 7.2759576e-12 7.2759576e-12 -1.0913936e-11 -7.2759576e-12 1.4551915e-11 0.059507368 -7.2759576e-12 -1.0913936e-11 0.064717478 1.8189894e-11 -1.8189894e-11 4.3655746e-11 0 -2.910383e-11 -3.6379788e-12 7.2759576e-12 1.8189894e-11 -1.0913936e-11 0.058685771 2.1827873e-11 1.0913936e-11 -4.0017767e-11 7.2759576e-12 0.098285227 0.078505697 0.16946278 0.32685206 0.71510232 1.8034211 0.88957171 0.59535286 0.1451023 0.07374362 0.60043143 0.21026267 0.28413928 0.32017826 0.57741625 1.7651406 
0 0 7.2759576e-12 0.058118267 0.0026477757 0.023035311 3.6379788e-12 0 0.034821891 0.034777477 4881.0742 0.13482068 0 0 0 0 0 0 0 17559.788 -3.6379788e-12 0 0 3.6379788e-12 0 0 0 0 0 -7.2759576e-12 0.0045103462 3.6379788e-12 43306.422 12589.376 25902.084 7.2759576e-12 0 0 0 0 0 0 0 0 0 0 3.6379788e-12 -3.6379788e-12 0 0 0 -3.6379788e-12 -7.2759576e-12 -7.2759576e-12 0.029260735 3.6379788e-12 2.910383e-11 0.051507845 7.2759576e-12 -1.4551915e-11 -2.5465852e-11 4.3655746e-11 -2.5465852e-11 1.0913936e-11 1.0913936e-11 2.910383e-11 7.2759576e-12 0.065996398 -1.0913936e-11 -3.6379788e-12 0.034675592 0.041253815 0.048143239 0.13269254 0.24627877 1.0068458 1.0086174 0.99378372 0.50553107 0.64685977 0.51030903 0.063708004 0.43648033 0.23500058 0.3923255 0.54133271 0.48408225 0.54772308 3.5008533 2.7458217 
0 0 0 0.01064227 0.029679016 0.013026028 -3.6379788e-12 0 3.6379788e-12 21407.76 4914.2827 57345.166 0 0 0 0 0 0 0 0 0 0 0 0 0 0 0 0 -3.6379788e-12 0 -1.0913936e-11 -3.6379788e-12 0 0 0.0088304775 0.0028182322 -3.6379788e-12 0 0 0 0 0 0 0 0 0 0 0 0 0 7.2759576e-12 0 7.2759576e-12 7.2759576e-12 0 -1.4551915e-11 0.030952889 -1.8189894e-11 2.5465852e-11 0 3.6379788e-12 -3.2741809e-11 1.4551915e-11 -1.4551915e-11 0 0.02703134 -3.6379788e-12 0.039431474 0.085475786 -7.2759576e-12 0.22172365 0.28998488 0.59929604 1.0566815 0.6049292 0.59680046 0.53568427 0.50875887 0.40537215 0.37766785 0.35244218 0.221117 0.40366509 0.44992574 0.41953693 0.72951365 0.55048789 3.2049208 2.9158218 1.2799619 
0 0 0 0 0 0.033401333 0.049092162 0 19617.788 27207.558 113955.02 382.5157 0 0 0 0 0 0 0 0 0 0 0 0 0 0 0 0 0 0 0 3.6379788e-12 0 0 0.16600387 291623.81 0 0 -7.2759576e-12 0 -3.6379788e-12 0 0 0 0 0 3.6379788e-12 3.6379788e-12 3.6379788e-12 0 0 1.0913936e-11 -7.2759576e-12 0 0.033126715 0 -7.2759576e-12 0 -1.0913936e-11 -7.2759576e-12 7.2759576e-12 2.1827873e-11 -1.0913936e-11 0.037482377 0 0.11034925 -3.2741809e-11 0.075365468 0.24628052 0.3885661 0.60166523 0.40438393 0.51723013 0.37738532 0.48323571 0.33662154 0.2555167 0.37113877 1.0913936e-11 0.074606873 0.047529406 0.32331921 0.23222234 0.21158872 0.15066476 1.4996968 2.6351934 1.4309506 1.0139657 0.872514 
0 8032.0208 0 3.6379788e-12 0 3.6379788e-12 0.0093550538 17549.9 8450.1072 30322.708 112043.03 0 0 0 0 0 0 0 0 0 0 0 0 0 0 0 -3.6379788e-12 0 -3.6379788e-12 0 0 3.6379788e-12 3.6379788e-12 0 0.12049398 73399.686 0.22550197 0 0 3.6379788e-12 0 -3.6379788e-12 0 0 0 0 0 0 -3.6379788e-12 0 0 0 0.045382107 -3.6379788e-12 0 -3.6379788e-12 -3.6379788e-12 -7.2759576e-12 7.2759576e-12 -1.4551915e-11 7.2759576e-12 -7.2759576e-12 0.050435014 0.064307462 1.4551915e-11 0.082438249 0.071037352 0.40243844 0.27517797 0.43412199 0.29929831 0.45880197 0.36485561 0.26968025 0.15638773 0.287818 0.27456205 0.12877553 0.24633053 0.2869532 0.024338138 0.086136178 0.67626373 0.57090832 2.5239825 1.4392426 1.4845106 1.2708519 1.172863 0.79857239 
0 0 26000 0 -3.6379788e-12 -3.6379788e-12 0.044049712 0.037312785 7645.847 23774.524 174125.8 0 0 0 0 0 0 0 0 0 0 0 0 0 0 0 0 0 7.2759576e-12 3.6379788e-12 0 0 0 -7.2759576e-12 0.057366082 0.26932918 0.11841282 0.088742435 0 3.6379788e-12 -3.6379788e-12 0 3.6379788e-12 0 0 0 0 0 0 17967.979 0 0 0 0 3.6379788e-12 0 3.6379788e-12 7.2759576e-12 7.2759576e-12 -1.0913936e-11 0.0722721 0 -3.6379788e-12 -7.2759576e-12 -3.6379788e-12 0.16988717 0.23046557 0.067923929 0.29848956 0.47947893 0.20119245 0.18946927 0.20262027 0.20631348 0.11791701 0.13853105 0.3116813 0.35429362 0.34496335 0.2086053 0.25779767 0.75807296 0.92631846 1.0593239 1.1251554 1.0338377 1.2138667 1.288378 1.2323916 1.4509291 
0 -3.6379788e-12 62340.538 0 3.6379788e-12 0 0.032770149 0.051085646 293.88718 26885.379 804921.88 0 0 0 0 0 14103.196 20803.868 0 0 0 0 0 0 0 0 0 0 0 -3.6379788e-12 0 0 3.6379788e-12 -3.6379788e-12 3.6379788e-12 0.12087342 0.52862291 0.088466558 0 0 0 7.2759576e-12 0 -3.6379788e-12 0 0 0 0 16670.298 16110.716 12383.395 431.28096 0 0 3.6379788e-12 3.6379788e-12 0 0 3.6379788e-12 7.2759576e-12 0 1.0913936e-11 1.4551915e-11 0.032650118 7.2759576e-12 0.058544578 0.21390821 0.072966195 0.085394918 0.084846016 0.20968908 0.12700962 0.14210447 0.26688181 0.20339316 0.34242766 0.3024859 0.18923847 0.25195775 0.2778561 0.42558437 0.56675533 0.35466132 0.54781557 0.4653811 0.73218434 0.90006304 1.2535412 0.29350217 0.18862287 
0 31537.701 8521.6118 0 0 0 0 0.0042658614 0.21566262 213449.62 527490.07 11246.071 25758.323 0 0 13653.243 13916.698 0 0 0 0 0 0 0 0 0 0 0 0 0 0 0 -3.6379788e-12 0 -3.6379788e-12 -3.6379788e-12 0.084279996 366944.33 3.6379788e-12 7.2759576e-12 0 3.6379788e-12 0 -7.2759576e-12 0 -3.6379788e-12 -3.6379788e-12 -3.6379788e-12 1.8189894e-12 11864.2 25697.955 9348.1646 0 0 3.6379788e-12 0 0 -3.6379788e-12 1.0913936e-11 -7.2759576e-12 -7.2759576e-12 2.1827873e-11 0 1.0913936e-11 0 0.10459966 0.069785911 0.053335783 0.15762475 0.074069541 0.04137936 0.19740775 0.2987533 0.30336314 0.2393356 0.27434876 0.15993935 0.27127565 0.24736366 0.46312203 0.46662269 0.41595143 0.45128902 0.62572327 0.69669468 0.93419324 0.21821728 0.11289468 0.045245769 0.073208861 
0 0 3098.5239 5537.7007 0 0 0 0 0 2930.6454 52382.264 54092.112 16766.806 39540.113 12224.942 23957.731 5477.4738 29339.481 0 0 0 0 0 0 0 0 0 -3.6379788e-12 3.6379788e-12 0 0 3.6379788e-12 0 3.6379788e-12 0 0 3.6379788e-12 0.38722297 0.10915622 0.18442059 -7.2759576e-12 0 3.6379788e-12 -3.6379788e-12 0 3.6379788e-12 0 0 0 17762.841 0 0 0 0 3.6379788e-12 0 0 0 7.2759576e-12 0 0 -1.0913936e-11 1.4551915e-11 -7.2759576e-12 -7.2759576e-12 0.12407113 0.013174434 0.028807037 0.059373355 0.17913239 0.11480101 0.27878776 0.29588596 0.19020703 0.22125535 0.17690915 0.30666636 0.48278787 0.28252391 0.43969623 0.53710096 0.54383793 0.52893435 0.44104694 0.51990862 0.054471469 0.061824541 -7.2759576e-12 2.5465852e-11 -5.4569682e-11 
0 0 0 0 0 3.6379788e-12 0 0 0 0 1.1368684e-12 0 36978.024 10515.088 2025.9912 10097.528 17967.979 -3.6379788e-12 0 -7.2759576e-12 0 0 0 0 0 0 0 0 0 0 0 0 0 0 -3.6379788e-12 0 -3.6379788e-12 0.072066422 0.11209831 0.32442348 0.60762902 0.012451117 3.6379788e-12 3.6379788e-12 3.6379788e-12 0 -3.6379788e-12 -3.6379788e-12 0 17614.656 0 0 0 0 0 0 0 0 -3.6379788e-12 7.2759576e-12 0 -3.6379788e-12 1.4551915e-11 7.2759576e-12 7.2759576e-12 -1.4551915e-11 0.06785003 0.050325015 0.12082235 0.12168381 0.15026306 0.1031283 0.12799089 0.16368168 0.10673921 0.2807412 0.32448229 0.34898696 0.4176675 0.41462104 0.30763986 0.55043649 0.41702651 0.12137326 0.070897845 0.00029871221 -1.4551915e-11 -1.0913936e-11 -7.2759576e-12 0.080459444 
0 0 0 0 0 0 0 0 3.6379788e-12 0 6.8212103e-13 22830.435 58101.984 13000.091 0.031963756 -7.2759576e-12 0 0 0 0 0 0 0 0 0 0 0 0 0 0 0.031597936 0.0057002601 -3.6379788e-12 0.038973134 0 7.2759576e-12 -3.6379788e-12 0.070072326 0.17952021 0.3482251 56584.738 0.38741076 0.27604336 2.2737368e-13 0 0 23873.454 22315.973 24722.481 0 0 0 0 0 0 0 0 0 0 0 0 -7.2759576e-12 -1.0913936e-11 0 7.2759576e-12 0.015760074 0.11133973 0.091452447 0.071933508 0.059265485 0.082586778 0.12438588 0.16146205 0.12602501 0.29653426 0.19763873 0.19134399 0.38300257 0.23117123 0.26807083 0.33347163 0.12517132 0.12746193 0.0023575895 0.042063139 -1.4551915e-11 1.8189894e-11 0.051587106 0.023249984 0.064267042 
0 0 0 0 0 0 0 0 0 0 -3.6379788e-12 0 30513.011 83079.973 -3.6379788e-12 0 0 0 0 0 -7.2759576e-12 0 0 0 -3.6379788e-12 0 -7.2759576e-12 -3.6379788e-12 7.2759576e-12 -3.6379788e-12 0 0.0075410797 0.027875944 0 0 0 0.060362858 0.26544598 0.17959149 0.41947675 0.17105355 0.51991795 0.28924553 -1.1368684e-13 24839.486 24784.594 0 8032.0208 0.022937678 0 0 0 0 0 0 0 0 -3.6379788e-12 0 0 -1.0913936e-11 -7.2759576e-12 -7.2759576e-12 0 7.2759576e-12 -3.6379788e-12 0.13138042 0.015527768 -1.0913936e-11 0.06013075 0.071721693 0.06476522 0.14000826 0.14420774 0.064710902 0.1555519 0.1989847 0.32739841 0.25349569 0.039887691 0.054467235 0.05677433 7.2759576e-12 0.039127131 7.2759576e-12 0.053204582 0.024789863 -7.2759576e-12 0.029815844 0.015054708 
0 0 0 0 0 0 3915.6854 0 0 3.6379788e-12 0 3.6379788e-12 70775.08 126114.88 -3.6379788e-12 -3.6379788e-12 0 0 3.6379788e-12 0 0.019847859 -3.6379788e-12 3.6379788e-12 0 0 3.6379788e-12 0 0 0 13000 26000 0 -3.6379788e-12 0.023544452 0.006153848 3.6379788e-12 0.04913523 0.19892405 0.42361418 0.73451214 0.23217727 47148.147 192844.02 0.020733225 0 0.028130834 0.089705645 0.060885837 0.0013994813 0 0 0 0 0 0 0 3.6379788e-12 0 0 3.6379788e-12 -3.6379788e-12 7.2759576e-12 0 7.2759576e-12 3.6379788e-12 -7.2759576e-12 2.1827873e-11 0.14565453 0.054706352 0.023770697 0.058638257 0.11490227 0.11690166 0.127818 0.10323973 0.17700168 0.30507763 0.058156978 0.039881005 0.027040533 0.055696676 -1.0913936e-11 0.041763754 3.6379788e-12 0.024643383 -2.5465852e-11 0.026347739 1.0913936e-11 0.078708747 -2.5465852e-11 
0 0 0 0 0 0 0 0 0 0 -3.6379788e-12 0 0 105270.81 146585.49 0 7.2759576e-12 0 0 0 0 0 0 0 3.6379788e-12 0 0 -3.6379788e-12 13000 1.8189894e-12 0 0.0010419451 -3.6379788e-12 0.060533476 3.6379788e-12 0.043770723 0.020909493 0.11689254 0.07435023 0.3013052 0.8184952 0.30498604 1.0610953 0.0063078885 0.039908325 0.0024337401 0.0089193023 0.027183352 0.0032454656 0 0 0 0 0 0 0 0 7.2759576e-12 0 0 0 3.6379788e-12 -3.6379788e-12 -7.2759576e-12 0 0 -1.0913936e-11 3.6379788e-12 0.052381074 0.022102998 0.01495677 0.084538769 0.014049836 0.11163273 0.12263111 0.23102872 0.091452862 0.033065538 0.012085722 0.01186823 0 0.013388248 0 0 -7.2759576e-12 -1.0913936e-11 0.034346405 -7.2759576e-12 3.6379788e-12 0.061996443 
0 0 0 0 0 0 0 0 0 3.6379788e-12 -3.6379788e-12 3.6379788e-12 0 148525.49 112273.73 7.2759576e-12 -3.6379788e-12 0 0 0.022992317 -3.6379788e-12 0 3.6379788e-12 3.6379788e-12 -3.6379788e-12 0 0 0 0 3.6379788e-12 3.6379788e-12 -3.6379788e-12 0 0.009451157 0 0.023069523 0.039692968 0.17155713 0.14344292 0.14960623 0.85711636 0.56476494 0.35096829 0.75679846 0.031358736 0.12665001 0.022664471 0.0047071211 0.0040589752 0 0 0 0 0 0 0 0 0 0 0 -7.2759576e-12 7.2759576e-12 0 -3.6379788e-12 0 -7.2759576e-12 3.6379788e-12 0 1.4551915e-11 0.033922947 -7.2759576e-12 0.023961294 0.060446238 0.059129074 0.12802982 0.12250555 0.020135249 0 0 0.0061981938 0.015570273 -2.1827873e-11 0.107368 0.068642831 0.09996966 0.046275132 0 0.051010252 0.12828199 1.2889562 
0 0 0 0 0 0 0 0 0 0 0 0 -7.2759576e-12 0 31162.225 0.0064788191 0 0.03814017 0 0 0 -7.2759576e-12 0 3.6379788e-12 3.6379788e-12 0 -3.6379788e-12 0 -7.2759576e-12 0 0 0 -3.6379788e-12 3.6379788e-12 0.02154205 0 3.6379788e-12 0.061104347 0.12562745 0.025658723 0.50526022 31370.927 308584.63 617765.28 265132.5 30879.932 0.0092114896 0.0049079917 0.0051816199 13000 0 -3.6379788e-12 0 0 0 0 0 0 0 3.6379788e-12 0 0 -1.8189894e-11 0 7.2759576e-12 -3.6379788e-12 3.6379788e-12 -3.6379788e-12 -7.2759576e-12 -1.0913936e-11 2.910383e-11 0 0.15472725 0.22878295 0.038486904 0.017740047 -7.2759576e-12 0.0040604548 0.040715524 0.030565857 1.4551915e-11 0.039124002 0.038412964 3.6379788e-12 0.10317892 0.029620361 0.091005355 0.14705522 0.45582851 0.23370888 
0 0 0 0 0 0 0 0 0 0 0 3.6379788e-12 3.6379788e-12 -3.6379788e-12 0 -7.2759576e-12 0.013741465 7.2759576e-12 0.034202632 3.6379788e-12 7.2759576e-12 0 3.6379788e-12 -3.6379788e-12 0 3.6379788e-12 0.0058961271 -7.2759576e-12 0.031287333 3.6379788e-12 7.2759576e-12 0 0 0 -3.6379788e-12 0.023985286 0 0.034694287 0.012721788 0.17218746 0.097554816 0.24848573 620617.18 604252.88 619814.15 200406.69 125849.05 17751.482 0.0064594514 -1.8189894e-12 0 0 0 0 0 0 0 0 0 7.2759576e-12 0 7.2759576e-12 -3.6379788e-12 0 0 -3.6379788e-12 -1.8189894e-11 3.6379788e-12 1.0913936e-11 0 0.035820785 0.037093186 0.089443603 0.0081749964 0.0031914082 -3.6379788e-12 0.011322173 0.042985084 0.05451483 -1.8189894e-11 -1.8189894e-11 -1.4551915e-11 0.036979566 0.10094007 0.050892345 0.073342441 0.19708887 0.10501247 0.23651124 0.21780149 
0 0 0 0 0 0 0 0 0 0 -3.6379788e-12 0 0 0.0027307672 0.0076125598 25550.297 0.10078074 0 7.2759576e-12 -3.6379788e-12 0 3.6379788e-12 -7.2759576e-12 0 -3.6379788e-12 0.028025924 0 0.030087956 0 0 3.6379788e-12 3.6379788e-12 3.6379788e-12 0 0 0.0057251981 3.6379788e-12 0.042398757 -3.6379788e-12 0.28645233 0.15864772 0.19912289 301287.87 48647.677 355654.45 44197.394 137430.85 59825.801 0.0067703101 18276.026 -3.6379788e-12 0 0 0 0 0 0 0 0 0 0 0 0 0 3.6379788e-12 0 -1.0913936e-11 0 -3.6379788e-12 0 7.2759576e-12 0.073783113 0.034703471 0.03269703 0.016641383 0.011096454 0.057146671 0.044032242 -7.2759576e-12 -3.6379788e-12 0.023983302 -7.2759576e-12 0 0.034540771 0.025672754 0.33898176 0.30845332 0.23819859 0 0.13201972 
0 0 0 0 0 5537.7007 0 0 0 0 0 0 3.6379788e-12 -7.2759576e-12 -7.2759576e-12 0.013451989 0.03252126 0.036251941 -3.6379788e-12 3.6379788e-12 -7.2759576e-12 0 0 0 0 0 3.6379788e-12 0 0.12510405 0 0 0 -3.6379788e-12 3.6379788e-12 0 -3.6379788e-12 0 0 0.060997497 0.10279947 0.12282004 0.64639194 139963.97 40962.008 238840.68 35435.528 31359.319 5628.439 22683.745 6964.3319 2.8865799e-15 51368.871 14109.048 0 0 0 0 0 0 0 0 0 0 7.2759576e-12 7.2759576e-12 0 -7.2759576e-12 7.2759576e-12 -7.2759576e-12 -3.6379788e-12 -3.6379788e-12 0.017995304 3.6379788e-12 0.0097371882 0.015327177 0.053062134 0.048612212 -1.8189894e-11 -7.2759576e-12 1.0913936e-11 -3.6379788e-12 -7.2759576e-12 0.027618765 0.072847826 0.23750069 0.16995583 0.25442903 2.1827873e-11 0.14164636 0.067126355 
0 0 0 0 0 0 4881.0337 0 0 0 3.6379788e-12 -3.6379788e-12 3.6379788e-12 -7.2759576e-12 0.05656197 0.16293582 0.10255808 0.24758995 -7.2759576e-12 3.6379788e-12 -7.2759576e-12 0 -7.2759576e-12 3.6379788e-12 -3.6379788e-12 -3.6379788e-12 0.027599417 0 0.013217968 0.031072775 7.2759576e-12 0 3.6379788e-12 0 0 7.2759576e-12 7.2759576e-12 0 -3.6379788e-12 0.036842777 0.29049683 0.7794037 33486.731 7809.7064 277534.93 27148.626 30097.817 18965.78 0.013264412 14588 1.4054481 0 11890.952 11890.952 0 0 0 0 0 0 0 0 -3.6379788e-12 0 0 0 3.6379788e-12 -3.6379788e-12 0 3.6379788e-12 0 0.0018118158 0.018077845 0.020287923 0.06926301 0.027475612 0 -3.6379788e-12 1.0913936e-11 0.0035799015 2.5465852e-11 0.15416874 0.11897269 0.24294977 0.2759176 0.065184388 0.16542825 0.25492736 0.12442473 0.24895459 
0 -3.6379788e-12 0 -3.6379788e-12 0 21118.966 0 0 0 0 0 0 0.0029603313 0 0 0.19446352 0.23740336 0.23884819 0 0.027346012 3.6379788e-12 -3.6379788e-12 0 7.2759576e-12 0 3.6379788e-12 0.022630998 0 0 0.019279769 0 0 -7.2759576e-12 -3.6379788e-12 0 0 0 -3.6379788e-12 -3.6379788e-12 -3.6379788e-12 0.31901013 0.82524447 1.1073235 47970.112 118360.84 137747.85 43226.143 0.011409303 0.011480077 0.049303552 0 0 0 0 0 0 0 0 0 0 0 0 0 0 0 0 14052.792 0 0 1429.4559 4559.6666 4435.1018 3.6379788e-12 0.0017082045 0.00080012092 0.007076335 0.065409199 7.2759576e-12 -3.6379788e-12 0 0.003478658 0.074306221 0.17677489 0.26244035 0.51594187 0.67718924 0.71720061 0.86450104 0.74348245 0.79441404 
0 0 3.6379788e-12 -3.6379788e-12 0 33386.378 3527.3385 0 0 0 0 0 -3.6379788e-12 3.6379788e-12 0 0.066853636 0.22666951 0.31134776 0.24043409 -7.2759576e-12 0 -3.6379788e-12 -7.2759576e-12 -3.6379788e-12 3.6379788e-12 0 3.6379788e-12 0.02238204 0 0.0087062037 0.11875167 -3.6379788e-12 3.6379788e-12 -7.2759576e-12 -3.6379788e-12 0 0 -7.2759576e-12 -7.2759576e-12 0 0.019253704 0.6003219 0.66419479 48740.059 0.015907004 129301.87 60589.092 0.022849222 0.071663664 0 0 0 0 0 0 0 0 0 0 0 0 0 0 0 0 18749.773 0 0 0 0 0 0 3.6379788e-12 -1.0913936e-11 0.020879654 0.021503585 7.2759576e-12 -3.6379788e-12 0.00084535591 0.00063846196 -3.6379788e-12 0.11420103 0.060226565 0.026278158 0.10550383 0.070715254 0.20518509 0.27611783 0.13338897 0.24784754 
0 3.6379788e-12 0 0 0 2943.8398 0 0 0 0 0 0 -3.6379788e-12 0 0.00067663265 0.0021090535 0.050644242 0.50566371 0.29178756 0.49177224 0.041195657 0 -3.6379788e-12 -3.6379788e-12 0 -3.6379788e-12 3.6379788e-12 -3.6379788e-12 0 3.6379788e-12 0 0.099384587 3.6379788e-12 0.073114465 0.018599184 0 0 3.6379788e-12 7.2759576e-12 7.2759576e-12 3.6379788e-12 0.65551243 0.9821639 56845.532 0.19203439 126574.15 105215.84 0.034633715 0.0068870102 0 0 0 0 0 0 0 0 0 0 0 0 0 0 0 0 0 0 0 0 0 0 0 0 3.6379788e-12 -7.2759576e-12 0.0067325631 0.0028452367 3.6379788e-12 0.051862315 0.0047449532 0.073089164 0.10039337 0.080185796 0.071312932 0.038573827 0.12566298 -3.6379788e-12 0.069740483 0.038177558 0.06466632 
0 0 0 0 0 0 0 0 0 0 0 0 0 0 -3.6379788e-12 0 0 0.041891999 0.99165381 1852207.3 990769.99 7.2759576e-12 -3.6379788e-12 -7.2759576e-12 0 0.050051415 0 0.050993661 0.013420236 3.6379788e-12 0.1319537 0.074034045 0.043479387 0.088244326 0.026818012 3.6379788e-12 0 7.2759576e-12 0 3.6379788e-12 0.11082182 0.38326169 13000.357 9060.2627 1100.3347 24049.885 168.60794 3.6379788e-12 0.0079422819 0.03367285 0 0 0 0 0 0 0 0 0 0 0 0 0 0 0 0 0 0 0 0 0 0 -7.2759576e-12 7.2759576e-12 7.2759576e-12 0 0.0024767899 0 -3.6379788e-12 3.6379788e-12 0.01706249 0.024554236 0 0.10587388 0.075464184 3.6379788e-12 0.013680731 0.069963115 0.071146761 0.049538292 
0 0 0 3.6379788e-12 3.6379788e-12 0 0 0 0 0 0 0 0 0 0 0 0 0.042618857 0.056494921 900622.41 0 0.09402293 -3.6379788e-12 3.6379788e-12 0 3.6379788e-12 0 0 0 0.027531075 -3.6379788e-12 0 0 0.07970216 0.21562323 0.024718733 0 0 -3.6379788e-12 -3.6379788e-12 0.2169202 0.38388612 21722.861 30866.6 10699.049 0.27352337 0.01559917 0.0084050188 0.031970225 3.6379788e-12 0 0 0 0 0 0 0 3915.6854 0 0 0 0 0 0 0 0 0 0 0 0 0 0 -3.6379788e-12 0 0 0 0 -3.6379788e-12 3.6379788e-12 0.033779138 0.048551334 0.0033632593 0.05788778 3.6379788e-12 1.0913936e-11 0.0051676865 0.031616972 -3.6379788e-12 0.040196734 0 
0.0044919486 0.053091199 0.031697344 0 0 0 0 0 0 0 0 0 3.6379788e-12 0 0.0056315572 0 0.0014998755 0.019728243 0.020192966 0.11388118 0.038806491 49447.348 0.18765986 0 3.6379788e-12 -3.6379788e-12 0 -7.2759576e-12 0.058474604 0 -7.2759576e-12 0.05407042 0.037410145 0.3786415 0.068274055 0.23692649 0.059804246 0 7.2759576e-12 0 0.0083301119 0.30902356 23978.686 16220.171 75343.001 195432.85 0.036947742 0.0080721104 0.047275772 3.6379788e-12 0 0 0 0 0 0 0 0 3.6379788e-12 -3.6379788e-12 0 0 0 0 0 0 0 0 0 0 0 0 0 0 -7.2759576e-12 0 0 0 -1.0913936e-11 -1.0913936e-11 7.2759576e-12 3.6379788e-12 -3.6379788e-12 0 0.0016623536 3.6379788e-12 -3.6379788e-12 0.043398251 0.014735972 0 
0.032685511 0.046763224 0.044374414 0.029435952 3.6379788e-12 0 -3.6379788e-12 0 0 0 0 9293.7154 0 0 3.6379788e-12 0 0.027813815 0.0090537804 0.013484894 0.014050474 0.011955449 0 234562.74 3231.4727 0.039953256 0.0052725191 0.074742431 2.1827873e-11 -7.2759576e-12 0.060852902 0.067732259 0.11515556 0.075336923 0.13781668 0.2230776 0.52994374 0.3496831 0.32910595 0.35434674 0.41582968 0.53300353 0.5984276 14054.937 9774.6996 116511.78 208376.98 14109.079 0.0083409976 3.6379788e-12 0 0 0 0 0 0 0 1811.9748 4721.2776 -3.6379788e-12 3.6379788e-12 0 0 0 0 0 0 0 0 0 0 0 0 0 0 0 3.6379788e-12 -3.6379788e-12 -3.6379788e-12 -3.6379788e-12 -1.4551915e-11 0.025861698 0 -1.0913936e-11 7.2759576e-12 3.6379788e-12 0.016863499 -3.6379788e-12 2.910383e-11 -3.6379788e-12 0 
0.063771799 0.071259848 7.2759576e-12 -1.0913936e-11 7.2759576e-12 7.2759576e-12 0 0 0 0 0 0 0 0 3.6379788e-12 0 3.6379788e-12 3.6379788e-12 7.2759576e-12 7.2759576e-12 3.6379788e-12 -3.6379788e-12 321226.79 315279.56 0 0.20615002 0.13051033 0.044314552 0.0051815201 24078.276 0.19287761 0.11518011 0.090683821 0.035041952 0.1859943 0.15763353 0.36963002 0.35534182 0.21767462 0.27434341 0.35784218 0.60410648 1.1869405 0.81276595 0.25826464 20.253985 0.03060413 0.055833581 -3.6379788e-12 0 7.2759576e-12 0 0 -7.2759576e-12 0 0 0 0 39082.107 24340.267 0 22315.973 0 0 0 0 0 0 0 0 0 0 0 0 0 0 0 -3.6379788e-12 3.6379788e-12 -3.6379788e-12 7.2759576e-12 -3.6379788e-12 0.0067986566 3.6379788e-12 0.070087222 3.6379788e-12 0.034617107 0.04485897 0.06893337 0.048095195 
0.050191924 0.086469905 0 3.6379788e-12 0 3.6379788e-12 0 0 0 0 0 0 0 0 0 0 0 -7.2759576e-12 0 -7.2759576e-12 3.6379788e-12 0.014929975 0.039353971 0.057430814 23755.687 23755.687 24252.005 388004.01 0.069273346 0.17527429 0.14387517 0.016971896 0.095934878 0.10422081 0.13389271 0.13369631 0.19741641 0.19473474 0.26756261 0.22317571 0.32788964 0.64126589 1.2041921 0.95346812 0.80611647 0.3653627 7.2759576e-12 0.098414247 0 3.6379788e-12 3.6379788e-12 0 3.6379788e-12 0 0 0 0 0 0 14961.814 28211.608 0 0 0 0 0 -3.6379788e-12 0 -3.6379788e-12 3.6379788e-12 0 0 0 0 0 0 0 0 0 0 -3.6379788e-12 3.6379788e-12 -1.0913936e-11 1.8189894e-11 0.036796964 0 1.8189894e-11 0.032881296 0 0 
78000 26000 9.094947e-13 3.6379788e-12 3.6379788e-12 0 0 0 0 0 0 0 0 0 1.8189894e-12 31881.887 12484.778 0 -3.6379788e-12 3.6379788e-12 3.6379788e-12 0.073847092 0.056957567 0.059498814 0.38081695 253976.67 156468.36 62950.544 0.34917196 0.15879548 0.019244296 0.16592535 0.24222672 0.10986116 0.10270192 0.16206256 0.093755239 0.29641462 0.19064421 0.31516895 0.33225194 0.53962017 1.0457088 0.97922653 1.2616058 0.0042555068 0.014958294 -1.0913936e-11 0 3.6379788e-12 14109.048 14109.06 0.027707212 -1.8189894e-12 0 0 -3.6379788e-12 25478.338 1429.4559 0 0 0 0 -3.6379788e-12 0 0.0027128302 0.030576554 3.6379788e-12 0 -3.6379788e-12 0 0 0 0 0 0 0 -3.6379788e-12 0 -3.6379788e-12 7.2759576e-12 -7.2759576e-12 -3.6379788e-12 0 -7.2759576e-12 -7.2759576e-12 0.026164556 0 -3.6379788e-12 3.6379788e-12 
125172.67 174253.17 84421.423 24252.005 31652.995 7.2759576e-12 0 0 0 0 0 0 0 0 7443.0501 -2.2737368e-13 2712.837 0.054017192 0 0 -3.6379788e-12 0 0.063854789 0.061762256 -1.0913936e-11 326778.1 19261.388 55924.107 0.35549525 0.9964646 0.79817357 0.61891317 0.42199537 0.52652651 0.47700056 0.51413761 0.78742295 1.1099577 0.9036378 0.80046801 0.90704648 0.67275999 0.82521274 27117.604 331203.03 119371.28 0.027372725 0.040213777 0 0 0.00221693 14813.101 -9.094947e-13 15782.571 31349.14 0 21118.966 1429.4559 0 0 0 -7.2759576e-12 0 0 0 -3.6379788e-12 -1.4551915e-11 -7.2759576e-12 -3.6379788e-12 3.6379788e-12 -7.2759576e-12 -3.6379788e-12 0 0 0 0 0 -3.6379788e-12 0 0 0 3.6379788e-12 0 0 0 -3.6379788e-12 0 0 0 0 
72903.635 182481.42 232302.77 82616.677 37047.874 24988.257 0 0 0 0 0 0 0 0 0 254.75604 0 0 0 0.025217292 0 0.0041073155 0.011371632 0.056877806 0.073003148 0.077040441 130108.91 0.019137333 0.095104961 321692.44 142974.3 0.70695871 1.1562324 0.87964404 0.2735717 0.26330344 0.11266366 0.45135136 1.1272222 26657.376 29898.093 1.0730929 16069.711 22653.738 244356.51 183108.36 13000.078 0 0.036996676 0.0019590453 0.0020458249 0.0097294604 0 2367.5797 3210.7595 12227.755 0 1626.0289 24570.544 0 0 0 3.6379788e-12 3.6379788e-12 0 0.012891117 0.029414462 0 0.00036134014 0 -3.6379788e-12 0 0 0 0 0 0 0 0 0 -3.6379788e-12 0 0 7.2759576e-12 0 3.6379788e-12 0 0 0.11523017 0.24144519 
0 33069.652 141104.54 210043.61 52879.179 15065.872 -3.6379788e-12 0 0 0 0 0 0 0 0 0 0 0 0 0.014060536 0 0 0.084200585 0.027708078 0.051662146 0.057926784 0.090431298 0.055620563 0.047624244 383700.74 168119.07 0.26477368 0.91865039 67197.003 123407.97 0.63260704 0.50842195 0.46750541 20804.382 27955.975 12126.97 0.47736481 15148.91 4730.8452 119117.63 375471.42 0.17736278 0.0010961381 0.032775871 0.0034620152 0 0.012205791 0.0063544556 11393.674 4669.2962 14446.203 15352.481 3558.1724 0 25550.297 0.026042852 0 0 3.6379788e-12 0 0.01499878 0.036952061 0.030909019 0.0018119588 0 3.6379788e-12 0 0 0 0 0 0 0 0 0 3.6379788e-12 0 3.6379788e-12 -3.6379788e-12 -7.2759576e-12 0 0.068133683 0.1063908 0.066100833 0.20320815 
0 0 0.096110776 77484.285 12199.301 44258.773 0 -7.2759576e-12 0 -3.6379788e-12 0 0 0 0 0 0 0 0 0 1.8189894e-12 -1.1368684e-13 0 24651.732 0.021298832 0.07058394 0.076693788 0.04881031 0.061876509 0.069693207 0.15960721 0.15017169 0.087555548 0.30558548 133102.86 321340.65 22210.914 1.1764519 178033.46 210004.48 112748.25 85762.998 16030.127 113002.47 38763.727 188117.54 572868.7 0.075715036 0.0075635451 0.0031925601 0 0.018192458 0.025101664 0.024994182 0.041846104 -1.8189894e-12 4785.8249 10995.04 10989.802 10908.837 23385.248 24570.544 0 7.2759576e-12 3915.6854 4578.5171 25169.393 33734.763 0.0010999615 7.2759576e-12 -3.6379788e-12 0 0 0 0 0 0 0 2379.4581 0 0 -3.6379788e-12 0 0 -7.2759576e-12 0.0065086359 0.0080541874 0.27514294 0.31041567 0.51567524 0.3821068 
0 0 0 9558.1758 60412.682 24037.695 11312.325 3.6379788e-12 0 7.2759576e-12 0 24570.544 0 0 11890.952 0 0 -3.6379788e-12 0 34179.911 17376.334 3565.8091 5993.3524 0 0.016957099 0.027932424 0.067664054 0.093507701 0.057898672 0.013088911 0.079042058 0.066126908 0.049217427 0.09167606 328.76659 0.29554891 0.92367437 1310055.4 797488.32 71172.652 40343.808 26626.09 7243.3827 35153.846 253476.93 167415.68 348146.08 0.054008529 3.6379788e-12 0.031725842 0.0065856173 0.021920378 0 7.2759576e-12 14788.689 12480.587 119.89004 5558.8576 0 5211.3772 49989.234 26151.937 22084.315 3.6379788e-12 31043.646 0.020937688 7250.2365 0.02149313 7.2759576e-12 0.010905817 -7.2759576e-12 0 0 0 0 0 0 0 0 0 3.6379788e-12 -7.2759576e-12 0 0.050898878 0.015266625 0.093450811 0.03536722 0.1683035 0.11607514 0.04867269 
0 0 0 0 -3.6379788e-12 45569.108 55.948949 0.02398681 1.0913936e-11 0 0 0 0 0 0 0 0 0 32778.823 43941.073 13803.179 3682.5484 0 0.12872645 0 0 0 20162.484 0 7.2759576e-12 0 0 0 -3.6379788e-12 3.6379788e-12 -1.4551915e-11 7.2759576e-12 3.6379788e-12 487574.74 139408.14 40323.125 31077.8 32063.89 19727.364 155248.38 279717.17 172396.79 0.032840467 0.056611662 0.083486013 0.06620691 0.053602976 0.0085984969 0 3268.5149 216.12645 2.8407273 77.646918 1065.9573 0 38129.612 26752.63 20884.947 16958.578 4890.0885 3483.0389 0.14191323 0.010838262 0.02520761 0.021833303 0.013568776 0.0023021257 0 0 0 0 0 0 0 0 3.6379788e-12 0 0 1.0913936e-11 -3.6379788e-12 0 0 0 7.2759576e-12 0.0290184 
0 0 0 0 0 301.58945 0 -1.0913936e-11 -7.2759576e-12 -2.1827873e-11 -3.6379788e-12 0 0 0 0 0 0 10972.634 57614.87 82987.947 1163.2511 1.0633521 0 0 0 0 0 0 0 0 0 0 -3.6379788e-12 3.6379788e-12 -3.6379788e-12 -1.4551915e-11 7.2759576e-12 -7.2759576e-12 1.0913936e-11 0 708967.93 74755.616 32459.376 25743.813 45592.295 40458.625 0.23844315 0.073729276 0.084333833 0.071446484 0.039891615 3.6379788e-12 -7.2759576e-12 0 520.55214 864.18412 0.71179116 14.994347 1770.004 15487.981 0 20830.061 0 4849.7889 36063.619 181981.82 60287.475 0.039285009 0.011533673 0.0064340715 0.024463682 0.015566127 0.0007227335 0 0 0 0 0 0 -7.2759576e-12 -3.6379788e-12 0 0 0 0 0 0 3.6379788e-12 0.030009444 -7.2759576e-12 
0 0 0 0 0 0 0 3.6379788e-12 31114.533 246130.72 0 0 -3.6379788e-12 0 0 0 3.6379788e-12 19617.788 31384.317 12041.216 12829.409 0 7022.9165 0 0 0 0 0 0 0 0 0 0 7.2759576e-12 -7.2759576e-12 -3.6379788e-12 1.4551915e-11 -3.6379788e-12 2.910383e-11 -7.2759576e-12 -1.0913936e-11 4.1931085 214011.74 53927.905 19119.392 106120.01 402605.36 0.05082597 0.079748471 0.081968111 0.035017405 0.041780108 0 0 0 0 0 0 0 188.76943 41879.096 14339.101 45383.002 14859.204 30761.871 338016.6 46198.736 16940.705 0.025879671 0.079001865 0.025335217 0.00080982187 0 0 0 0 0 0 0 0 3.6379788e-12 0 0 0 0 0 0 -3.6379788e-12 0 0.016647254 
0 0 0 0 3.6379788e-12 3.6379788e-12 1.0913936e-11 3.6379788e-12 319445.76 288953.68 107913.36 0 -3.6379788e-12 0 0 0 0 0 6420.3507 1552.0145 3942.8861 0 3474.8785 0 0 0 0 0 0 0 0 0 0 0 -7.2759576e-12 0 -3.6379788e-12 0 1.0913936e-11 -3.6379788e-12 -3.6379788e-12 -1.0913936e-11 -3.6379788e-12 1.3204968 37071.591 278755.41 52758.146 179112.58 0.20046042 0.093310756 0.0339618 -7.2759576e-12 0.016946346 0 0 0 0 0 0 426.10577 0 16638.343 19119.857 26725.148 37392.707 132448.84 113492.3 26820.524 0.066039796 0.067455683 0.0015459245 0 0.023524003 0.022762818 0 0 0 0 0 0 11945.664 0 0 0 0 0 0 0 0.0063671323 -3.6379788e-12 
0 0 0 0 0 0 0 -1.0913936e-11 0 0.072960988 0 -7.2759576e-12 -3.6379788e-12 0 0 0 14358.013 24860.678 0 4994.9376 1593.9694 0 0 0 0 0 0 0 0 0 0 0 0 3.6379788e-12 3.6379788e-12 7.2759576e-12 -3.6379788e-12 0 0 3.6379788e-12 -7.2759576e-12 0 1.0913936e-11 0.8626643 5859.0361 143793.9 72876.764 240388.32 13000.047 0.056372478 0.030872479 13000.03 0 0 0.016938511 0 0 0 0 0 5279.5428 0 12808.914 108.4131 5137.8194 55732.19 44547.598 2883.7976 28497.516 0.0030485064 0 0.02381547 3.6379788e-12 0.0071502516 0 0 0 0 0 0 0 0 0 0 0 0 0 -3.6379788e-12 0.032874794 -2.5465852e-11 
0 0 0 0 0 0 3.6379788e-12 0 -3.6379788e-12 0.017766834 0.07904007 262361.81 0 0 0 0 288.75774 335.71428 1658.5604 0 115.95016 0 0 0 0 0 0 0 0 0 0 0 0 -3.6379788e-12 0 0 0 0 0 0 -3.6379788e-12 -3.6379788e-12 3.6379788e-12 3.6379788e-12 0.30190212 105358.47 193656.08 149366.39 39371.72 0.026587496 0.036866196 9107.0332 29940.696 0 0.027597709 0 0 0 0 0 0 20314.238 1.3196668 0 48240.884 180772.12 1748.6857 28755.965 4890.9675 17534.686 0.0027056243 0.028446516 0.055000093 0.0396171 -3.6379788e-12 0 0 0 0 0 0 0 0 0 0 0 0 -3.6379788e-12 0 0.034151227 
0 0 0 0 0 0 3.6379788e-12 -3.6379788e-12 0.025101807 0.038365861 0.028447673 128112.14 861296.01 -7.2759576e-12 1.3642421e-12 33726.301 2006.3459 0 0 0 0 0 0 0 0 0 0 0 0 0 0 0 0 0 0 0 0 0 -3.6379788e-12 0 -3.6379788e-12 0 0 7.2759576e-12 0.15747762 89992.972 158196.47 45927.5 0.1613687 0.020423496 0.033436005 0.086618417 0.044321839 9059.3205 17967.979 0 17196.732 0 0 0 0 0 0 0.067318235 14747.405 331061.79 20630.577 1396.445 30809.898 26457.383 18749.813 0.039186216 0.010621865 0.0023873543 0 0 0 0 0 0 0 0 0 0 3.6379788e-12 0.024352707 -7.2759576e-12 0.020644419 3.6379788e-12 -3.6379788e-12 
5837.516 0 0 0 -3.6379788e-12 0 7.2759576e-12 0.012651846 0.025080952 7.2759576e-12 -1.8189894e-11 0.045488603 72169.917 139144.12 15440.797 38.36025 0 0 0 0 0 0 0 0 0 0 0 0 0 0 0 0 0 0 0 0 0 0 0 -3.6379788e-12 0 0 7.2759576e-12 -7.2759576e-12 -3.6379788e-12 0.047930004 134158.01 119881.28 102338.85 -7.2759576e-12 0.034605482 -3.6379788e-12 0 8327.3826 0.009932306 8032.0242 0 0 0 0 0 0 0 0 0 131205.02 51188.75 34315.133 28809.41 1393.5862 27300.378 25989.236 -3.6379788e-12 -3.6379788e-12 3.6379788e-12 3.6379788e-12 0 0 0 0 0 0 0 0 0 -7.2759576e-12 7.2759576e-12 0 0 3.6379788e-12 
0 26000 0 0 0 3.6379788e-12 -7.2759576e-12 1.4551915e-11 -7.2759576e-12 0.017254907 0.067521897 0.12290066 21581.948 35969.69 176044.22 0 0 0 0 0 0 18508.096 0 0 0 0 0 0 0 0 0 0 0 0 0 0 0 0 0 0 0 -3.6379788e-12 0 -3.6379788e-12 7.2759576e-12 0.15400191 183803.1 22538.474 145097.84 0.068004272 0.058033156 0 0 0.20709724 0.027372134 0 0 0 0 0 0 0 0 0 18563.521 20917.269 39762.093 21826.16 22954.997 19393.38 16646.45 13344.972 -3.6379788e-12 0 -3.6379788e-12 0 0 0 0 0 0 0 0 0 0 0 0 0 0 0.0023196802 
0 26000 0 0 3.6379788e-12 0 7.2759576e-12 -7.2759576e-12 0.0046140712 0.13716749 0.010719558 0.075463446 0.024134797 23300.545 0 0 0 0 0 0 0 0 0 0.002879977 -2.7755576e-17 0.10846999 15.047751 0 0 0 0 0 0 0 0 0 0 0 0 -3.6379788e-12 0 0 0 0 0 0.51893313 0.7198933 67001.267 290403.61 23249.023 0 0.065301745 0.10422856 0.072292526 0.0065343931 183.7842 0 0 0 0 0 0 0 0 0 0 37763.165 63163.82 14118.402 6293.2855 17439.943 22354.617 18749.773 3.6379788e-12 -3.6379788e-12 3.6379788e-12 0 17549.893 0 0 0 0 0 0 0 0 0 0 0 0 
0 24078.169 0 -3.6379788e-12 0 3.6379788e-12 0 0.0096128721 0.044596947 0.041232253 0.022058697 0.0098272444 1.8189894e-11 0 49011.405 0.081163611 0 0 0 0 0 3.6379788e-12 0 0 0 0.00058339339 0.0011606181 7.2759576e-12 0 0 0 0 0 0 0 0 0 0 0 0 0 -7.2759576e-12 7.2759576e-12 0 3.6379788e-12 0.20437868 0.29349268 47960.084 223134.01 120615.25 0.043881471 0.036574805 0.17233245 0 0 0 0 0 0 0 0 0 0 0 0 0 16392.964 0 1.8189894e-12 4117.7848 617.06681 9156.5002 25683.102 25532.636 0 0 0 0 0 0 0 0 0 0 0 0 0 0 0 0 
0 -7.2759576e-12 22084.315 -3.6379788e-12 -3.6379788e-12 -7.2759576e-12 7.2759576e-12 0.031028916 -7.2759576e-12 2.1827873e-11 -1.4551915e-11 3.6379788e-12 0.0038203071 1.8189894e-11 0.45681992 621747.85 7.2759576e-12 0 0 0 0 0 3.6379788e-12 3.6379788e-12 0.0025007935 0.007831469 0.022305361 0.0042947533 0.002771936 0 0 0 0 0 0 0 0 0 0 0 0 0 -3.6379788e-12 -3.6379788e-12 7.2759576e-12 0.28445498 0.62447635 68329.966 251158.64 124815.27 0.20963185 0.19294164 0.1106187 0.014068675 0.057010189 0 0 0 0 0 0 0 0 0 0 0 0 0 0 10179.814 9332.3369 11354.918 21123.761 22114.258 26157.41 0 0 307.43425 0 0 0 0 0 0 0 0 0 0 0 0 
0 0 -3.6379788e-12 7.2759576e-12 0 -3.6379788e-12 -7.2759576e-12 0.0011112249 0 3.6379788e-12 0.040803226 0.02083743 -7.2759576e-12 0.018930399 -1.0913936e-11 181613.48 1240948.5 1074525.7 -7.2759576e-12 0 0 0 0 -7.2759576e-12 0 0.045010395 0.022552068 3.6379788e-12 0.0033563458 -3.6379788e-12 3.6379788e-12 0 0 0 0 0 0 0 3.6379788e-12 0 0 3.6379788e-12 -3.6379788e-12 7.2759576e-12 0.032526571 0.10046246 0.31228745 51365.921 120505.6 139284.22 0.038060229 0.022530083 0.012538208 0 193.5663 0 0 0 -3.6379788e-12 0 0 0 0 0 0 0 0 0 0 0 16651.09 22574.045 17703.989 33505.809 62077.512 20031.938 0.025928013 0 0 0 0 0 0 0 0 0 0 0 0 0 
0 -3.6379788e-12 3.6379788e-12 0 0 1.0913936e-11 3.6379788e-12 0 0.010672941 3.6379788e-12 3.6379788e-12 0 0 3.2741809e-11 0.16963074 0.16798944 56811.738 74698.714 0.0018025851 0.14420295 13451.321 0.19781816 0.24835408 0.28801948 0.36249273 0.44667196 0.50424649 0.6553073 0.26382354 0.043791438 0 -3.6379788e-12 3.6379788e-12 -3.6379788e-12 0 0 0 0 0 0 0 -3.6379788e-12 0 3.6379788e-12 0.015088871 7.2759576e-12 0.13381483 56813.137 55078.53 47248.607 0.04842722 0.0081030455 0.032371752 0.10780428 0 0 0 25550.297 23514.272 25169.356 2962.7207 522.32256 0 0 0 0 0 186299.8 81598.122 44135.892 1.9797516 10201.962 16343.505 22074.618 3615.2627 21.860044 0.0040688629 0 0 0 0 0 0 0 0 0 0 0 0 0 
0 0 0 -3.6379788e-12 0 0 -7.2759576e-12 3.6379788e-12 0 7.2759576e-12 -1.0913936e-11 1.0913936e-11 3.6379788e-12 0.065121564 0.031862617 0.033515699 0.10362655 0.081595635 0.13529137 0.10723149 0.20551891 114664.43 0.12951933 0.87465243 1.532386 1.1129564 0.64863445 0.60693243 0.68575347 0.82952215 0 -3.6379788e-12 0 3.6379788e-12 0 0 -3.6379788e-12 0 0 0 0 -3.6379788e-12 3.6379788e-12 0 -3.6379788e-12 0.028701274 0.09182423 46626.581 189.74809 52288.475 71864.517 0.058139503 0.053687919 0.05851132 0 0 449.70338 0 0 0 0 0 0 0 0 0 0 0 0 0 19108.744 0 0 0 56.421522 439.29412 0 0 0 0 0 0 0 0 0 0 0 0 0 0 
0 0 0 -3.6379788e-12 0 0 0 3.6379788e-12 3.6379788e-12 1.8189894e-11 -3.6379788e-12 2.1827873e-11 -1.4551915e-11 0.11667937 0.033427386 0.1357966 0.046868076 0.065013665 0.113746 0.02923529 0.10849485 0.16453324 0.34513797 15128.263 62514.633 0.66290616 1.8419755 1.5079083 0.93010755 1.0065644 -3.6379788e-12 0 -3.6379788e-12 0 0 0 3.6379788e-12 0 0 0 0 -3.6379788e-12 0 0 0 0.0090162351 0.087787864 57219.399 352.04936 90437.456 241616.12 0.061152383 0.011335498 0 0 0 0 0 0 0.030788017 0 0 0 0 0 0 0 0 0 0 0 0 0 0 0 0.49139333 4.1898235 0 0 0 0 0 0 8450.1072 0 26000 0 0 0 7195.4707 
0 0 0 -3.6379788e-12 -7.2759576e-12 7.2759576e-12 0 7.2759576e-12 -1.0913936e-11 1.0913936e-11 -1.8189894e-11 -2.910383e-11 4.3655746e-11 0.13611432 0.044973467 0.044456455 0.052563094 0.0047974475 0.075421673 0.10938626 0.079422489 0.14050389 0.082987398 -7.2759576e-12 7.2759576e-12 0 0.8497228 31335.402 1.8036948 0.80539114 3.6379788e-12 0 0 0 -3.6379788e-12 7.2759576e-12 0 0 3.6379788e-12 0 7.2759576e-12 0 7.2759576e-12 0 0 -7.2759576e-12 0.35922404 3970.4242 26785.1 122076.3 76581.41 98908.661 -3.6379788e-12 0.034895536 0.044851329 3.6379788e-12 0 0 0 3.6379788e-12 25208.269 0 0 0 0 0 0 0 0 0 0 0 0 0 0 0 0 0 0 0 0 0 0 0 -3.6379788e-12 0 24147.253 14684.683 0 0 
0 0 0 3.6379788e-12 3.6379788e-12 7.2759576e-12 7.2759576e-12 -3.6379788e-12 0.029217686 3.6379788e-12 2.910383e-11 3.6379788e-12 0.033206417 -3.6379788e-12 1.0913936e-11 1.8189894e-11 0 0.018984709 0.15929676 0.081513942 0.064435899 0.0242994 0.01129103 1.0913936e-11 0 0.05214876 0.069229583 33106.71 1.4518848 1.617604 1.41965 0 -3.6379788e-12 0 -7.2759576e-12 0.027312058 7.2759576e-12 -3.6379788e-12 8032.0208 28128.263 -3.6379788e-12 -1.8189894e-12 5120.8932 20099.202 -4.5474735e-13 0 0.22126182 0.29956345 0.14168079 56651.493 117672.31 138278.82 0.028639741 0 0.0051662027 -3.6379788e-12 7.2759576e-12 3.6379788e-12 3.6379788e-12 101449.94 81873.225 -3.6379788e-12 0 0 0 0 0 0 0 0 0 0 0 0 0 0 0 0 0 0 0 1429.4559 0 0 0 0 46745.918 0 0 0 
0 0 0 0 0 0 -3.6379788e-12 0 0.030121257 0 -3.6379788e-12 0 0.030283347 42494.025 6763.7863 0.041664233 0.089047239 0.036360844 -7.2759576e-12 -1.0913936e-11 0.041443546 0.045519444 0.047208557 0.046897499 0.043897231 -1.8189894e-11 3.6379788e-12 0.068668281 1.2032498 57163.554 -7.2475359e-12 1.7118555 0 -7.2759576e-12 0 0 0 0.016707641 0 15262.396 3.6379788e-12 52040.692 33354.069 9200.0335 2777.8063 0 0.027962675 0.37146712 0.63425863 4.3482644 52333.56 81390.234 0 0.011468805 0 0 -3.6379788e-12 0 0 3.6379788e-12 0.053856295 3.6379788e-12 -3.6379788e-12 0 0 0 0 0 0 0 0 0 0 0 0 0 0 0 0 0 0 0 0 0 0 -3.6379788e-12 50100.85 0 0 0 
0 0 0 -3.6379788e-12 0 0 0 -3.6379788e-12 -7.2759576e-12 -1.0913936e-11 24104.419 3370.6447 22248.807 12929.086 17475.77 0.056469724 0.055506587 0.027202769 0.03442585 1.0913936e-11 0 -2.1827873e-11 4.0017767e-11 -2.1827873e-11 0.036695172 0.028487473 0.11755702 0.15182035 0.95274007 369897.17 1815443.9 2.5486372 4.5221144 0.66940701 0.42451108 0.40837228 1.0245676 1.3430884 17968.61 1902.2031 23268.427 18139.192 9604.0381 11432.444 11971.732 0 3.6379788e-12 0.18824378 0.45915839 0.84155046 23492.328 68480.896 0.010398093 0 3.6379788e-12 7.2759576e-12 0 0 0.029899009 0.042457938 0.027114021 0 0 0 0 0 0 0 0 0 0 0 0 0 0 0 0 0 24570.544 24651.732 0 0 0 0 0 0 39986.746 449.70338 1391.7858 0 
0 0 0 0 0 0 -3.6379788e-12 7.2759576e-12 -3.6379788e-12 -1.0913936e-11 -7.2759576e-12 43303.909 -9.5168318e-13 -2.5868196e-12 0.017820461 0.019885856 0.017959224 0.015268992 0.015229145 0.015937273 0.016073161 0.051343068 0.085867773 0.082903609 0.11795284 0.10348064 0.10707302 0.60768878 0.82093435 0.75646812 1.1588467 0.0067034746 3.2016081 1.1011574 2.1827873e-11 0 0.045059792 1.0277283 1.2948762 6644.7966 2243.4174 3643.8569 5075.2631 11194.323 8356.3592 0 0.028155961 0.045219555 0.23652039 0.73211851 0.55993225 122753.84 0.27373191 0 0.0077911981 0 -7.2759576e-12 21412.97 21735.52 0.04857455 0.054389596 0 4881.0337 0 0 0 0 0 0 0 0 0 0 0 18474.946 0 16521.793 0 20162.484 0 0 0 0 0 0 9.094947e-13 19904.675 6237.4895 58.965202 0 
0 8032.0208 0 0 0 -3.6379788e-12 -3.6379788e-12 -7.2759576e-12 -3.6379788e-12 1.4551915e-11 7.2759576e-12 26000 22878.79 916.55762 19422.496 -7.2759576e-12 -1.4551915e-11 -7.2759576e-12 -1.8189894e-11 1.8189894e-11 -1.0913936e-11 1.0913936e-11 -1.4551915e-11 0 0 0.031383272 0.72444089 0.844762 0.48032096 0.14956006 0.15968331 2.4646132 956651.44 150458.08 4.6379815 1.3669004 1.7091928 0.84946156 1.3494458 1.5718903 0.81634439 0.98432298 39.788675 2.5099321 2.8785316 0.21872874 0 0.06130668 0.16183519 0.2130633 9296.0488 121875.49 298596.77 0.037988885 -3.6379788e-12 0 7.2759576e-12 28241.328 47078.54 0.039270144 0.099791261 0 0 0 0 0 0 0 0 0 3944.6233 0 128.32728 99.238795 4481.1565 2296.0278 -4.5474735e-13 3295.3674 19479.399 0 0 0 0 0 0 25440.924 3638.6597 15459.464 0 0 
0 0 23505.68 3.6379788e-12 0 1.4551915e-11 3.6379788e-12 -7.2759576e-12 0 7.2759576e-12 0 0 51396.426 25041.418 0 -1.0913936e-11 0.052361658 1.8189894e-11 3.6379788e-12 -3.6379788e-12 -1.4551915e-11 1.0913936e-11 -3.6379788e-12 -1.0913936e-11 0.060034893 0.6209229 0.48548671 0.1596911 0.28446133 0.1785277 0.1118808 0.21501564 1.9179603 973662.73 28484.942 3.8709224 3.6014028 -1.4551915e-11 0.1554702 0.81683553 0.87382252 0.77206726 8001.423 0.77215197 1.6188432 3.3397449 0.42091638 -3.6379788e-12 0.13244733 0.2312532 20671.181 130784.8 130622.53 18282.408 0.033763503 2.2737368e-12 0.033384382 11631.46 21658.402 0.028680614 0.080934017 0 0 0 0 0 0 0 0 0 3992.8621 0 0 401.5359 3926.2179 9246.1338 1376.5812 2542.1485 6520.6009 0 7.2759576e-12 0 7.2759576e-12 0 0 6855.1488 11824.655 5668.7323 0 0 
5837.516 0 0 0 -7.2759576e-12 -7.2759576e-12 3.6379788e-12 1.4551915e-11 0 3.6379788e-12 0 3.6379788e-12 0 3.6379788e-12 3.6379788e-12 -7.2759576e-12 -1.4551915e-11 0.10241589 0.066834822 0.06915686 0.11811199 0.2229495 0.38947741 0.12679306 0.45075462 0.16958485 0.17847968 0.14215563 0.16693666 0.23619711 0.098245413 0.075502619 0.11787695 3979.0534 3.7340588 0.83736627 367935.53 23.727272 2.4685347 3.3213564 3.0427472 2.4558223 2.2994776 1.7166448 1.4583003 2.0807118 5.4630864 2.6502996 1.0938014 0.30361131 0.37741613 207438.61 19726.192 11179.112 18777.961 46634.841 21099.046 7726.5226 21118.987 0.012653209 0.062941528 -3.6379788e-12 0 0 0 0 0 0 0 0 0 690.74604 0 1019.8741 1306.7091 8865.8086 -4.5474735e-13 18641.329 0 1.8189894e-12 0 0 -3.6379788e-12 0 26000 11350.513 1165.0787 0 0 0 
0 25700.185 0 -3.6379788e-12 0 0 -3.6379788e-12 3.6379788e-12 3.6379788e-12 0 0.0077589629 1429.4559 0 0.03461244 -3.6379788e-12 29617.083 0.0061249086 0.1570896 0.4386472 0.10433861 0.061798967 0.34211678 0.2441013 0.26469629 0.25926176 0.3294814 0.36699794 0.24988594 0.25655823 0.27238225 0.34477842 0.30282014 0.23415802 0.20392434 0.25334877 2.9905851 1002756.6 101671.84 1.6763766 2.768961 4.4117685 3.415631 2.0845731 2.4086315 1.532334 1.5131657 2.1429743 4.9743241 2.1415854 1.2551457 0.36786991 0.30257533 115127.61 43920.143 6539.2176 8920.732 549.20722 6471.1573 4881.0447 0.060494238 0.0036167355 -3.6379788e-12 0 0 0 0 0 0 0 0 0 62.820083 72.88189 3083.2379 4.5474735e-13 3683.0782 9.094947e-13 20103.959 8032.0208 13000 22570.298 19479.399 0 41910.167 0 9903.4124 0 0 0 0 
0 3.6379788e-12 3.6379788e-12 0 -7.2759576e-12 3.6379788e-12 0 3.6379788e-12 0 0 0.034118171 0.08190097 24570.544 0.18514412 26979.752 -2.7284841e-12 0.64304654 0.47762016 0.22078256 0.40511024 0.18750084 0.24916871 0.22935315 0.21546793 0.23226143 0.13133036 0.18119167 0.18302926 0.23224341 0.292473 0.22537106 0.34742771 0.23844216 0.19857033 0.20559953 0.20201708 168927.28 46596.483 18228.575 454213.02 258692.14 6244.2317 3.1551326 3.1179249 2.1728778 1.3677482 2.5271411 3.2051643 5.2268413 2.4486374 1.8684706 29509.495 87889.616 157291.09 14109.048 0.10564533 0.048641217 0.010238367 1675.9968 0.008541865 0 3.6379788e-12 0 -3.6379788e-12 0 0 0 0 0 0 0 1.6862197 0 5632.8078 4.5474735e-13 0 -1.3642421e-12 5222.6917 -2.2737368e-13 0 3186.2976 0 0 7159.8072 1500.5696 0 0 0 0 0 
0 0 0 0 3.6379788e-12 0 3.6379788e-12 -3.6379788e-12 -7.2759576e-12 7.2759576e-12 0 0 3.6379788e-12 7.2759576e-12 -7.2759576e-12 -7.2759576e-12 -3.6379788e-12 0 -7.2759576e-12 0 0 -1.0913936e-11 1.4551915e-11 0 -2.1827873e-11 3.6379788e-12 3.6379788e-12 1.8189894e-11 0 0 -7.2759576e-12 2.1827873e-11 0 7.2759576e-12 -1.4551915e-11 0.035592501 0.024860069 0.11863052 1.8341521 2.7106006 1584061 136479.32 2.4938976 3.1554611 2.4965905 1.8872625 1.9075548 0.61992599 4.7784867 5.2927362 2.3914107 130484.98 106048.64 111594.25 3809.8927 7.2759576e-12 0.0061895459 0 0.17866124 0.0050178131 0 0 0 0 0 0 0 0 0 0 0 0 0 5650.8585 -9.094947e-13 -4.5474735e-13 -9.094947e-13 0 0 12650.671 0 0 0 0 0 0 0 0 0 0 
0 0 0 0 0 0 0 0 -3.6379788e-12 0 0 3.6379788e-12 0 -7.2759576e-12 3.6379788e-12 0 0 0 0 3.6379788e-12 0 0 3.6379788e-12 0 -3.6379788e-12 -3.6379788e-12 0 -7.2759576e-12 0 3.6379788e-12 0.039133288 0.03232548 0.028788554 0.025318415 0.023741278 0.022208298 0.088159937 0.021917152 0.0735272 0.051238413 0.039141217 147236.27 21857.267 3.830794 3.2982434 2.7829614 2.2697176 22995.504 0.78396451 4.0926059 4.948342 81713.141 101699.99 55583.649 52651.602 0.025546859 -7.2759576e-12 0.045755243 0.021829268 4.206413e-12 -1.8189894e-12 0 3.6379788e-12 -3.6379788e-12 -3.6379788e-12 0 0 0 0 0 0 0 0 3724.325 -4.5474735e-13 -4.5474735e-13 0 0 0 0 0 0 0 0 0 0 0 0 0 0 
