NCOLS 29
NROWS 35
XLLCORNER 429085
YLLCORNER 3784815
CELLSIZE 10
NODATA_VALUE -9999
-26006.76 0 0 0 -26000 -26000 -26000 -26000 0 0 0 0 0 0 0 0 -26000 0 0 -26000 -26000 -26000 -26000 -26013.527 -26005.404 -26000 -26000 -26000 -26000 
-26000 -26000 0 0 0 0 0 0 0 0 0 0 0 0 0 0 0 0 0 0 -26000 -26000 -26000 -26000 -26000 -26000 -26000 -26000 -26000 
-26013.534 -26000 -26000 -26000 0 0 0 0 0 0 0 0 0 0 0 -26000 -26000 0 0 0 0 -26000 -26000 0 0 -26000 -26000 -26000 -26000 
-26000 -26007.977 -26002.765 -26004.839 -26000 0 0 -26000 0 0 0 0 0 0 -26000 -26003.939 -26013.36 -26000 -26000 -26000 0 0 0 0 0 0 0 0 0 
-26000 -26000 -26000 -26000 -26000 0 -26000 0 0 0 0 0 0 0 -26000 -26007.533 -26000 -26000 -26000 -26000 -26000 -26000 0 0 0 0 0 0 0 
-26000 -26000 -26000 -26000 -26000 0 0 0 0 0 0 0 0 0 -26000 -26000 -26000 -26000 -26000 -26000 -26000 0 0 0 0 0 0 0 0 
0 -26000 -26000 -26000 -26000 0 0 0 0 -26000 -26000 -26000 -26000 0 -26000 -26000 -26013.522 -26000 0 0 0 0 0 0 0 0 0 0 0 
0 0 -26000 -26000 -26000 0 0 0 -26000 -26000 -26000 -26000 -26000 0 0 -26000 -26000 -26000 0 0 0 0 -26000 -26000 -26000 -26000 -26000 -26000 0 
0 0 0 -26000 -26000 -26000 0 0 0 0 0 0 0 0 0 0 -26000 -26000 -26000 0 0 0 0 0 0 0 -26000 -26000 -26000 
0 0 0 0 0 0 0 0 0 0 0 0 -26000 -26000 0 0 0 -26000 -26000 0 -26000 0 0 0 0 0 0 0 -26000 
0 0 0 0 -26000 0 0 0 0 0 -26000 -26000 -26000 -26013.535 -26013.537 -26000 0 0 -26000 0 -26000 -26000 0 0 0 0 0 0 0 
0 0 0 0 -26000 -26000 -26000 0 0 0 -26000 0 0 -26000 -26000 -26013.51 -26000 0 0 0 0 -26000 -26000 0 0 0 0 0 0 
0 -26000 -26000 0 -26000 -26000 -26000 -26000 -26000 0 -26000 0 0 0 0 -26000 -26000 0 0 0 0 -26000 -26000 0 0 0 0 0 0 
-26000 -26000 -26000 -26000 0 -26000 -26000 -26000 -26000 0 0 0 0 0 0 0 0 0 0 0 0 -26000 -26000 0 0 0 0 0 0 
-26000 -26000 -26000 -26000 -26000 -26000 -26000 -26000 0 0 0 0 0 0 0 -26000 -26000 -26000 0 0 0 -26000 -26000 0 0 0 0 0 0 
-26000 -26000 -26000 -26000 -26000 -26000 -26000 -26000 0 0 0 0 0 0 0 0 -26000 -26000 -26000 0 0 0 0 0 0 0 0 0 0 
-26000 -26000 -26000 -26000 -26000 0 -26000 -26005.52 -26000 0 0 0 0 -26000 0 0 0 -26000 -26000 -26000 0 0 0 0 -26000 -26000 0 0 0 
-26000 -26000 -26000 0 0 0 -26000 -26002.928 -26000 0 0 0 0 0 0 0 0 0 -26000 -26000 0 0 0 0 -26000 -26000 0 0 0 
-26000 -26000 -26000 0 0 0 -26000 -26005.036 -26000 0 0 0 0 0 0 0 0 0 0 0 0 0 0 0 -26000 -26000 0 0 0 
-26000 -26000 0 0 0 0 -26000 -26000 -26000 0 0 0 0 0 0 0 0 0 0 0 0 0 0 0 -26000 -26000 0 -26000 -26000 
-26000 -26000 0 0 0 0 0 -26000 -26000 0 0 0 0 0 0 0 0 0 0 0 0 0 0 0 -26000 -26000 -26000 -26000 -26000 
-26000 -26000 0 0 0 0 0 0 -26000 -26000 -26000 -26000 0 0 0 0 0 0 0 -26000 -26000 -26000 0 0 0 0 -26000 -26000 -26000 
-26000 -26000 0 0 0 0 0 0 -26000 -26000 -26000 0 0 0 0 0 -26000 0 0 0 0 0 0 0 0 0 -26000 -26000 -26000 
-26000 -26000 0 0 0 0 0 0 0 0 0 0 0 0 0 0 0 0 0 0 0 0 0 0 0 0 -26000 -26000 -26000 
-26000 -26000 0 -26000 0 0 0 0 0 -26000 -26000 -26000 0 0 0 0 0 0 0 0 0 0 0 0 0 0 -26000 -26000 -26000 
0 0 0 -26000 -26000 0 0 0 0 -26000 -26000 -26000 -26000 0 0 0 0 0 0 0 0 0 0 0 0 0 0 -26000 -26000 
0 0 0 -26000 -26000 0 0 0 0 0 0 0 0 0 0 0 0 0 0 0 0 0 0 0 0 0 0 0 -26000 
-26000 0 0 -26000 0 0 0 0 0 -26000 -26000 -26000 0 0 0 0 0 0 0 0 0 0 0 0 -26000 0 0 0 0 
-26000 -26000 -26000 0 0 0 0 0 0 -26000 -26000 -26000 -26000 0 0 0 0 0 -26000 -26000 0 0 0 0 0 0 0 0 0 
0 0 0 0 0 0 0 0 0 0 0 -26000 -26013.463 -26000 0 0 0 0 -26000 -26000 0 0 0 0 0 0 0 0 0 
0 0 0 0 0 0 0 -26000 -26000 0 0 0 -26000 -26000 -26000 0 0 0 0 -26000 0 0 0 -26000 0 0 0 0 0 
0 0 0 0 0 0 0 -26000 -26000 0 0 0 0 -26000 -26000 -26000 0 0 0 0 -26000 -26000 -26000 -26000 -26000 -26000 0 0 0 
0 0 0 0 0 0 0 0 0 0 0 0 0 0 0 0 0 0 0 0 -26000 -26000 0 0 -26000 -26000 -26000 0 0 
0 0 0 0 0 0 0 0 0 0 0 0 0 0 0 0 0 0 0 0 -26000 -26000 0 0 0 -26000 -26000 0 0 
0 0 -26000 -26000 0 0 0 0 0 0 0 0 0 0 0 0 0 0 0 0 -26000 -26000 0 0 0 -26000 -26000 0 0 
