NCOLS 16
NROWS 21
XLLCORNER 429545
YLLCORNER 3785795
CELLSIZE 10
NODATA_VALUE -9999
-26000 -26000 -26000 -26000 -26001.904 -26002.97 -26000 -26013.492 -26000 -26000 -26000 -26001.835 -26000 0 -26000 -26000 
-26000 -26000 -26000 -26000 -26006.731 -26008.793 -26000 -26000 -26000 -26000 -26000 -26000 -26004.121 -26000 -26000 -26000 
0 0 0 -26000 -26006.526 -26000 -26000 -26000 -26000 -26000 -26000 0 -26000 -26013.51 -26000 -26002.377 
-26000 -26000 -26000 -26000 -26000 -26000 -26000 -26000 -26000 -26000 -26000 0 0 -26000 -26000 -26000 
-26004.001 -26000 -26000 -26000 -26000 -26000 -26000 0 -26000 -26000 0 0 0 0 -26000 -26000 
-26001.939 -26006.857 -26000 -26000 -26000 -26000 0 0 -26000 -26000 0 0 0 0 -26000 -26000 
-26001.242 -26002.647 -26000 -26000 -26000 -26000 -26000 -26000 -26000 0 0 0 -26000 0 0 0 
-26000 -26013.541 -26000 -26000 -26000 -26000 -26000 -26000 -26000 0 0 0 -26000 0 0 0 
0 -26000 -26000 -26000 0 -26000 -26000 -26000 -26000 -26000 -26000 0 0 0 0 0 
-26000 0 -26000 -26000 -26000 -26000 -26000 -26000 -26000 -26000 -26000 0 0 0 0 -26000 
-26000 0 -26000 -26000 -26000 0 0 -26000 -26000 -26000 0 0 0 0 0 -26000 
-26000 0 0 -26000 0 0 0 -26000 -26000 0 0 0 0 0 0 0 
-26000 0 0 0 0 0 0 0 0 0 0 0 -26000 -26000 0 0 
-26000 -26000 0 -26000 -26000 -26000 -26000 0 0 0 -26000 -26000 -26000 -26000 0 0 
-26000 -26000 -26000 -26000 -26000 -26000 0 0 0 -26000 -26000 -26000 0 0 0 0 
-26000 -26000 -26000 0 0 0 0 0 0 -26000 -26000 0 0 0 0 0 
-26000 -26000 -26000 0 0 -26000 -26000 -26000 -26000 -26000 -26000 -26000 0 0 0 0 
0 0 -26000 -26000 -26000 -26000 -26000 -26000 -26000 -26000 -26000 -26000 -26000 -26000 -26000 -26000 
0 0 0 -26000 -26000 0 0 -26000 -26000 -26000 -26000 -26000 -26000 0 -26000 0 
-26000 0 0 -26000 -26000 0 0 0 -26000 -26000 -26000 -26000 0 0 0 0 
-26000 -26000 0 0 -26000 -26000 0 0 -26000 -26000 -26000 -26000 0 0 0 0 
