NCOLS 90
NROWS 90
XLLCORNER 467485
YLLCORNER 4344275
CELLSIZE 10
NODATA_VALUE -9999
-26000 -26000 -26000 -26000 -26000 -26000 -26000 -26004.096 -26003.027 -26003.585 -26003.822 -26000 -26003.585 -26000 -26000 -26000 -26000 -26000 -26000 -26000 -26000 -26000 -26000 -26000 -26000 -26000 -26000 -26000 -26000 -26000 -26000 -26000 -26013.508 -26013.508 -26002.415 -26013.508 -26000 -26013.508 -26000 -26000.986 -26001.108 -26000 -26000 -26000 -26003.585 -26001.059 -26003.027 -26003.027 -26001.693 -26001.108 -26001.693 -26003.822 -26003.822 -26000 -26000 -26000 -26000 -26001.693 -26001.739 -26001.108 -26001.108 -26003.822 -26003.822 -26013.508 -26008.421 -26004.096 -26001.403 -26001.403 -26013.508 -26000 -26000 -26000 -26013.508 -26003.585 -26000 -26003.822 -26001.126 -26001.126 -26001.693 -26003.027 -26003.027 -26003.027 -26013.508 -26000 -26000 -26000 -26001.403 -26003.027 -26001.403 -26001.403 
-26000 -26000 -26000 -26000 -26000 -26000 -26000 -26000 -26000 -26003.464 -26002.933 -26013.492 -26000 -26000 -26000 -26000 -26000 -26000 -26000 -26000 -26000 -26000 -26000 -26000 -26000 -26000 -26000 -26000 -26000 -26000 -26000 -26000 -26013.467 -26006.218 -26003.413 -26004.592 -26000 -26000 -26000 -26006.844 -26001.325 -26001.522 -26013.505 -26000 -26000 -26002.647 -26001.37 -26002.356 -26004.209 -26002.197 -26001.639 -26002.862 -26005.423 -26009.127 -26000 -26000 -26000 -26013.467 -26003.585 -26001.978 -26001.213 -26001.522 -26002.933 -26007.485 -26000 -26013.538 -26004.546 -26001.776 -26001.624 -26003.413 -26000 -26000 -26000 -26000 -26000 -26013.505 -26002.933 -26001.522 -26001.34 -26001.606 -26002.458 -26002.87 -26004.592 -26000 -26000 -26000 -26007.007 -26002.562 -26002.253 -26001.403 
-26000 -26000 -26000 -26000 0 0 0 0 -26000 -26000 -26001.917 -26004.479 -26000 -26000 -26000 -26000 -26000 -26000 -26000 -26000 -26000 -26000 -26000 -26000 -26000 -26000 -26000 -26000 -26000 -26000 -26000 -26000 -26000 -26004.209 -26002.356 -26003.027 -26000 -26000 -26000 -26000 -26002.933 -26001.229 -26001.728 -26000 -26000 -26000 -26001.447 -26001.568 -26013.481 -26013.508 -26003.027 -26004.737 -26013.481 -26013.45 -26013.532 -26000 -26000 -26000 -26000 -26013.481 -26001.951 -26001.529 -26001.951 -26003.18 -26000 -26000 -26000 -26013.452 -26002.253 -26001.68 -26003.027 -26000 -26000 -26000 -26000 -26000 -26013.492 -26003.585 -26001.429 -26001.24 -26001.785 -26001.998 -26002.149 -26000 -26000 -26000 -26000 -26008.421 -26003.76 -26001.403 
-26000 -26000 -26000 0 0 0 0 0 0 -26000 -26005.084 -26002.715 -26000 -26000 -26000 -26000 -26000 -26000 -26000 -26000 -26000 -26000 -26000 -26000 -26000 -26000 -26000 -26000 -26000 -26000 -26000 -26000 -26000 -26007.485 -26001.917 -26001.669 -26003.585 -26013.492 -26000 -26000 -26013.506 -26001.998 -26001.222 -26001.978 -26013.481 -26000 -26002.149 -26001.233 -26003.67 -26000 -26009.851 -26011.883 -26000 -26013.45 -26006.218 -26000 -26000 -26000 -26000 -26000 -26003.822 -26001.713 -26001.606 -26001.785 -26004.592 -26000 -26000 -26000 -26000 -26013.467 -26003.685 -26009.423 -26000 -26000 -26000 -26000 -26000 -26000 -26002.562 -26001.624 -26001.733 -26001.624 -26001.702 -26003.76 -26000 -26000 -26000 -26000 -26005.628 -26004.096 
-26000 -26000 -26000 0 0 0 0 0 0 0 -26000 -26003.107 -26009.423 -26000 -26000 -26000 -26000 -26000 -26000 -26000 -26000 -26000 -26000 -26000 -26013.5 -26000 -26000 -26000 -26000 -26000 -26000 -26000 -26000 -26013.5 -26002.862 -26001.496 -26001.713 -26003.807 -26013.506 -26000 -26000 -26005.326 -26001.713 -26001.222 -26001.693 -26004.479 -26002.715 -26001.403 -26001.998 -26011.883 -26013.532 -26011.883 -26000 -26000 -26004.209 -26006.844 -26000 -26000 -26000 -26000 -26004.479 -26001.833 -26001.57 -26001.57 -26002.356 -26011.883 -26000 -26000 -26000 -26000 -26000 -26009.423 -26013.5 -26000 -26000 -26000 -26000 -26000 -26006.791 -26003.76 -26002.415 -26001.49 -26001.682 -26004.096 -26000 -26000 -26000 -26000 -26013.45 -26008.421 
-26000 -26000 0 0 0 0 0 0 0 0 -26000 -26007.007 -26004.006 -26000 -26000 -26000 0 0 0 0 -26000 -26000 -26000 -26000 -26009.527 -26009.527 -26000 -26000 -26000 -26000 -26000 -26000 -26000 -26000 -26013.492 -26002.339 -26001.522 -26002.014 -26003.807 -26009.423 -26013.506 -26009.127 -26003.76 -26001.522 -26001.012 -26001.401 -26002.253 -26001.925 -26001.733 -26003.328 -26008.672 -26003.464 -26006.844 -26000 -26007.485 -26003.76 -26005.456 -26000 -26000 -26000 -26000 -26003.937 -26001.785 -26001.606 -26002.253 -26005.172 -26000 -26000 -26000 -26000 -26000 -26000 -26000 -26000 -26000 -26000 -26000 -26013.481 -26009.423 -26013.495 -26004.762 -26001.429 -26001.292 -26004.006 -26000 -26000 -26000 -26000 -26000 -26000 
-26000 -26000 0 0 0 0 0 0 0 0 0 -26000 -26004.972 -26000 -26000 -26000 0 0 0 0 0 -26000 -26000 -26000 -26000 -26009.527 -26009.527 -26000 -26000 -26000 -26000 -26000 -26000 -26000 -26000 -26008.672 -26002.933 -26001.728 -26001.728 -26002.942 -26009.127 -26013.492 -26013.492 -26004.972 -26001.265 -26000.934 -26001.49 -26002.356 -26001.998 -26003.464 -26009.127 -26002.802 -26002.253 -26008.672 -26013.505 -26005.456 -26003.807 -26005.172 -26000 -26000 -26000 -26000 -26013.467 -26002.862 -26002.385 -26003.807 -26013.492 -26000 -26000 -26000 -26000 -26000 -26000 -26000 -26000 -26000 -26000 -26000 -26004.737 -26013.532 -26013.532 -26001.748 -26001.229 -26002.59 -26000 -26000 -26000 -26000 -26000 -26000 
0 0 0 0 0 0 0 0 0 0 0 -26000 -26008.261 -26000 -26000 -26000 0 0 0 0 0 0 0 0 -26000 -26000 -26013.506 -26009.527 -26000 -26000 -26000 -26000 -26000 -26000 -26000 -26000 -26000 -26005.326 -26001.739 -26001.713 -26003.585 -26013.481 -26000 -26013.532 -26002.715 -26001.041 -26001.158 -26002.253 -26002.87 -26006.844 -26000 -26005.326 -26001.728 -26002.014 -26005.423 -26009.423 -26005.172 -26003.464 -26004.209 -26006.844 -26000 -26000 -26000 -26000 -26003.822 -26002.933 -26009.127 -26013.506 -26013.5 -26000 -26000 -26000 -26000 -26000 -26000 -26000 -26000 -26000 -26003.017 -26007.298 -26000 -26002.811 -26001.522 -26002.515 -26013.36 -26000 -26000 -26000 -26000 -26000 
0 0 0 0 0 -26000 -26000 0 0 0 0 -26000 -26008.261 -26000 -26000 -26000 0 0 0 0 0 0 0 0 0 0 -26000 -26013.506 -26009.423 -26000 -26000 -26000 -26000 -26000 -26013.492 -26000 -26000 -26000 -26005.172 -26001.639 -26002.197 -26006.844 -26013.532 -26013.508 -26004.152 -26001.558 -26001.314 -26001.925 -26003.027 -26007.485 -26000 -26013.506 -26002.942 -26001.736 -26001.998 -26003.585 -26004.737 -26004.479 -26004.209 -26003.464 -26004.972 -26000 -26000 -26000 -26000 -26013.5 -26013.5 -26000 -26009.423 -26013.5 -26000 -26000 -26000 -26000 -26000 -26000 -26000 -26000 -26002.811 -26003.413 -26000 -26008.261 -26002.068 -26002.515 -26013.36 -26000 -26000 -26000 -26000 -26000 
0 0 0 0 0 -26000 -26000 0 0 0 0 -26000 -26013.481 -26000 -26000 -26000 0 0 0 0 0 0 0 0 0 0 0 -26000 -26000 -26005.326 -26000 -26000 -26000 -26000 -26013.5 -26013.5 -26000 -26000 -26000 -26003.027 -26001.998 -26003.67 -26013.508 -26013.508 -26003.17 -26001.629 -26001.702 -26002.149 -26003.937 -26013.492 -26000 -26000 -26013.505 -26002.905 -26001.693 -26001.878 -26002.73 -26007.485 -26013.467 -26004.972 -26003.685 -26009.127 -26000 -26000 -26000 -26000 -26000 -26000 -26000 -26000 -26013.508 -26000 -26000 -26013.517 -26013.481 -26000 -26000 -26013.505 -26002.933 -26003.413 -26013.505 -26000 -26003.451 -26002.59 -26004.737 -26000 -26000 -26000 -26000 -26000 
0 0 0 0 0 -26000 -26000 0 0 0 0 -26000 -26000 -26000 -26000 -26000 0 0 0 0 0 0 0 0 0 0 0 0 -26000 -26000 -26005.423 -26013.505 -26000 -26000 -26000 -26009.127 -26013.492 -26000 -26000 -26006.218 -26001.925 -26002.149 -26013.481 -26000 -26003.67 -26001.447 -26001.447 -26001.925 -26004.209 -26000 -26000 -26000 -26000 -26013.492 -26003.585 -26002.253 -26001.951 -26003.585 -26013.481 -26013.492 -26005.456 -26009.423 -26000 -26000 -26000 -26000 -26000 -26000 -26000 -26000 -26013.517 -26013.481 -26000 -26000 -26013.36 -26013.495 -26000 -26004.059 -26002.933 -26005.456 -26000 -26000 -26006.352 -26004.479 -26003.451 -26006.352 -26000 -26000 -26000 -26000 
0 0 0 0 -26000 -26013.481 -26000 0 0 0 0 -26000 -26000 -26000 -26000 0 0 0 0 0 0 0 0 0 0 0 0 0 0 0 -26000 -26009.527 -26013.506 -26000 -26000 -26013.492 -26008.672 -26013.5 -26000 -26006.844 -26001.998 -26001.447 -26003.413 -26000 -26013.508 -26001.925 -26001.304 -26001.785 -26002.802 -26013.505 -26000 -26000 -26000 -26000 -26000 -26013.492 -26002.933 -26003.807 -26013.5 -26000 -26013.481 -26000 -26000 -26000 -26000 -26013.517 -26000 -26000 -26000 -26000 -26000 -26008.421 -26013.481 -26000 -26013.495 -26005.736 -26005.489 -26002.669 -26003.017 -26005.489 -26013.532 -26000 -26008.672 -26005.489 -26003.451 -26002.669 -26013.444 -26000 -26000 -26000 
0 0 0 -26000 -26000 -26000 -26000 0 0 0 0 -26000 -26000 -26000 -26000 0 0 0 0 0 0 0 0 0 0 0 0 0 0 0 0 -26000 -26013.505 -26000 -26000 -26000 -26013.505 -26005.423 -26005.172 -26004.737 -26002.135 -26001.214 -26001.447 -26013.508 -26000 -26003.937 -26001.401 -26001.496 -26002.014 -26002.391 -26013.505 -26000 -26000 -26000 -26000 -26000 -26009.127 -26009.127 -26000 -26000 -26013.532 -26000 -26000 -26000 -26000 -26000 -26000 -26000 -26000 -26000 -26000 -26008.421 -26006.791 -26013.538 -26013.495 -26003.571 -26002.802 -26002.802 -26003.571 -26003.571 -26007.007 -26000 -26013.36 -26005.489 -26003.451 -26001.824 -26004.972 -26000 -26000 -26000 
0 0 -26000 -26000 -26000 -26000 0 0 0 0 0 -26000 -26000 -26000 -26000 0 0 0 0 0 0 0 0 0 0 0 0 0 0 0 0 0 -26000 -26013.5 -26013.492 -26000 -26000 -26009.127 -26003.585 -26003.585 -26002.253 -26001.152 -26000.95 -26002.135 -26000 -26013.481 -26001.998 -26001.233 -26001.36 -26001.531 -26002.905 -26008.672 -26000 -26000 -26000 -26000 -26013.492 -26013.492 -26000 -26013.532 -26013.508 -26000 -26000 -26000 -26000 -26000 -26000 -26000 -26000 -26000 -26000 -26010.838 -26003.107 -26009.423 -26013.495 -26002.59 -26002.154 -26004.006 -26005.736 -26002.59 -26004.006 -26013.532 -26010.838 -26007.298 -26004.972 -26001.688 -26002.811 -26000 -26000 -26000 
0 0 -26000 -26000 -26000 -26000 0 0 0 0 0 -26000 -26000 -26000 -26000 0 0 0 0 0 0 0 0 0 0 0 0 0 0 0 0 0 0 -26000 -26009.127 -26000 -26000 -26009.127 -26003.685 -26002.905 -26001.998 -26001.098 -26000.798 -26001.087 -26002.802 -26000 -26013.506 -26002.385 -26001.365 -26001.233 -26001.713 -26002.862 -26009.127 -26000 -26000 -26000 -26000 -26000 -26013.532 -26013.508 -26013.508 -26013.481 -26008.421 -26013.538 -26000 -26000 -26000 -26000 -26000 -26000 -26000 -26000 -26002.192 -26004.762 -26013.495 -26002.197 -26001.669 -26004.006 -26013.494 -26002.59 -26002.59 -26007.007 -26004.479 -26004.972 -26007.298 -26001.739 -26001.951 -26000 -26000 -26000 
-26000 -26000 -26000 -26000 -26000 0 0 0 0 0 0 0 0 0 0 0 0 0 0 0 0 0 0 0 0 0 0 0 0 0 0 0 0 -26000 -26000 -26000 -26000 -26009.423 -26003.807 -26002.933 -26002.367 -26001.34 -26000.812 -26000.818 -26001.213 -26005.326 -26000 -26000 -26002.933 -26001.36 -26001.36 -26002.01 -26003.822 -26013.506 -26000 -26000 -26000 -26013.45 -26009.851 -26013.481 -26000 -26013.481 -26004.762 -26013.45 -26000 -26000 -26000 -26000 -26000 -26000 -26000 -26000 -26002.59 -26003.571 -26000 -26002.59 -26001.416 -26002.515 -26000 -26005.489 -26002.59 -26003.571 -26002.515 -26003.224 -26007.298 -26001.739 -26001.739 -26000 -26000 -26000 
-26000 -26000 -26000 -26000 0 0 0 0 0 0 0 0 0 0 0 0 0 0 0 0 0 0 0 0 0 0 0 0 0 0 0 0 0 0 -26000 -26000 -26000 -26013.506 -26005.423 -26003.685 -26003.585 -26002.3 -26001.108 -26000.774 -26000.827 -26001.365 -26009.423 -26000 -26000 -26002.905 -26001.367 -26001.529 -26002.367 -26009.127 -26000 -26000 -26000 -26000 -26010.838 -26013.481 -26013.538 -26013.495 -26004.096 -26005.736 -26000 -26000 -26000 -26000 -26000 -26000 -26000 -26000 -26003.18 -26002.197 -26013.494 -26004.006 -26001.34 -26001.748 -26013.532 -26013.532 -26004.006 -26002.515 -26001.892 -26002.811 -26005.456 -26001.782 -26001.782 -26013.462 -26000 -26000 
-26000 -26000 -26000 0 0 0 0 0 0 0 0 0 0 0 0 0 0 0 0 0 0 0 0 0 0 0 0 0 0 0 0 0 0 0 0 -26000 -26000 -26000 -26013.505 -26002.905 -26002.367 -26002.367 -26001.728 -26000.95 -26000.777 -26000.954 -26002.014 -26013.505 -26000 -26000 -26002.862 -26001.669 -26002.197 -26006.844 -26013.532 -26000 -26000 -26000 -26013.36 -26009.423 -26013.495 -26013.495 -26004.096 -26004.762 -26000 -26000 -26000 -26000 -26000 -26000 -26000 -26000 -26004.096 -26001.669 -26005.489 -26006.352 -26001.522 -26001.629 -26013.36 -26000 -26004.479 -26001.892 -26001.739 -26002.811 -26003.413 -26001.782 -26001.782 -26008.261 -26000 -26000 
-26000 -26000 0 0 0 0 0 0 0 0 0 0 0 0 0 0 0 0 0 0 0 0 0 0 0 0 0 0 0 0 0 0 0 0 0 0 -26000 -26000 -26000 -26009.423 -26002.385 -26001.998 -26002.367 -26001.511 -26000.945 -26000.88 -26001.36 -26003.822 -26000 -26000 -26000 -26003.027 -26002.068 -26003.027 -26009.851 -26013.481 -26000 -26000 -26013.45 -26009.527 -26000 -26013.495 -26004.762 -26006.791 -26000 -26000 -26000 -26000 -26000 -26000 -26000 -26000 -26008.672 -26001.748 -26002.802 -26004.479 -26001.688 -26001.688 -26013.477 -26000 -26003.224 -26001.739 -26001.739 -26002.811 -26003.224 -26001.824 -26001.629 -26005.489 -26000 -26000 
-26000 -26000 0 0 0 0 0 0 0 0 0 0 0 0 0 0 0 0 0 0 0 0 0 0 0 0 0 0 0 0 0 0 0 0 0 0 0 -26000 -26000 -26000 -26009.127 -26002.339 -26002.367 -26001.978 -26001.325 -26001.002 -26001.213 -26002.367 -26009.423 -26013.5 -26006.844 -26005.084 -26003.413 -26002.715 -26004.592 -26008.421 -26013.538 -26000 -26008.672 -26000 -26000 -26013.495 -26009.423 -26013.36 -26013.538 -26000 -26000 -26000 -26000 -26000 -26000 -26000 -26013.494 -26001.881 -26002.154 -26003.451 -26001.629 -26001.522 -26010.838 -26000 -26003.017 -26001.522 -26001.824 -26003.148 -26002.862 -26001.782 -26001.498 -26004.096 -26000 -26000 
0 0 0 0 0 0 0 0 0 0 0 0 0 0 0 0 0 0 0 0 0 0 0 0 0 0 0 0 0 0 0 0 0 0 0 0 0 0 -26000 -26000 -26000 -26008.672 -26002.905 -26001.951 -26001.606 -26001.401 -26001.455 -26001.951 -26005.172 -26013.481 -26003.937 -26002.942 -26006.791 -26008.421 -26003.76 -26003.413 -26006.791 -26004.096 -26004.006 -26000 -26000 -26000 -26000 -26013.495 -26013.538 -26000 -26000 -26000 -26000 -26000 -26000 -26000 -26013.45 -26001.748 -26001.824 -26003.76 -26001.824 -26001.385 -26005.489 -26000 -26004.096 -26001.299 -26001.669 -26003.17 -26001.776 -26001.225 -26001.292 -26002.73 -26000 -26000 
0 0 0 0 0 0 0 0 0 0 0 0 0 0 0 0 0 0 0 0 0 0 0 0 0 0 0 0 0 0 0 0 0 0 0 0 0 0 0 -26000 -26000 -26000 -26000 -26002.647 -26001.57 -26001.57 -26001.833 -26002.197 -26003.328 -26009.851 -26005.202 -26002.192 -26004.762 -26000 -26006.791 -26003.107 -26004.006 -26002.197 -26002.515 -26000 -26000 -26000 -26000 -26000 -26000 -26000 -26000 -26000 -26000 -26000 -26000 -26000 -26007.007 -26001.748 -26001.565 -26002.802 -26002.356 -26001.358 -26002.862 -26000 -26000 -26001.568 -26001.214 -26002.135 -26001.57 -26000.872 -26000.886 -26001.265 -26004.479 -26000 
-26000 0 0 -26000 0 0 0 0 0 0 0 0 0 0 0 0 0 0 0 0 0 0 0 0 0 0 0 0 0 0 0 0 0 0 0 0 0 0 0 0 -26000 -26000 -26000 -26004.737 -26001.57 -26001.57 -26001.785 -26002.458 -26002.87 -26003.17 -26003.413 -26001.785 -26002.862 -26000 -26000 -26005.736 -26004.096 -26001.669 -26001.629 -26000 -26000 -26000 -26000 -26000 -26000 -26000 -26000 -26000 -26000 -26000 -26000 -26000 -26004.737 -26001.881 -26001.471 -26002.802 -26004.096 -26001.584 -26001.669 -26000 -26000 -26004.479 -26001.171 -26001.325 -26001.496 -26000.859 -26000.752 -26000.91 -26001.639 -26000 
0 -26000 -26000 -26000 0 0 0 0 0 0 0 0 0 0 0 0 0 0 0 0 0 0 0 0 0 0 0 0 0 0 0 0 0 0 0 0 0 0 0 0 0 0 -26000 -26000 -26002.715 -26001.925 -26001.925 -26002.253 -26002.415 -26002.356 -26003.18 -26001.782 -26001.881 -26000 -26000 -26000 -26004.737 -26001.565 -26001.269 -26000 -26000 -26000 -26000 -26013.495 -26000 -26000 -26000 -26013.495 -26000 -26000 -26000 -26000 -26004.737 -26001.748 -26001.385 -26004.006 -26013.495 -26002.942 -26001.37 -26001.917 -26000 -26000 -26001.878 -26001.325 -26001.511 -26000.991 -26000.77 -26000.898 -26001.201 -26001.693 
-26000 -26000 -26000 -26000 0 0 0 -26000 0 0 0 0 0 0 0 0 0 0 0 0 0 0 0 0 0 0 0 0 0 0 0 0 0 0 0 0 0 0 0 0 0 0 0 -26000 -26000 -26002.274 -26002.73 -26002.942 -26001.757 -26001.498 -26002.669 -26002.669 -26001.629 -26006.352 -26000 -26000 -26008.672 -26001.748 -26001.229 -26005.736 -26000 -26000 -26000 -26000 -26000 -26000 -26000 -26000 -26005.736 -26000 -26000 -26000 -26006.352 -26001.688 -26001.629 -26005.736 -26000 -26000 -26001.998 -26001.121 -26002.01 -26009.127 -26003.464 -26001.878 -26001.917 -26001.152 -26000.759 -26000.965 -26001.307 -26001.108 
-26000 -26000 -26000 -26000 0 -26000 -26000 -26000 0 0 0 0 0 0 0 0 0 0 0 0 0 0 0 0 0 0 0 0 0 0 0 0 0 -26000 -26000 -26000 -26000 0 0 0 0 0 0 0 -26000 -26002.836 -26003.107 -26004.546 -26001.504 -26001.012 -26001.629 -26003.76 -26001.688 -26002.811 -26000 -26000 -26000 -26002.274 -26001.565 -26004.096 -26000 -26000 -26000 -26000 -26000 -26000 -26000 -26000 -26005.736 -26000 -26000 -26000 -26007.298 -26001.739 -26003.017 -26000 -26000 -26000 -26009.423 -26001.693 -26001.496 -26002.862 -26003.464 -26002.458 -26003.027 -26001.733 -26000.843 -26001.006 -26001.57 -26001.57 
-26000 -26000 -26000 -26000 -26000 -26000 -26000 -26000 -26000 0 0 0 0 0 0 0 0 0 0 0 0 0 0 0 0 0 0 0 0 0 -26000 0 0 0 -26000 -26000 -26000 -26000 0 0 0 0 0 0 0 -26013.532 -26005.736 -26007.179 -26001.498 -26000.88 -26001.204 -26003.224 -26001.739 -26001.951 -26000 -26000 -26000 -26003.017 -26002.154 -26004.737 -26000 -26000 -26000 -26000 -26000 -26000 -26000 -26000 -26013.45 -26013.45 -26000 -26000 -26007.007 -26001.782 -26005.202 -26000 -26000 -26000 -26013.492 -26004.209 -26002.458 -26003.18 -26003.937 -26002.562 -26004.592 -26003.17 -26001.125 -26001.197 -26001.998 -26001.57 
0 -26000 -26000 -26000 -26000 -26000 -26000 -26000 -26000 -26000 0 0 0 0 0 0 0 0 0 0 0 0 0 0 0 -26000 -26000 -26000 0 -26000 -26000 0 0 0 0 -26000 -26000 -26000 -26000 0 0 0 0 0 0 -26000 -26000 -26013.505 -26001.892 -26000.878 -26001.087 -26002.669 -26001.688 -26001.824 -26000 -26000 -26000 -26003.571 -26002.197 -26004.096 -26000 -26000 -26000 -26000 -26000 -26000 -26000 -26000 -26013.538 -26005.628 -26000 -26000 -26013.481 -26002.149 -26003.464 -26000 -26000 -26000 -26000 -26007.007 -26005.202 -26006.791 -26013.36 -26004.006 -26008.421 -26003.557 -26001.416 -26002.197 -26008.421 -26003.027 
0 -26000 -26000 -26000 -26000 -26000 -26000 -26000 -26000 -26000 0 0 0 0 0 0 0 0 0 0 -26000 -26000 -26000 -26000 -26000 -26000 -26000 -26000 -26000 -26000 -26000 -26000 0 0 0 -26000 -26000 -26000 -26000 0 0 0 0 0 0 -26000 -26000 -26000 -26002.647 -26001.061 -26001.306 -26002.356 -26001.565 -26001.881 -26000 -26000 -26000 -26004.546 -26001.757 -26002.535 -26013.481 -26000 -26000 -26000 -26000 -26013.481 -26000 -26000 -26000 -26005.202 -26013.452 -26000 -26000 -26009.851 -26006.844 -26000 -26000 -26000 -26000 -26000 -26013.36 -26008.672 -26000 -26000 -26000 -26003.224 -26001.461 -26006.352 -26000 -26000 
0 -26000 -26000 -26000 -26000 -26000 -26000 -26000 -26000 0 0 0 0 0 0 0 0 0 0 0 -26000 -26000 -26000 -26000 -26000 -26013.505 -26000 -26000 -26000 -26000 -26000 -26000 0 0 -26000 -26000 -26000 -26000 -26000 -26000 -26000 -26000 0 0 0 -26000 -26000 -26000 -26004.546 -26001.833 -26002.669 -26002.59 -26001.498 -26001.782 -26013.495 -26000 -26000 -26000 -26001.776 -26001.568 -26003.413 -26000 -26000 -26000 -26000 -26008.421 -26013.517 -26000 -26000 -26010.838 -26013.452 -26000 -26000 -26000 -26000 -26000 -26000 -26000 -26000 -26000 -26000 -26013.475 -26013.475 -26000 -26000 -26003.571 -26001.606 -26000 -26000 -26000 
0 -26000 -26000 -26000 -26000 -26000 -26000 -26000 0 0 0 0 0 0 0 0 0 0 0 0 0 0 0 0 -26000 -26009.127 -26004.209 -26000 -26000 -26000 -26013.477 -26000 -26000 -26000 -26000 0 -26000 -26000 -26000 -26000 -26000 -26000 -26000 -26000 0 -26000 -26000 -26000 -26000 -26000 -26000 -26004.096 -26001.504 -26001.669 -26005.202 -26000 -26000 -26000 -26002.87 -26001.304 -26001.925 -26013.508 -26000 -26000 -26000 -26010.838 -26013.452 -26000 -26000 -26000 -26007.007 -26010.838 -26000 -26000 -26000 -26013.477 -26000 -26000 -26000 -26000 -26000 -26000 -26013.475 -26000 -26000 -26006.218 -26001.998 -26000 -26000 -26000 
0 0 -26000 -26000 -26000 -26000 -26000 0 0 0 0 0 0 0 0 0 0 0 0 0 0 0 0 0 0 -26000 -26006.791 -26000 -26000 -26000 -26005.888 -26004.546 -26000 -26000 -26000 0 -26000 -26000 -26000 -26000 -26000 -26000 -26000 -26000 -26000 -26000 -26000 -26000 -26000 -26000 -26000 -26013.538 -26001.757 -26001.629 -26002.942 -26000 -26000 -26000 -26013.532 -26001.49 -26001.338 -26003.027 -26000 -26000 -26000 -26013.481 -26007.007 -26010.838 -26000 -26000 -26010.838 -26007.007 -26013.481 -26010.838 -26006.791 -26003.18 -26004.737 -26003.224 -26009.127 -26000 -26000 -26000 -26000 -26000 -26000 -26013.462 -26002.483 -26000 -26000 -26000 
-26000 -26000 0 -26000 -26000 -26000 -26000 0 0 0 0 0 0 0 0 0 0 0 0 0 0 0 0 0 0 -26000 -26000 -26000 -26006.352 -26005.888 -26004.687 -26006.218 -26000 -26000 -26000 -26000 -26000 -26000 -26004.737 -26005.736 -26013.532 -26000 -26000 -26000 -26000 -26000 -26000 -26000 -26000 0 0 -26000 -26003.76 -26001.511 -26002.047 -26007.007 -26000 -26000 -26000 -26002.87 -26001.338 -26001.785 -26003.937 -26000 -26000 -26000 -26004.592 -26004.592 -26000 -26000 -26000 -26013.481 -26007.007 -26006.008 -26004.592 -26001.925 -26001.447 -26001.197 -26001.629 -26002.597 -26005.489 -26000 -26000 -26000 -26000 -26013.36 -26002.014 -26006.791 -26000 -26000 
-26000 -26000 0 -26000 -26000 -26000 -26000 -26000 0 0 0 0 -26000 -26000 -26000 0 0 0 -26000 -26000 0 0 0 0 0 0 -26000 -26000 -26004.687 -26002.647 -26004.737 -26009.965 -26000 -26000 -26000 -26013.444 -26000 0 -26000 -26000 -26008.672 -26007.298 -26013.444 -26013.475 -26004.546 -26004.479 -26000 -26000 0 0 0 0 -26000 -26001.947 -26001.702 -26004.592 -26000 -26000 -26000 -26000 -26001.998 -26001.531 -26001.998 -26005.628 -26000 -26000 -26008.261 -26003.67 -26008.261 -26000 -26000 -26013.508 -26004.592 -26004.592 -26009.851 -26002.87 -26001.447 -26001.065 -26001.065 -26001.158 -26001.49 -26003.18 -26003.18 -26007.485 -26000 -26006.844 -26001.57 -26001.401 -26013.481 -26000 
-26000 0 0 0 -26000 -26000 -26000 -26000 -26000 0 0 0 0 -26000 0 0 0 0 -26000 -26000 0 0 0 0 0 0 -26000 -26000 -26005.456 -26002.562 -26004.546 -26009.127 -26000 -26000 -26000 -26003.745 -26000 0 0 -26000 -26003.413 -26001.951 -26001.606 -26001.408 -26001.386 -26001.998 -26013.527 -26000 0 0 0 0 0 -26010.838 -26001.511 -26003.413 -26000 -26000 -26000 -26000 -26006.218 -26001.49 -26001.68 -26002.87 -26008.261 -26000 -26000 -26003.937 -26002.87 -26009.851 -26000 -26013.532 -26003.937 -26002.87 -26009.851 -26004.592 -26002.047 -26001.358 -26001.099 -26001.304 -26001.455 -26001.522 -26001.529 -26001.36 -26001.739 -26002.862 -26001.917 -26001.213 -26001.522 -26000 
0 0 0 0 -26000 -26000 -26000 -26000 -26000 0 0 0 0 0 0 0 0 0 -26000 -26000 -26000 0 0 0 0 0 -26000 -26000 -26003.571 -26003.148 -26010.838 -26013.462 -26000 -26000 -26000 -26006.218 -26000 -26000 -26000 -26000 -26013.481 -26003.027 -26001.814 -26001.529 -26002.047 -26004.737 -26000 -26000 -26000 0 0 0 0 -26000 -26002.047 -26002.253 -26000 -26000 -26000 -26000 -26000 -26001.998 -26001.37 -26001.733 -26002.87 -26000 -26000 -26013.508 -26003.027 -26003.18 -26013.45 -26000 -26004.479 -26002.068 -26003.027 -26003.413 -26002.415 -26001.629 -26001.269 -26001.925 -26002.802 -26002.014 -26001.693 -26001.187 -26000.818 -26000.832 -26001.351 -26001.736 -26001.125 -26001.108 
0 0 0 0 -26000 -26000 -26000 -26000 -26013.538 -26000 0 0 0 0 0 0 0 -26000 -26000 -26000 -26000 -26000 -26000 0 0 -26000 -26000 -26005.628 -26001.624 -26004.592 -26000 -26000 -26000 -26000 -26000 -26009.965 -26009.741 -26000 -26000 -26000 -26000 -26000 -26000 -26000 -26000 -26000 -26000 -26000 0 0 0 0 0 0 -26013.452 -26002.149 -26013.508 -26000 -26000 -26000 -26000 -26011.883 -26001.57 -26001.24 -26001.785 -26003.937 -26000 -26000 -26006.844 -26002.647 -26003.464 -26013.467 -26011.883 -26003.027 -26001.998 -26002.253 -26002.253 -26001.49 -26001.133 -26001.477 -26002.942 -26002.862 -26002.253 -26001.878 -26001.098 -26000.627 -26000.774 -26002.014 -26001.531 -26000.832 
0 0 0 0 0 0 0 -26000 -26005.736 -26000 0 0 0 0 -26000 -26000 -26000 -26000 -26000 -26000 -26000 -26000 -26000 -26000 -26000 -26000 -26013.505 -26001.34 -26001.917 -26000 -26000 -26000 -26000 -26000 -26000 -26009.127 -26004.546 -26005.888 -26000 -26000 0 -26000 -26000 0 0 0 0 0 0 0 0 0 0 0 -26000 -26002.715 -26003.67 -26000 -26000 -26000 -26000 -26000 -26003.67 -26001.49 -26001.57 -26001.733 -26011.883 -26000 -26000 -26003.585 -26002.3 -26002.73 -26004.479 -26004.209 -26001.925 -26001.925 -26002.555 -26001.693 -26001.031 -26000.957 -26001.511 -26002.802 -26003.685 -26005.326 -26003.807 -26000.979 -26000.752 -26001.511 -26003.685 -26001.739 
0 0 0 0 0 0 0 -26000 -26007.007 -26008.672 -26000 0 0 0 -26000 -26000 -26000 -26000 -26000 -26000 -26000 -26000 -26000 -26000 -26000 -26000 -26001.529 -26001.36 -26000 -26000 0 -26000 -26000 -26000 -26000 -26007.298 -26004.059 -26005.456 -26000 -26000 -26000 -26000 -26000 0 0 0 0 0 -26000 0 0 0 0 0 0 -26000 -26002.87 -26013.45 -26000 -26000 -26000 -26000 -26000 -26002.458 -26001.57 -26001.37 -26002.555 -26000 -26000 -26000 -26003.685 -26001.728 -26001.529 -26001.511 -26001.287 -26001.455 -26001.978 -26002.385 -26001.531 -26001.034 -26001.116 -26001.713 -26002.942 -26009.127 -26007.485 -26001.733 -26001.042 -26001.171 -26002.555 -26013.508 
0 0 0 0 0 0 0 -26000 -26000 -26002.802 -26013.505 -26000 0 0 -26000 -26000 -26000 -26000 -26000 -26003.413 -26001.757 -26002.515 -26008.261 -26000 -26005.489 -26001.702 -26001.477 -26000 -26000 0 0 -26000 -26000 -26000 -26000 -26006.352 -26002.515 -26003.571 -26009.423 -26000 -26000 0 0 -26000 -26000 -26000 -26000 -26000 -26000 -26000 -26000 0 0 0 0 -26000 -26013.481 -26011.883 -26000 -26000 -26000 -26000 -26000 -26009.851 -26002.253 -26001.68 -26002.068 -26013.481 -26000 -26000 -26013.506 -26002.385 -26001.365 -26001.035 -26000.83 -26000.956 -26001.235 -26001.736 -26001.998 -26001.36 -26001.116 -26001.125 -26001.511 -26003.585 -26004.737 -26002.068 -26001.447 -26001.403 -26001.925 -26003.027 
0 0 0 0 0 0 -26000 -26000 -26000 -26002.669 -26002.811 -26013.475 0 0 0 -26000 -26000 -26000 -26000 -26000 -26007.179 -26003.148 -26004.059 -26003.745 -26002.802 -26002.942 -26000 -26000 0 0 0 -26000 -26000 -26000 -26000 -26004.006 -26001.669 -26002.043 -26002.73 -26013.481 -26000 0 -26000 -26000 -26000 -26000 -26000 -26000 -26000 -26000 -26000 -26000 0 0 0 0 -26000 -26000 -26013.508 -26000 -26000 -26000 -26000 -26000 -26004.152 -26002.274 -26004.152 -26000 -26000 -26000 -26000 -26009.127 -26002.01 -26001.229 -26000.781 -26000.736 -26000.884 -26001.012 -26001.171 -26001.073 -26000.945 -26000.888 -26000.991 -26002.068 -26008.261 -26003.107 -26001.782 -26002.59 -26006.791 -26003.027 
0 0 0 0 0 0 0 -26000 -26000 -26002.933 -26001.998 -26005.888 -26000 0 0 -26000 -26000 -26000 -26000 -26000 -26000 -26000 -26000 -26000 -26000 -26000 -26000 -26000 -26000 0 -26000 -26000 -26000 -26000 -26000 -26002.802 -26001.416 -26001.429 -26002.014 -26000 -26000 -26000 0 -26000 -26000 -26000 -26000 -26000 -26000 -26000 -26000 -26000 -26000 0 0 0 0 -26000 -26013.481 -26000 -26000 -26000 -26000 -26000 -26010.838 -26002.14 -26005.202 -26000 -26000 -26000 -26000 -26013.467 -26002.253 -26001.307 -26000.818 -26000.623 -26000.687 -26000.859 -26000.965 -26000.991 -26000.89 -26000.764 -26000.748 -26001.269 -26004.762 -26002.802 -26001.748 -26003.571 -26000 -26000 
0 0 0 0 0 0 0 0 -26000 -26003.027 -26001.998 -26013.505 -26000 0 0 -26000 -26000 -26000 -26000 -26000 -26000 -26000 -26000 -26000 -26000 -26000 -26000 -26000 -26000 -26000 -26000 -26000 -26000 -26000 -26000 -26003.017 -26001.204 -26001.229 -26002.59 -26000 -26000 0 0 0 0 0 -26000 -26000 -26000 0 -26000 -26000 -26000 0 0 0 0 -26000 -26000 -26000 -26000 -26000 -26000 -26000 -26000 -26002.415 -26002.715 -26000 -26000 -26000 -26000 -26005.084 -26002.458 -26001.531 -26000.898 -26000.617 -26000.594 -26000.812 -26001.087 -26001.126 -26001.073 -26000.828 -26000.66 -26000.865 -26002.043 -26002.197 -26001.906 -26003.557 -26002.515 -26007.298 
0 0 0 0 0 0 0 0 -26000 -26003.745 -26002.618 -26000 -26000 -26000 -26000 -26000 -26000 -26003.18 -26002.14 -26013.36 -26000 -26000 -26000 -26000 -26000 -26000 -26000 -26000 -26000 -26000 -26000 -26000 -26000 -26000 -26000 -26004.762 -26001.116 -26001.425 -26005.456 -26000 -26000 0 0 0 0 0 0 0 -26000 0 0 -26000 -26000 -26000 0 0 0 0 -26000 -26000 -26000 -26000 -26000 -26000 -26000 -26006.008 -26003.937 -26000 -26000 -26000 -26013.45 -26002.274 -26001.624 -26001.511 -26001.006 -26000.683 -26000.568 -26000.655 -26000.956 -26001.111 -26001.054 -26000.88 -26000.752 -26000.88 -26001.782 -26002.385 -26001.906 -26002.515 -26001.133 -26000.823 
0 0 0 0 0 0 0 0 -26000 -26009.127 -26003.745 -26000 -26000 -26002.811 -26000 0 -26000 -26000 -26002.14 -26001.947 -26009.423 -26000 -26000 -26000 -26000 -26000 -26000 -26000 -26000 -26000 -26000 -26003.17 -26004.546 -26000 -26000 -26013.532 -26001.881 -26002.217 -26009.127 -26000 -26000 0 0 0 0 0 0 0 -26000 0 0 0 -26000 -26000 0 0 0 0 0 -26000 -26000 -26000 -26000 -26000 -26000 -26000 -26000 -26000 -26009.527 -26002.483 -26001.522 -26001.182 -26001.099 -26001.314 -26001.287 -26001.035 -26000.888 -26000.769 -26000.748 -26000.816 -26000.801 -26000.726 -26000.791 -26001.218 -26002.933 -26006.352 -26001.824 -26001.069 -26000.818 -26000.604 
0 0 0 0 -26000 0 0 0 -26000 -26000 -26013.481 -26000 -26009.965 -26001.511 -26000 -26000 -26000 -26000 -26000 -26008.261 -26008.421 -26000 -26000 -26000 -26000 -26000 -26000 -26000 -26000 -26000 -26004.209 -26002.87 -26003.107 -26005.489 -26000 -26000 -26000 -26004.329 -26009.127 -26000 -26000 -26000 0 0 0 0 0 0 0 0 0 0 0 -26000 0 0 0 0 0 -26000 -26000 -26000 -26000 -26000 -26000 -26000 -26000 -26000 -26000 -26004.687 -26002.669 -26001.629 -26001.49 -26002.197 -26001.978 -26001.733 -26001.85 -26001.089 -26000.644 -26000.53 -26000.58 -26000.627 -26000.801 -26002.268 -26009.741 -26000 -26001.658 -26000.673 -26000.789 -26000.79 
-26000 -26000 -26000 -26000 -26000 -26000 0 0 -26000 -26000 -26000 -26000 -26004.737 -26001.408 -26004.737 -26000 -26000 -26000 -26000 -26000 -26013.481 -26000 -26000 -26000 -26000 -26000 -26000 -26000 -26000 -26000 -26013.481 -26013.481 -26009.851 -26013.532 -26000 -26000 -26000 -26013.45 -26013.477 -26000 -26000 -26000 0 0 0 0 0 0 -26000 0 0 0 0 0 0 0 0 0 0 0 -26000 -26000 -26000 -26000 -26000 -26000 -26000 -26000 -26000 -26000 -26000 -26000 -26013.505 -26011.883 -26003.107 -26002.197 -26001.892 -26001.014 -26000.583 -26000.399 -26000.463 -26000.727 -26001.304 -26008.261 -26013.505 -26013.444 -26001.386 -26000.644 -26001.135 -26001.739 
-26000 -26000 -26000 -26000 -26000 0 0 0 0 -26000 -26000 -26000 -26006.218 -26002.047 -26003.027 -26004.737 -26000 -26000 -26000 -26003.557 -26004.006 -26006.791 -26013.538 -26000 -26000 -26000 -26000 -26000 -26004.152 -26002.149 -26003.413 -26003.328 -26002.135 -26003.148 -26004.546 -26000 -26000 -26000 -26000 -26000 -26000 -26000 -26000 0 0 0 0 0 -26000 0 0 0 0 0 0 0 0 0 0 0 0 0 0 -26000 -26000 0 0 -26000 -26000 0 0 0 -26000 -26010.838 -26003.571 -26002.268 -26001.073 -26000.867 -26000.625 -26000.391 -26000.447 -26000.954 -26002.385 -26004.546 -26004.546 -26002.836 -26001.054 -26000.793 -26001.531 -26003.585 
-26000 -26000 -26000 -26000 -26000 0 0 0 0 0 -26000 -26000 -26009.741 -26004.737 -26003.685 -26002.268 -26009.741 -26000 -26000 -26001.782 -26001.49 -26002.14 -26003.557 -26010.838 -26000 -26000 -26000 -26000 -26003.18 -26001.49 -26001.225 -26001.016 -26001.187 -26003.571 -26013.444 -26000 -26000 -26000 -26000 -26000 -26000 -26000 -26000 0 0 0 0 0 -26000 -26000 0 0 0 0 0 0 0 0 0 0 0 0 0 0 -26000 0 0 0 0 0 0 0 -26000 -26005.456 -26003.76 -26002.59 -26000.95 -26000.779 -26000.53 -26000.34 -26000.337 -26000.595 -26001.57 -26001.978 -26001.235 -26000.823 -26000.617 -26000.823 -26001.182 -26000.913 
-26000 -26000 -26000 -26000 -26000 0 0 0 0 0 -26000 -26000 -26013.481 -26013.481 -26006.218 -26002.268 -26001.669 -26004.059 -26000 -26000 -26003.107 -26001.49 -26001.429 -26001.978 -26004.737 -26003.451 -26002.197 -26005.736 -26007.485 -26002.933 -26002.555 -26001.925 -26007.007 -26000 -26000 -26000 -26000 -26000 -26000 -26000 -26003.18 -26000 -26000 0 0 0 0 -26000 -26000 -26000 -26000 0 0 0 0 0 0 0 0 0 0 0 0 0 0 0 0 0 0 0 0 -26000 -26000 -26013.481 -26003.027 -26001.639 -26000.938 -26000.696 -26000.465 -26000.318 -26000.274 -26000.357 -26000.659 -26000.979 -26000.85 -26000.571 -26000.475 -26000.827 -26001.881 -26000.986 
-26000 -26000 -26000 -26000 -26000 0 0 0 0 0 -26000 -26000 -26000 -26000 -26009.741 -26002.047 -26001.408 -26002.03 -26000 0 0 -26013.494 -26001.782 -26001.565 -26002.03 -26002.154 -26002.197 -26002.669 -26002.73 -26003.685 -26000 -26000 -26000 -26000 -26000 -26000 -26013.527 -26000 -26000 -26000 -26006.218 -26000 0 0 0 0 0 -26000 -26000 -26000 -26000 -26000 0 0 0 0 0 0 0 0 0 0 0 0 0 0 0 0 0 0 0 -26000 -26000 -26009.527 -26001.998 -26001.126 -26001.034 -26000.956 -26000.589 -26000.38 -26000.308 -26000.316 -26000.382 -26000.509 -26000.683 -26000.582 -26000.53 -26001.351 -26000 -26009.965 
-26000 -26000 -26000 -26000 -26000 -26000 0 0 0 0 -26000 -26000 -26000 -26000 -26013.481 -26002.03 -26001.782 -26002.669 -26000 0 0 -26000 -26000 -26003.017 -26002.03 -26002.068 -26003.148 -26004.479 -26004.096 -26013.481 -26000 -26000 -26000 -26000 -26000 -26000 -26000 -26000 -26000 -26000 -26000 -26000 0 0 0 -26000 -26000 -26000 -26000 -26000 -26000 -26000 0 0 0 0 0 0 -26000 -26000 0 0 0 0 0 0 0 0 0 0 0 -26000 -26000 -26006.844 -26002.197 -26001.031 -26000.884 -26001.187 -26000.898 -26000.469 -26000.414 -26000.376 -26000.322 -26000.34 -26000.421 -26000.463 -26000.509 -26001.098 -26001.069 -26008.421 
-26000 -26000 -26000 -26000 -26000 -26000 -26000 0 0 0 0 -26000 -26000 -26000 -26000 -26003.571 -26003.017 -26003.571 -26000 -26000 -26000 0 -26000 -26000 -26009.965 -26005.456 -26000 -26000 -26000 -26000 -26000 -26000 -26000 -26000 -26000 -26000 -26000 -26000 -26000 -26000 -26000 -26000 0 0 0 0 -26000 -26000 -26000 -26000 -26000 -26000 -26000 0 0 0 0 0 -26000 -26000 -26000 -26000 0 0 0 0 0 0 0 0 0 -26000 -26000 -26000 -26008.108 -26001.736 -26000.764 -26000.818 -26001.269 -26000.708 -26000.627 -26000.524 -26000.401 -26000.333 -26000.331 -26000.41 -26000.5 -26000.648 -26000.496 -26000.342 
-26000 -26000 -26000 -26000 -26000 -26000 -26000 0 0 0 0 0 -26000 -26000 -26000 -26000 -26000 -26005.628 -26009.423 -26000 -26000 0 0 0 -26000 -26000 -26000 -26000 -26000 -26000 -26000 -26000 -26000 -26000 -26000 -26000 -26000 -26000 -26000 -26000 -26000 -26000 0 0 0 0 0 -26000 -26000 -26000 -26000 -26000 -26000 -26000 -26000 0 0 0 0 -26000 -26000 -26000 0 0 0 0 0 0 0 0 0 -26000 -26000 -26000 -26013.505 -26009.423 -26001.002 -26000.552 -26000.882 -26001.669 -26001.152 -26000.858 -26000.627 -26000.386 -26000.305 -26000.46 -26000.888 -26001.05 -26001.524 -26000.823 
-26000 -26000 -26000 -26000 -26000 -26000 -26000 -26000 0 0 0 0 -26000 -26000 -26000 -26000 -26000 -26000 -26003.18 -26004.737 -26013.532 -26000 0 0 0 -26000 -26000 -26000 -26000 0 -26000 -26000 -26000 -26000 -26000 -26000 -26000 -26000 -26000 -26000 -26000 -26000 -26000 -26000 -26000 0 -26000 -26000 -26000 -26000 -26000 -26000 -26000 -26000 -26000 -26000 -26000 0 0 0 0 0 0 0 0 0 0 0 0 0 0 0 -26000 -26008.672 -26008.108 -26000 -26004.592 -26000.618 -26000.752 -26008.672 -26003.937 -26002.01 -26000.882 -26000.439 -26000.31 -26000.618 -26003.76 -26002.669 -26000 -26000 
-26000 -26000 -26000 -26000 -26000 -26000 -26000 -26000 0 0 0 0 -26000 -26000 -26000 -26000 -26000 -26000 -26004.479 -26003.017 -26010.838 -26000 -26000 -26000 0 0 0 0 -26000 -26000 -26000 -26000 -26000 -26000 -26000 -26000 -26000 -26000 -26000 -26000 -26000 -26000 -26000 -26000 -26000 -26000 -26000 -26000 -26000 -26000 -26000 -26000 -26000 -26000 -26000 -26000 -26000 -26000 0 0 0 -26000 -26000 -26000 -26000 -26000 -26000 -26000 -26000 -26000 -26000 -26000 0 -26000 -26000 -26000 -26000 -26000.983 -26001.111 -26006.218 -26013.506 -26002.836 -26000.81 -26000.475 -26000.406 -26000.732 -26002.03 -26000 -26002.03 -26000 
0 0 0 -26000 -26000 -26000 -26000 -26000 -26000 0 0 0 0 0 0 0 0 -26000 -26013.475 -26003.571 -26013.444 -26000 -26000 -26000 -26000 0 0 0 -26000 -26000 -26000 -26000 -26000 -26000 -26000 -26000 -26000 -26000 -26000 -26000 -26000 -26000 -26000 -26000 0 0 -26000 -26000 -26000 -26000 0 0 0 0 -26000 -26000 -26000 0 0 -26000 -26000 -26000 -26000 -26000 -26000 -26000 -26000 -26009.851 -26005.084 -26004.592 -26002.135 -26001.833 -26000 0 -26000 -26000 -26013.495 -26002.149 -26001.978 -26001.978 -26001.669 -26001.213 -26000.758 -26000.653 -26000.793 -26001.026 -26006.218 -26000.79 -26000.44 -26000.587 
0 0 0 0 0 -26000 -26000 -26000 -26000 -26000 0 0 0 0 0 0 0 -26000 -26000 -26009.741 -26000 -26000 -26000 -26000 -26000 0 0 0 -26000 -26000 -26000 -26000 -26000 -26000 0 0 -26000 0 -26000 -26000 -26000 -26000 -26000 0 0 0 -26000 -26000 -26000 -26000 -26000 0 0 0 0 0 0 0 -26000 -26000 -26000 -26000 -26000 -26000 -26000 -26000 -26000 -26000 -26004.546 -26002.149 -26002.197 -26002.73 -26000 0 0 0 -26000 -26000 -26000 -26001.881 -26000.647 -26000.915 -26001.213 -26001.522 -26003.571 -26002.311 -26000.529 -26000.334 -26000.409 -26000.393 
0 0 0 0 0 0 -26000 -26000 -26000 -26000 0 0 0 0 0 0 0 -26000 -26000 -26000 -26000 -26000 -26000 -26000 -26000 0 0 -26000 0 0 0 -26000 -26000 -26000 -26000 -26000 -26000 -26000 -26000 0 0 0 0 0 0 0 0 -26000 -26000 -26000 -26000 -26000 0 0 0 0 0 0 0 0 -26000 -26000 -26000 -26000 -26007.007 -26000 -26000 -26000 -26000 -26000 -26003.76 -26005.456 -26000 0 0 0 0 -26000 -26000 -26000.801 -26000.488 -26001.064 -26003.413 -26002.933 -26001.054 -26000.532 -26000.345 -26000.433 -26001.121 -26001.059 
0 0 0 0 0 0 -26000 -26000 -26000 -26000 -26000 0 0 0 0 0 0 -26000 -26000 -26000 -26000 -26000 -26000 -26000 -26000 -26000 -26000 -26000 -26000 0 0 -26000 -26000 0 0 -26000 -26000 -26000 0 0 0 0 0 0 0 0 -26000 -26000 -26000 -26000 -26000 -26000 0 0 0 0 0 0 0 0 -26000 -26000 -26000 -26000 -26000 -26000 -26000 -26000 -26000 -26000 -26000 -26005.172 -26013.5 -26000 0 0 0 -26000 -26000 -26000.688 -26000.514 -26001.106 -26002.802 -26001.019 -26000.487 -26000.512 -26000.653 -26001.191 -26001.34 -26001.57 
0 0 0 0 0 0 0 -26000 -26000 -26000 -26000 -26000 0 0 -26000 -26000 -26000 -26000 -26000 0 0 -26000 0 -26000 -26000 -26000 -26000 -26000 -26000 -26000 -26000 -26000 -26000 0 0 0 -26000 0 0 0 0 0 0 0 0 0 -26000 -26000 -26000 -26000 -26000 -26000 -26000 -26000 0 0 0 0 0 0 0 0 -26000 0 0 0 0 0 -26000 -26000 -26000 -26000 -26000 -26000 0 0 0 0 -26000 -26000.672 -26000.516 -26000.762 -26001.191 -26000.893 -26000.785 -26001.558 -26000.888 -26000.823 -26000.89 -26000.66 
0 0 0 0 0 0 0 -26000 -26000 -26000 -26000 0 0 0 0 -26000 -26000 -26000 -26000 0 0 0 0 0 -26000 -26000 -26000 -26000 -26000 -26000 -26000 -26000 -26000 -26000 -26000 -26000 -26000 0 0 0 0 0 0 0 0 0 0 -26000 -26000 -26000 -26000 -26000 -26000 -26000 0 0 0 0 0 0 0 0 0 0 0 0 0 -26000 -26000 -26000 -26000 -26000 -26000 -26000 -26000 0 0 0 -26000 -26000.62 -26000.499 -26000.755 -26002.385 -26001.878 -26000.595 -26000.353 -26000.318 -26000.417 -26000.578 -26000.712 
0 0 -26000 -26000 0 0 0 -26000 -26000 -26000 -26000 -26000 0 0 0 -26000 -26000 -26000 0 0 0 0 0 0 0 -26000 -26000 0 -26000 -26000 -26000 -26000 -26000 -26000 -26000 -26000 -26000 -26000 0 0 0 0 0 0 0 0 0 -26000 -26000 -26000 -26000 -26000 -26000 -26000 0 0 0 0 0 0 0 0 0 0 0 0 -26000 -26000 -26000 -26000 -26000 -26000 -26000 -26000 -26000 0 0 0 -26013.36 -26000.644 -26000.828 -26001.639 -26000.56 -26000.3 -26000.285 -26000.343 -26000.341 -26000.352 -26000.413 -26000.476 
0 0 -26000 -26013.467 -26000 0 0 -26000 -26000 -26000 -26004.592 -26009.851 -26000 0 0 -26000 -26000 0 0 0 0 0 0 0 0 0 0 0 0 -26000 -26000 -26000 -26000 -26000 -26000 -26000 -26000 -26000 -26000 -26000 0 0 0 0 0 0 -26000 -26000 -26000 -26000 -26000 -26000 -26000 -26000 0 0 0 0 0 0 0 0 0 0 0 0 0 -26000 -26000 -26000 -26000 -26000 -26000 -26000 -26000 0 0 0 -26004.737 -26001.511 -26000 -26001.306 -26000.516 -26000.429 -26000.471 -26000.571 -26000.44 -26000.376 -26000.437 -26000.499 
0 0 -26000 -26000 -26003.67 -26000 -26000 -26000 0 0 -26000 -26005.084 -26005.628 -26000 -26000 -26000 -26000 0 0 0 0 0 0 0 0 0 0 0 0 0 -26000 -26000 -26000 -26000 -26000 -26000 -26000 -26000 -26000 -26000 -26000 -26000 0 0 0 0 0 -26000 -26000 -26000 -26000 -26000 -26000 -26000 -26000 0 0 0 0 0 0 0 0 0 0 0 0 0 -26000 -26000 -26013.5 -26000 -26000 -26000 -26000 0 0 0 -26000 -26000 -26000 -26000 -26000 0 -26002.014 -26000.637 -26000.449 -26000.447 -26000.664 -26000.712 
0 0 0 -26000 -26003.67 -26002.562 -26004.546 -26000 0 0 0 -26000 -26005.628 -26000 -26000 -26000 0 0 0 0 0 0 0 0 0 0 0 0 0 0 -26000 -26000 -26000 -26000 -26000 -26000 -26000 -26000 -26000 -26000 -26000 -26000 -26000 -26000 0 0 0 0 -26000 -26000 -26000 -26000 -26000 -26000 -26000 -26000 0 0 0 0 0 0 0 0 0 0 0 0 0 -26000 -26000 -26000 -26000 -26000 -26000 -26000 0 0 0 -26000 0 0 0 0 -26002.217 -26000.508 -26000.432 -26000.623 -26002.515 -26001.403 
0 0 0 -26000 -26000 -26002.274 -26002.415 -26003.413 -26000 -26000 0 -26000 -26005.628 -26013.495 -26000 0 0 0 0 0 0 0 0 0 0 0 0 0 0 0 0 -26000 -26000 -26000 -26000 -26000 -26000 -26000 -26000 -26000 -26000 -26000 -26000 -26000 0 0 0 0 0 -26000 -26000 0 -26000 -26000 -26000 -26000 -26000 0 0 0 0 0 0 0 0 0 0 0 0 0 -26000 -26000 -26000 -26000 -26000 -26000 0 0 0 0 0 0 0 0 -26001.292 -26000.455 -26000.556 -26001.365 -26000 -26000 
0 0 0 -26000 -26000 -26005.628 -26003.413 -26002.014 -26002.862 -26000 -26000 0 -26000 -26000 -26000 -26000 0 0 0 0 0 0 0 0 0 0 0 0 0 0 0 0 -26000 -26000 -26000 -26000 -26000 -26000 -26000 -26000 -26000 -26000 -26000 -26000 -26000 0 0 0 0 -26000 -26000 0 0 -26000 -26000 -26000 -26000 0 0 0 0 0 0 0 0 0 0 0 0 0 0 -26000 -26000 -26000 -26000 -26000 -26000 0 0 0 0 0 0 -26000 -26001.059 -26000.587 -26001.365 -26006.844 -26003.464 -26000 
0 0 0 -26000 -26000 -26000 -26013.495 -26002.192 -26001.504 -26002.197 -26000 0 0 0 0 0 0 0 0 0 0 0 0 0 0 0 0 0 0 0 0 0 0 0 0 -26000 -26000 -26000 -26000 -26000 -26000 -26000 -26013.475 -26006.398 -26000 0 0 0 -26000 -26000 -26000 -26000 0 0 0 -26000 0 0 0 0 0 0 0 0 0 0 0 0 0 0 0 -26000 -26000 -26000 -26000 -26000 -26000 0 0 0 0 0 0 -26000 -26001.242 -26002.3 -26000 -26013.508 -26002.047 -26001.225 
0 0 0 -26000 -26000 -26000 -26000 -26004.737 -26001.587 -26001.587 -26004.737 -26000 0 0 0 0 0 0 0 0 0 0 0 0 0 0 0 0 0 0 0 0 0 0 0 0 0 -26000 -26000 -26000 -26000 -26000 -26006.398 -26006.398 -26000 0 0 0 0 -26000 -26000 -26000 0 0 0 0 0 0 0 0 0 0 0 0 0 0 0 0 0 0 0 0 -26000 -26000 -26000 -26000 -26000 -26000 0 0 0 0 0 -26013.462 -26003.745 -26000 -26000 -26000 -26000 -26002.415 
-26000 0 0 -26000 -26000 -26000 -26000 -26000 -26002.154 -26001.471 -26003.451 -26000 0 0 0 0 0 0 0 0 -26000 0 0 0 0 0 0 0 0 0 0 0 0 0 0 0 0 -26000 -26000 -26000 -26000 -26009.965 -26004.687 -26013.481 -26000 0 0 0 0 0 -26000 -26000 -26000 0 0 0 0 0 0 0 0 0 0 0 0 0 0 0 0 0 0 0 0 -26000 -26000 -26000 -26000 -26000 0 0 0 0 0 -26000 -26000 -26000 -26000 -26000 -26000 -26000 
-26000 0 0 -26000 -26000 -26000 -26000 -26000 -26003.413 -26001.461 -26004.059 -26000 0 0 0 -26000 -26000 0 0 -26000 -26000 -26000 0 0 0 0 0 -26000 -26000 -26000 0 0 0 0 0 0 0 -26000 -26000 -26000 -26013.462 -26003.413 -26008.261 -26000 -26000 -26000 0 0 0 0 -26000 -26013.36 -26000 -26000 -26000 0 0 0 0 0 0 0 0 0 0 0 0 0 0 0 0 0 0 -26000 -26000 -26000 -26000 0 0 0 0 0 0 0 0 0 0 0 -26000 -26000 
-26000 0 0 -26000 -26000 -26000 -26000 -26000 -26005.888 -26001.606 -26003.413 -26000 -26000 -26000 0 -26000 -26009.851 -26000 -26000 -26000 -26000 -26000 -26000 -26000 -26000 -26000 -26000 -26000 -26000 -26000 0 0 0 0 0 0 0 -26000 -26000 -26000 -26008.672 -26003.224 -26000 -26000 -26000 -26000 -26000 0 0 0 -26000 -26004.546 -26000 -26000 -26000 0 0 0 0 0 0 0 0 0 0 0 0 0 0 0 0 0 0 0 -26000 -26000 -26000 0 0 0 0 0 0 0 0 0 0 0 0 -26000 
-26000 -26000 0 -26000 -26000 -26000 -26000 -26000 -26013.462 -26001.951 -26002.483 -26000 -26000 -26000 -26000 0 -26000 -26000 -26000 -26000 -26013.5 -26013.532 -26000 -26000 -26000 -26000 -26000 -26000 -26000 -26000 -26000 -26000 -26000 0 0 0 0 -26000 -26000 -26000 -26013.36 -26007.007 -26000 -26000 -26000 -26000 -26000 0 0 0 -26000 -26010.838 -26010.838 -26000 0 0 0 -26000 -26000 -26000 0 0 0 0 0 0 0 0 0 0 0 0 0 0 0 -26000 -26000 0 0 0 0 0 0 0 0 0 0 0 0 0 
-26000 -26000 -26000 -26000 -26006.218 -26000 -26000 -26000 -26000 -26002.933 -26002.149 -26013.444 -26000 -26000 -26000 0 0 0 -26000 -26008.261 -26003.328 -26000 -26000 -26000 -26000 -26000 -26000 -26000 -26000 -26000 -26000 -26000 -26000 -26000 -26000 -26000 -26000 -26013.492 -26013.467 -26000 -26000 -26000 -26000 -26000 -26000 -26000 -26000 0 0 0 -26000 -26000 -26002.562 -26000 0 0 0 0 -26000 -26000 0 0 0 0 0 0 0 0 0 0 0 0 0 0 0 0 0 0 0 0 0 0 0 0 0 0 0 0 0 0 
-26000 -26000 -26000 -26000 -26006.218 -26000 -26000 -26000 -26000 -26007.298 -26002.515 -26004.737 -26000 -26000 -26000 -26000 0 0 -26000 -26000 -26000 -26000 -26000 -26000 -26000 -26000 -26000 -26000 -26000 -26000 -26000 -26000 -26000 -26000 -26000 -26000 -26003.027 -26004.972 -26000 -26000 -26000 -26000 -26000 -26000 -26000 -26000 -26000 0 0 0 -26000 -26000 -26002.068 -26003.027 -26000 0 0 0 0 0 0 0 0 0 0 0 0 0 0 0 0 0 0 0 0 0 0 0 0 0 0 0 0 0 0 0 0 0 0 0 
-26000 0 -26000 -26000 -26013.462 -26000 -26000 -26000 -26000 -26013.495 -26002.836 -26003.76 -26000 -26000 -26000 -26000 -26000 -26000 -26000 -26000 0 0 0 -26000 -26000 -26000 -26013.495 -26004.059 -26003.107 -26003.745 -26006.398 -26009.965 -26009.741 -26008.261 -26005.489 -26003.76 -26009.851 -26000 -26000 -26000 -26000 -26000 -26000 -26000 -26000 -26000 -26000 0 0 0 0 -26000 -26003.464 -26001.455 -26013.5 0 0 0 0 0 -26000 -26000 0 0 0 0 0 0 0 0 0 0 0 0 0 0 0 0 0 0 0 0 0 0 0 0 0 0 0 0 
0 0 -26000 -26000 -26000 -26000 -26000 -26000 -26000 -26000 -26002.356 -26002.802 -26005.172 -26006.218 -26005.628 -26004.479 -26003.685 -26013.5 -26000 -26013.45 -26000 -26000 -26000 0 0 -26000 -26000 -26000 -26000 -26013.481 -26009.741 -26013.481 -26000 -26000 -26000 -26000 -26000 -26000 -26000 -26000 -26000 -26000 -26000 -26000 -26000 -26000 -26000 0 0 0 0 -26000 -26013.492 -26001.998 -26001.522 -26013.481 -26000 -26000 -26000 -26000 -26000 -26000 -26000 0 0 0 0 0 0 0 0 0 0 0 0 0 0 0 0 0 0 0 0 0 -26000 0 0 0 0 0 
0 0 -26000 -26000 -26000 -26000 -26000 -26000 -26000 -26000 -26006.844 -26005.423 -26013.467 -26007.007 -26002.87 -26002.73 -26002.862 -26002.933 -26003.76 -26003.464 -26006.844 -26000 -26000 -26000 -26000 -26000 -26000 0 -26000 -26000 -26000 -26000 -26000 -26000 -26000 -26000 -26000 -26000 -26000 -26000 -26000 -26000 -26000 -26000 -26000 -26000 -26000 0 0 0 0 0 -26000 -26000 -26003.685 -26003.17 -26013.444 -26000 -26000 -26000 0 -26000 -26000 0 0 0 0 0 0 0 0 0 0 0 0 0 0 0 0 0 0 0 0 -26000 -26004.972 0 0 0 0 0 
0 0 -26000 -26000 -26000 -26000 -26000 -26000 -26000 -26000 -26000 -26000 -26000 -26000 -26000 -26009.527 -26009.127 -26007.485 -26006.844 -26004.209 -26003.937 -26011.883 -26002.562 -26003.107 -26000 -26000 -26000 0 -26000 -26000 -26000 -26000 -26000 -26000 -26000 -26000 -26000 -26000 0 0 -26000 0 0 0 0 -26000 -26000 -26000 -26000 0 0 0 -26000 -26000 -26000 -26000 -26000 -26000 -26000 0 0 -26000 -26000 0 0 0 0 0 0 0 0 0 0 0 0 0 0 0 0 0 0 0 0 0 -26001.49 -26000 0 0 0 0 
0 0 -26000 -26000 -26000 -26000 -26000 -26000 -26000 -26000 -26000 -26000 0 0 0 -26000 -26000 -26000 -26000 -26000 -26007.007 -26013.481 -26002.535 -26001.785 -26013.495 -26000 -26000 -26000 -26000 0 0 -26000 -26000 -26000 -26000 -26000 -26000 -26000 -26000 0 0 0 0 0 0 -26000 -26000 -26000 -26000 0 0 0 -26000 -26000 -26000 -26000 -26000 -26000 -26000 -26000 -26000 -26000 -26000 -26000 0 0 0 0 0 0 0 0 0 0 0 0 0 0 0 0 0 0 0 0 -26001.304 -26000 0 0 0 0 
0 0 -26000 -26000 -26000 -26000 -26000 -26000 -26000 -26000 0 0 0 0 0 -26000 -26000 -26000 -26000 -26000 -26000 -26000 -26004.479 -26002.154 -26005.489 -26000 -26000 -26000 -26000 0 0 -26000 -26000 -26000 -26000 -26000 -26000 -26000 0 0 0 0 0 0 0 -26000 -26000 -26000 -26000 -26000 0 0 -26000 -26000 -26000 -26000 -26000 -26000 -26000 -26000 -26000 -26000 -26000 -26000 0 0 0 0 0 0 0 0 0 0 0 0 0 0 0 0 -26000 -26000 0 -26000 -26001.365 0 0 0 0 0 
0 0 -26000 -26000 -26000 -26000 -26000 -26000 -26000 -26000 -26000 0 0 0 0 0 -26000 -26000 -26000 -26000 -26000 -26000 -26000 -26002.933 -26004.329 -26000 -26000 -26000 -26000 -26000 -26000 -26000 -26000 -26000 -26000 -26000 -26000 -26000 -26000 0 0 0 0 0 0 -26000 -26000 -26000 -26000 -26000 0 0 -26000 -26000 -26000 -26000 -26000 0 0 -26000 -26003.148 -26000 0 0 0 0 0 0 0 0 0 0 0 0 0 0 0 0 0 -26000 -26000 -26000 0 -26000 -26002.03 0 0 0 0 0 
0 0 -26000 -26000 -26000 -26000 -26000 -26000 -26000 -26000 -26000 0 0 0 0 -26000 -26000 -26000 -26000 -26000 -26000 -26000 -26000 -26004.687 -26013.475 -26000 -26000 -26000 -26000 -26000 -26000 -26000 0 0 -26000 -26000 -26000 -26000 -26000 -26000 -26000 0 0 0 -26000 -26000 -26000 -26000 -26000 -26000 0 0 0 -26000 -26000 -26000 -26000 0 0 -26000 -26002.515 -26000 0 0 0 0 0 0 0 0 0 0 0 0 0 0 0 0 0 -26000 -26000 -26000 -26000 -26002.647 -26000 0 0 0 0 0 
0 -26000 0 -26000 -26000 -26000 -26000 -26000 -26000 -26000 -26000 0 0 0 0 -26000 -26000 -26000 -26000 -26000 -26000 -26000 -26000 -26000 -26000 -26000 -26000 -26000 -26000 -26000 -26000 -26000 -26000 0 0 -26000 -26000 -26000 -26000 -26000 -26000 -26000 0 -26000 -26000 -26000 -26000 -26000 -26000 -26000 0 0 0 0 0 0 0 0 0 -26000 -26002.802 -26005.489 -26000 0 0 0 0 0 0 0 0 0 0 0 0 0 0 0 0 0 -26000 -26000 -26000 -26000 0 0 0 0 0 0 
0 0 -26000 -26000 -26000 -26000 -26000 -26000 -26000 -26000 -26000 0 0 -26000 -26000 -26000 -26000 -26000 -26000 -26000 -26000 -26000 -26000 -26000 -26000 -26000 -26000 -26000 -26000 -26000 -26000 -26000 -26000 -26000 -26000 0 0 0 -26000 -26000 -26000 -26000 -26000 -26000 -26000 -26000 -26000 -26000 -26000 -26000 -26000 0 0 0 0 0 0 0 0 -26000 -26005.736 -26002.197 -26000 0 0 0 0 0 0 0 0 0 0 0 0 0 0 0 -26000 0 -26000 -26000 0 0 0 0 0 0 0 0 
-26000 0 -26000 -26000 -26000 -26000 -26000 -26009.741 -26000 -26000 -26000 0 0 -26000 0 0 -26000 -26000 -26000 -26000 -26000 -26000 -26000 -26000 -26000 -26000 -26000 -26000 -26000 -26000 -26000 -26000 -26000 -26000 -26000 -26000 0 0 -26000 -26000 -26000 -26000 -26000 -26000 -26000 -26000 -26000 -26000 -26000 -26000 -26000 -26000 0 0 0 0 0 0 0 0 -26000 -26001.682 -26000 -26000 0 0 0 0 0 0 0 0 0 0 0 0 0 0 0 0 0 0 0 0 0 0 0 0 0 0 
-26000 -26000 -26000 -26000 -26000 -26000 -26007.298 -26003.027 -26000 -26000 -26000 -26000 0 -26000 0 0 -26000 -26000 -26000 -26000 -26000 -26000 -26000 -26000 -26000 -26000 -26000 -26000 -26000 -26000 -26000 -26000 -26000 -26000 -26000 -26000 0 0 0 0 0 0 -26000 -26000 -26009.423 -26000 -26000 -26000 -26000 -26000 -26000 0 0 0 0 -26000 -26000 -26000 0 0 -26000 -26001.895 -26002.836 -26000 -26000 0 0 0 0 0 0 0 0 0 0 0 0 0 0 0 0 0 0 0 0 0 0 0 0 0 
-26000 -26000 -26000 -26000 -26000 -26000 -26003.017 -26002.068 -26000 -26000 -26000 -26000 -26000 -26000 -26000 -26000 -26000 -26000 -26000 -26000 -26000 -26000 -26000 -26000 -26000 -26000 -26000 -26000 -26000 -26000 -26000 -26000 -26000 -26000 -26000 -26000 -26000 -26000 -26000 -26000 0 0 -26000 -26000 -26000 -26000 -26000 -26000 -26000 -26000 0 0 0 0 0 -26000 -26013.5 -26000 -26000 0 -26000 -26003.413 -26001.423 -26000 -26000 0 0 0 0 0 0 0 0 0 0 0 0 0 0 0 0 0 0 0 0 0 0 0 0 0 
-26000 -26000 -26000 0 -26000 -26000 -26002.515 -26002.515 -26001.498 -26000 -26000 -26000 -26000 -26000 0 -26000 -26000 0 -26000 -26000 -26000 -26000 -26000 -26000 -26000 -26000 -26000 -26000 -26000 -26000 -26000 -26000 -26000 -26000 -26000 -26008.421 -26000 -26000 -26000 -26000 -26000 0 0 -26000 -26000 0 0 0 0 -26000 0 0 0 0 0 -26000 -26000 -26001.059 -26000 0 0 -26000 -26001.225 -26001.059 -26000 -26000 0 0 0 0 0 0 0 0 0 0 0 0 0 0 0 0 0 0 0 0 0 0 0 0 
