NCOLS 100
NROWS 100
XLLCORNER 470099
YLLCORNER 4341469
CELLSIZE 10
NODATA_VALUE -9999
0 0 0 0 0 0 0 0 0 0 0 0 0 0 0 0 0 0 0 0 0 0 0 0 0 0 0 0 0 0 0 0 0 0 0 0 0 0 0 0 0 22517.014 0 0 0 0 0 0 0 1619.7255 0 0 5837.516 0 0 0 0 0 0 0 0 0 0 0 0 0 0 0 0 0 0 0 21300.702 0 631.70578 0 0 0 0 0 0 0 0 0 0 0 0 0 0 0 0 0 0 0 0 0 0 0 0 0 
0 0 0 0 0 0 0 0 0 0 0 0 0 0 0 0 0 0 0 0 0 0 0 0 0 0 0 0 0 0 0 0 0 0 0 0 0 0 0 0 0 0 0 0 0 0 0 0 17751.457 0 32628.817 7863.0522 9931.0233 0 0 23981.873 0 0 -7.2759576e-12 0 3.6379788e-12 0 0 0 0 0 0 0 -3.6379788e-12 -1.8189894e-12 0 -3.6379788e-12 -1.8189894e-12 19243.674 11505.625 517.35263 0 0 0 0 0 0 0 0 0 0 0 0 0 0 0 0 0 0 0 0 0 0 0 0 
0 0 0 0 0 0 0 0 0 0 0 0 0 0 0 0 0 0 0 0 0 0 0 0 0 0 0 0 0 0 0 0 0 0 0 0 0 0 0 0 0 0 0 0 0 0 0 0 0 0 0 14710.416 0 16068.977 37557.828 23479.841 9619.8546 0 0 -3.6379788e-12 0 0 0 0 0 0 0 0 0 0 0 0 26588.242 4165.9011 14295.178 8525.895 0 0 0 0 0 0 0 0 0 0 0 0 0 0 0 0 0 0 0 0 0 0 0 0 
0 0 0 0 0 0 0 0 0 0 0 0 0 0 0 0 0 0 0 0 0 0 0 0 0 0 0 0 0 0 0 0 0 0 0 0 15128.263 0 0 0 0 0 0 0 0 0 0 0 0 0 9.094947e-13 9947.1326 0 0 3.6379788e-12 23460.139 40033.449 54993.118 22241.869 -3.6379788e-12 0 0 0 0 0 -3.6379788e-12 0 0 -3.6379788e-12 0 0 -3.6379788e-12 7717.5919 22556.735 7737.1059 6825.5197 0 0 0 0 0 0 0 0 0 0 0 0 0 0 0 0 0 0 0 0 0 0 0 0 
0 0 0 0 0 0 0 0 0 0 0 0 0 0 0 0 0 0 0 0 0 0 0 0 0 0 0 0 0 0 0 0 0 0 0 0 22776.844 0 0 0 0 0 0 0 0 0 0 0 0 0 0 19479.399 0 0 0 0 39451.795 9929.4963 25888.521 43593.61 23825.94 0 0 0 3.6379788e-12 0 0 0 -3.6379788e-12 0 5.4569682e-12 25566.709 48143.612 14856.1 8664.7698 413.07051 0 0 0 0 0 0 0 0 0 0 0 0 0 0 0 0 0 0 0 0 0 0 0 0 
0 0 0 0 0 0 0 0 0 0 0 0 0 14109.048 0 0 0 0 0 0 0 0 0 0 0 0 0 0 0 0 0 0 0 0 0 55202.383 0 0 0 0 0 0 0 0 0 0 0 0 0 0 0 0 0 0 0 -3.6379788e-12 0 96125.317 11730.007 11969.877 10793.692 37045.814 2.2737368e-13 49102.21 24340.267 22692.882 0 1.8189894e-12 27075.786 17549.893 29670.813 45240.667 22072.348 17776.712 61.004077 0 0 0 0 0 0 0 0 0 0 0 0 0 0 0 0 0 0 0 0 0 0 0 0 0 
0 0 0 0 0 0 0 0 1514.3084 0 0 0 11890.952 0 0 0 0 0 0 0 0 0 0 0 0 0 0 0 0 0 0 0 0 0 10871.737 0 0 0 0 0 0 0 0 0 0 0 0 0 0 0 0 0 0 0 0 0 22863.813 21431.704 32540.283 62525.723 14224.682 20416.766 25118.742 23862.324 0 0 21877.566 12701.969 5306.4819 16858.991 18649.962 16204.287 24091.184 0 0 0 0 0 0 0 0 0 0 0 0 0 0 0 0 0 0 0 0 0 0 0 0 0 0 0 
0 0 0 0 0 0 3.6379788e-12 26649.94 2804.0836 0 0 0 0 0 0 0 0 0 0 0 0 0 0 0 0 0 0 0 0 0 0 0 0 0 20.772861 0 0 0 0 0 0 0 0 0 0 0 0 0 0 0 0 0 0 0 0 0 0 38.909561 0 0 23816.17 6088.1006 0 0 36769.62 12898.642 11180.848 19134.489 12130.157 13286.129 7314.411 0 0 0 0 0 0 0 0 0 0 0 0 0 0 0 0 0 0 0 0 0 0 0 0 0 0 0 0 0 
0 0 0 0 0 0 13000 47031.668 0 0 0 0 0 0 0 0 0 0 0 0 0 0 0 0 0 0 0 0 0 0 0 0 0 0 0 0 0 0 0 0 0 0 0 0 0 0 0 0 0 0 0 0 0 0 0 0 0 14109.048 619.05308 0 0 0 4470.0194 0 0 16159.875 10132.639 0 14721.147 9406.0669 9263.3491 8212.7499 0 0 0 0 0 0 0 0 0 0 0 0 0 0 0 0 0 0 0 0 0 0 0 0 0 0 0 0 
0 0 0 0 0 28891.552 63858.432 0 0 0 0 0 0 0 0 0 0 0 0 0 0 0 0 0 0 0 0 0 0 0 0 0 0 0 0 0 0 0 0 0 0 0 0 0 0 0 25550.297 0 0 0 0 0 0 0 0 0 0 0 25342.037 0 0 0 0 0 0 0 12736.307 15254.167 0 0 0 0 0 0 0 0 0 0 0 0 0 0 0 0 0 0 0 0 0 0 0 0 0 0 0 0 0 0 0 0 
0 0 0 0 45924.11 15355.028 0 0 0 0 0 0 0 0 0 0 0 0 0 0 0 0 0 0 0 0 0 0 0 0 0 0 0 0 0 0 0 0 0 0 0 0 0 0 0 0 24722.481 0 449.70338 0 0 0 0 0 0 0 0 0 26000 0 0 0 0 0 14109.048 27019.216 0 0 0 0 0 0 0 0 0 0 0 0 0 0 0 0 0 0 0 0 0 0 0 0 0 0 0 0 0 0 0 0 0 0 
0 0 0 4881.0337 11698.162 24391.682 0 0 0 0 0 0 0 0 0 0 0 0 0 0 0 0 0 0 0 0 0 0 0 0 0 0 0 0 0 0 0 0 0 0 0 0 0 0 0 3.6379788e-12 47058.801 1298.4349 0 0 0 0 0 0 0 0 0 0 0 11890.952 0 0 0 0 0 0 10871.737 0 0 0 0 0 0 0 0 0 0 0 0 0 0 0 0 0 0 0 0 0 0 0 0 0 0 0 0 0 0 0 0 0 
0 0 0 0 0 0 0 0 0 0 0 0 0 0 0 0 0 0 0 0 0 0 0 0 0 0 0 0 0 0 0 0 0 0 0 0 0 0 0 0 0 0 0 0 0 0 24151.109 0 0 0 5109.4417 0 1659.733 0 0 0 0 0 0 0 0 0 0 0 0 0 0 0 0 0 0 0 0 0 0 0 0 0 0 0 0 0 0 0 0 0 0 0 0 0 0 0 0 0 0 0 0 0 0 0 
0 0 0 0 0 0 0 0 0 0 0 0 0 0 0 0 0 0 0 0 0 0 0 0 0 0 0 0 0 0 0 0 0 0 0 0 0 0 0 0 0 0 0 0 0 0 0 0 0 0 0 0 0 0 0 0 0 0 0 0 0 0 0 0 0 0 0 0 0 0 0 0 0 0 0 0 0 0 0 0 0 0 0 0 0 0 0 0 0 0 0 0 0 0 0 0 0 0 0 0 
0 0 0 0 0 0 0 0 0 0 0 0 0 0 0 0 0 0 0 0 0 0 0 0 0 0 0 0 0 0 0 0 0 0 0 0 0 0 0 0 0 0 0 0 0 0 0 0 0 0 0 0 0 0 0 0 0 0 0 0 0 0 0 0 0 0 0 0 0 0 0 0 0 0 0 0 0 0 0 0 0 0 0 0 0 0 0 0 0 0 0 0 0 0 0 0 0 0 0 0 
0 0 0 0 0 0 0 0 0 0 0 0 0 0 0 0 0 0 0 0 0 0 0 0 0 0 0 0 0 0 0 0 0 0 0 0 0 0 0 0 0 0 0 0 0 0 0 0 0 0 0 0 0 0 0 0 0 0 5537.7007 0 0 0 0 0 0 0 0 0 0 0 0 0 0 0 0 0 0 0 0 0 0 0 0 0 0 0 0 0 0 0 0 0 0 0 0 0 0 0 0 0 
0 0 0 0 0 0 0 0 0 0 0 0 0 0 0 0 0 0 0 0 0 0 0 0 0 0 0 0 0 0 0 0 0 0 0 0 0 0 0 0 0 0 0 0 0 0 0 0 0 0 0 0 0 0 0 0 0 0 0 20462.299 0 0 0 0 0 0 0 0 0 0 0 0 0 0 0 0 0 0 0 0 0 0 0 0 0 0 0 0 0 0 0 0 0 0 0 0 0 0 0 0 
0 0 0 0 0 0 0 0 0 0 0 0 0 0 0 0 0 0 0 0 0 0 0 0 0 0 0 0 0 0 0 0 0 0 0 0 0 0 0 0 0 0 0 0 0 0 0 0 0 0 0 0 0 0 0 0 0 0 0 0 0 0 0 0 0 0 0 0 0 0 0 0 0 0 0 0 0 0 0 0 0 0 0 0 0 0 0 0 0 0 0 0 0 0 0 0 0 0 0 0 
0 0 18749.773 40453.899 30165.209 4636.7426 0 0 0 0 0 0 0 0 0 0 0 0 0 0 0 0 0 0 0 0 0 0 0 0 0 0 0 0 0 0 0 0 0 0 0 0 0 0 0 0 0 0 0 0 0 0 0 0 0 0 0 0 0 0 0 0 0 0 0 0 0 0 0 0 0 0 0 0 0 0 0 0 0 0 0 0 0 0 0 0 0 0 0 0 0 0 0 0 0 0 0 0 0 0 
0 0 0 0 -4.5474735e-12 28365.677 2090.999 0 0 0 0 0 0 0 0 0 0 0 0 0 0 0 0 0 0 0 0 0 0 0 0 0 0 0 0 0 0 0 0 0 0 0 0 0 0 0 0 0 0 0 0 0 0 0 0 0 0 0 0 0 0 0 0 0 0 0 0 0 0 0 0 0 0 0 0 0 0 0 0 0 0 0 0 0 0 0 0 0 0 0 0 0 0 0 0 0 0 0 0 0 
0 0 0 0 0 0 5537.7007 0 0 0 0 0 0 0 0 0 0 0 0 0 0 0 0 0 0 0 0 0 0 0 0 0 0 0 0 0 0 0 0 0 0 0 0 0 0 0 0 0 0 0 0 0 0 0 0 0 0 0 0 0 0 0 0 0 0 0 0 0 0 0 0 0 0 0 0 0 0 0 0 0 0 0 0 0 0 0 0 0 0 0 0 0 0 0 0 0 0 0 0 0 
0 0 0 0 0 0 0 0 0 0 0 0 0 0 0 0 0 0 0 0 0 0 0 0 0 0 0 0 0 0 0 0 0 0 0 0 0 0 0 0 0 0 0 0 0 0 0 0 0 0 0 0 0 0 0 0 0 0 0 0 0 0 0 0 0 0 0 0 0 0 0 0 0 0 0 0 0 0 0 0 0 0 0 0 0 0 0 0 0 0 0 0 0 0 0 0 0 0 0 0 
0 0 0 0 0 0 0 0 0 0 0 0 0 0 0 0 0 0 0 0 0 0 0 0 0 0 0 0 0 0 0 0 0 0 0 0 0 0 0 0 0 0 0 0 0 0 0 0 0 0 0 0 0 0 0 0 0 0 0 0 0 0 0 0 0 0 0 0 0 0 0 0 0 0 0 0 0 0 0 0 0 0 0 0 0 0 0 0 0 0 0 0 0 0 0 0 0 0 0 0 
0 0 0 0 0 0 0 0 0 0 0 0 0 0 0 0 0 0 0 0 0 0 0 0 0 0 0 0 0 0 0 0 0 0 0 0 0 0 0 0 0 0 0 0 0 0 0 0 0 0 0 0 0 0 0 0 0 0 0 0 0 0 0 0 0 0 0 0 0 0 0 0 0 0 0 0 0 0 0 0 0 0 0 0 0 0 0 0 0 0 0 0 0 0 0 0 0 0 0 0 
0 0 0 0 0 0 0 0 0 0 0 0 0 0 0 0 0 0 0 0 0 0 0 0 0 0 0 0 0 0 0 0 0 0 0 0 0 0 0 0 0 0 0 0 0 0 0 0 0 0 0 0 0 0 0 0 0 0 0 0 0 0 0 0 0 0 0 0 0 0 0 0 0 0 0 0 0 0 0 0 0 0 0 0 0 0 0 0 0 0 0 0 0 0 0 0 0 0 0 0 
0 0 0 0 0 0 0 0 0 0 0 0 0 0 0 0 0 0 0 0 0 0 0 0 0 0 0 0 0 0 0 0 0 0 0 0 0 0 0 0 0 0 0 0 0 0 0 0 0 0 0 0 0 0 0 0 0 0 0 0 0 0 0 0 0 0 0 0 0 0 0 0 0 0 0 0 0 0 0 0 0 0 0 0 0 0 0 0 0 0 0 0 0 0 0 0 0 0 0 0 
0 0 0 0 0 0 0 0 0 0 0 0 0 0 0 0 0 0 0 0 0 0 0 0 0 0 0 0 0 0 0 0 0 0 0 0 0 0 0 0 0 0 0 0 0 0 0 0 0 0 0 0 0 0 0 0 0 0 0 0 0 0 0 0 0 0 0 0 0 0 0 0 0 0 0 0 0 0 0 0 0 0 0 0 0 0 0 0 0 0 0 0 0 0 0 0 0 0 0 0 
0 0 0 0 0 0 0 0 0 0 0 0 0 0 0 0 0 0 0 0 0 0 0 0 0 0 0 0 0 0 0 0 0 0 0 0 0 0 0 0 0 0 0 0 0 0 0 0 0 0 0 0 0 0 0 0 0 0 0 0 0 0 0 0 0 0 0 0 0 0 0 0 0 0 0 0 0 0 0 0 0 0 0 0 0 0 0 0 0 0 0 0 0 0 0 0 0 0 0 0 
0 0 0 0 0 0 0 0 0 0 0 0 0 0 0 0 0 0 0 0 0 0 0 0 0 0 0 0 0 0 0 0 0 0 0 0 0 0 0 0 0 0 0 0 0 0 0 0 0 0 0 0 0 0 0 0 0 0 0 0 0 0 0 0 0 0 0 0 0 0 0 0 0 0 0 0 0 0 0 0 0 0 0 0 0 0 0 0 0 0 0 0 0 0 0 0 0 0 0 0 
0 0 0 0 0 0 0 0 0 0 0 0 0 0 0 0 0 0 0 0 0 0 0 0 0 0 0 0 0 0 0 0 0 0 0 0 0 0 0 0 0 0 0 0 0 0 0 0 0 0 0 0 0 0 0 0 0 0 0 0 0 0 0 0 0 0 0 0 0 0 0 0 0 0 0 0 0 0 0 0 0 0 0 0 0 0 0 0 0 0 0 0 0 0 0 0 0 0 0 0 
0 0 0 0 0 0 0 0 0 0 0 0 0 0 0 0 0 0 0 0 0 0 0 0 0 0 0 0 0 0 0 0 0 0 0 0 0 0 0 0 0 0 0 0 0 0 0 0 0 0 0 0 0 0 0 0 0 0 0 0 0 0 0 0 0 0 0 0 0 0 0 0 0 0 0 0 0 0 0 0 0 0 0 0 0 0 0 0 0 0 0 0 0 0 0 0 0 0 0 0 
0 0 0 0 0 0 0 0 0 0 0 0 0 0 0 0 0 0 0 0 0 0 0 0 0 0 0 0 0 0 0 0 0 0 0 0 0 0 0 0 0 0 0 0 0 0 0 0 0 0 0 0 0 0 0 0 0 0 0 0 0 0 0 0 0 0 0 0 0 0 0 0 0 0 0 0 0 0 0 0 0 0 0 0 0 0 0 0 0 0 0 0 0 0 0 0 0 0 0 0 
0 0 0 0 0 0 0 0 0 0 0 0 0 0 0 0 0 0 0 0 0 0 0 0 0 0 0 0 0 0 0 0 0 0 0 0 0 0 0 0 0 0 0 0 0 0 0 0 0 0 0 0 0 0 0 0 0 0 0 0 0 0 0 0 0 0 0 0 0 0 0 0 0 0 0 0 0 0 0 0 0 0 0 0 0 0 0 0 0 0 0 0 0 0 0 0 0 0 0 0 
0 0 0 0 0 0 0 0 0 0 0 0 0 0 0 0 0 0 0 0 0 0 0 0 0 0 0 0 0 0 0 0 0 0 0 0 0 0 0 0 0 0 0 0 0 0 0 0 0 0 0 0 0 0 0 0 0 0 0 0 0 0 0 0 0 0 0 0 0 0 0 0 0 0 0 0 0 0 0 0 0 0 0 0 0 0 0 0 0 0 0 0 0 0 0 0 0 0 0 0 
0 0 0 0 0 0 0 0 0 0 0 0 0 0 0 0 0 0 0 0 0 0 0 0 0 0 0 0 0 0 0 0 0 0 0 0 0 0 0 0 0 0 0 0 0 0 0 0 0 0 0 0 0 0 0 0 0 0 0 0 0 0 0 0 0 0 0 0 0 0 0 0 0 0 0 0 0 0 0 0 0 0 0 0 0 0 0 0 0 0 0 0 0 0 0 0 0 0 0 0 
0 0 0 0 0 0 0 0 0 0 0 0 0 0 0 0 0 0 0 0 0 0 0 0 0 0 0 0 0 0 0 0 0 0 0 0 0 0 0 0 0 0 0 0 0 0 0 0 0 0 0 0 0 0 0 0 0 0 0 0 0 0 0 0 0 0 0 0 0 0 0 0 0 0 0 0 0 0 0 0 0 0 0 0 0 0 0 0 0 0 0 0 0 0 0 0 0 0 0 0 
0 0 0 0 0 0 0 0 0 0 0 0 0 0 0 0 0 0 0 0 0 0 0 0 0 0 0 0 0 0 0 0 0 0 0 0 0 0 0 0 0 0 0 0 0 0 0 0 0 0 0 0 0 0 0 0 0 0 0 0 0 0 0 0 0 0 0 0 0 0 0 0 0 0 0 0 0 0 0 0 0 0 0 0 0 0 0 0 0 0 0 0 0 0 0 0 0 0 0 0 
0 0 0 0 0 0 0 0 0 0 0 0 0 0 0 0 0 0 0 0 0 0 0 0 0 0 0 0 0 0 0 0 0 0 0 0 0 0 0 0 0 15174.693 20639.599 0 0 0 0 0 0 0 0 0 0 0 0 0 0 0 0 0 0 0 0 0 0 0 0 0 0 0 0 0 0 0 0 0 0 0 0 0 0 0 0 0 0 0 0 0 0 0 0 0 0 0 0 0 0 0 0 0 
0 0 0 0 0 0 0 0 0 0 0 0 0 14769.144 17041.218 0 0 0 0 0 0 0 0 0 0 0 0 0 0 0 0 0 0 0 0 0 0 0 0 0 0 41440.25 0 0 0 0 0 0 0 0 0 0 0 0 0 0 0 0 0 0 0 0 0 0 0 0 0 0 0 0 0 0 0 0 0 0 0 0 0 0 0 0 0 0 0 0 0 0 0 0 0 0 0 0 0 0 0 0 0 0 
0 0 0 0 0 0 0 0 0 0 0 0 0 0 50403.198 3108.8158 0 0 0 0 0 0 0 0 0 0 0 0 0 0 0 0 0 0 0 0 0 0 0 0 7.2759576e-12 29466.261 30050.997 0 0 0 0 0 0 0 0 0 0 0 0 0 0 0 0 0 0 0 0 0 0 0 0 0 0 0 0 0 0 0 0 0 0 0 0 0 0 0 0 0 0 0 0 0 0 0 0 0 0 0 0 0 0 0 0 0 
0 0 0 0 0 0 0 0 0 0 0 0 0 0 25490.801 17846.874 0 0 0 0 0 0 0 0 0 0 0 0 0 0 0 0 0 0 0 0 0 0 0 0 0 5537.7007 30677.496 0 0 0 0 0 0 0 0 0 0 0 0 0 0 0 0 0 0 0 0 0 0 0 0 0 0 0 0 0 0 0 0 0 0 0 0 0 0 0 0 0 0 0 0 0 0 0 0 0 0 0 0 0 0 0 0 0 
0 0 0 0 0 0 0 0 0 0 0 0 0 0 0 46871.973 0 0 0 0 0 0 0 0 0 0 0 0 0 0 0 0 0 0 0 0 0 0 0 0 0 0 37392.461 0 0 0 0 0 0 0 0 0 0 0 0 0 0 0 0 0 0 0 0 0 0 0 0 0 0 0 0 0 0 0 0 0 0 0 0 0 0 0 0 0 0 0 0 0 0 0 0 0 0 0 0 0 0 0 0 0 
0 0 0 0 0 0 0 0 0 0 0 0 0 0 0 37349.011 0 0 0 0 0 0 0 0 0 0 0 0 0 0 0 0 0 0 0 0 0 0 0 0 0 23620.542 0 0 0 5537.7007 0 0 0 0 0 0 0 0 0 0 0 0 0 0 0 0 0 0 0 0 0 0 0 0 0 0 0 0 0 0 0 0 0 0 0 0 0 0 0 0 0 0 0 0 0 0 0 0 0 0 0 0 0 0 
0 0 0 0 0 0 0 0 0 0 0 0 0 0 0 40910.836 0 0 0 0 0 0 0 0 0 0 0 0 0 0 0 0 0 0 0 0 0 0 0 0 0 0 0 0 0 0 24377.985 0 0 0 0 0 0 0 0 0 0 0 0 0 0 0 0 0 0 0 0 0 0 0 0 0 0 0 0 0 0 0 0 0 0 0 0 0 0 0 0 0 0 0 0 0 0 0 0 0 0 0 0 0 
0 0 0 0 0 0 0 0 0 0 0 0 0 0 0 3.6379788e-12 45976.892 1630.8632 0 0 0 4655.9191 0 2610.226 4366.4282 1170.2097 0 0 0 0 0 0 18749.773 446.65061 0 0 0 0 0 0 0 0 0 0 0 0 0 22084.315 0 0 0 0 0 0 0 0 0 0 0 0 0 0 0 0 0 0 0 0 0 0 0 0 23620.542 0 0 0 0 0 0 0 0 0 0 0 0 0 0 0 0 0 0 0 0 0 0 0 0 0 0 0 
0 0 0 0 0 0 0 0 0 0 0 0 0 0 0 3.6379788e-12 1.8189894e-12 43263.535 3649.7764 0 0 0 -3.6379788e-12 -3.6379788e-12 58139.413 19966.176 0.078414081 32027.946 156745.28 35641.581 0.055933855 32682.113 25277.159 1643.8424 8.6482526 0 0 0 0 0 0 0 0 0 0 0 0 0 0 0 0 0 0 0 0 0 0 0 0 0 0 0 0 0 0 0 0 0 22084.315 0 0 0 2379.4581 0 0 0 0 0 0 0 0 0 0 0 0 0 0 0 0 0 0 0 0 0 0 0 0 0 0 0 
0 0 0 0 0 0 0 0 0 0 0 0 0 0 0 0 0 41492.348 41096.095 3304.8592 23852.627 14039.083 -7.2759576e-12 3.6379788e-12 24722.481 4.0927262e-12 -1.0913936e-11 44271.006 125231.4 100232.29 0.12036118 37092.704 203957.88 47896.614 0 0 0 0 0 0 0 0 0 0 0 0 0 0 0 0 0 0 0 0 0 0 0 0 0 0 0 0 0 0 0 0 0 6558.8672 24144.782 0 0 0 14109.048 0 0 0 0 0 0 0 0 0 0 0 0 0 0 0 0 0 0 0 0 0 0 0 0 0 0 0 
0 0 0 0 0 0 0 0 0 0 0 0 0 0 0 0 0 0 26000 3777.1117 -3.6379788e-12 1.0913936e-11 7.2759576e-12 1.0913936e-11 -7.2759576e-12 1.4551915e-11 0.020814038 5.5422333e-13 62104.105 5414.2058 4543.4407 15663.116 32971.872 41831.185 84.968027 36.30891 0 0 0 0 0 0 0 0 0 0 0 0 0 0 0 0 0 0 0 0 0 0 0 0 0 0 0 0 0 0 0 17935.876 33379.841 0 0 0 0 19141.18 0 0 0 0 0 0 0 0 0 0 0 0 0 0 0 0 0 0 0 0 0 0 0 0 0 0 
0 0 0 0 0 0 0 0 0 0 0 0 0 0 0 0 0 0 0 -3.6379788e-12 -7.2759576e-12 -3.6379788e-12 7.2759576e-12 0 1.4551915e-11 -7.2759576e-12 0.028090572 0.024575733 20162.493 13037.005 12029.851 25730.921 21218.448 48552.161 17928.128 12263.865 3.9504552 0 0 0 0 0 0 0 0 0 0 0 0 0 0 0 0 0 0 0 0 0 0 0 0 0 0 0 0 0 0 0 18404.415 7491.9042 0 0 0 0 22665.458 22084.315 0 24651.732 0 0 24151.109 0 0 0 0 0 0 0 0 0 0 0 0 0 0 0 0 0 0 0 
0 0 0 0 0 0 0 0 0 0 0 0 0 0 0 0 0 0 0 0 0 3.6379788e-12 0 -1.0913936e-11 0.031199564 0.032343936 0.034057915 0.078597558 28286.298 19116.648 1275.6544 30051.653 48631.147 16149.039 12017.175 2211.1642 33.650145 0 0 0 0 0 0 0 0 0 0 0 0 0 0 0 0 0 0 0 0 0 0 0 0 0 0 0 0 0 0 0 0 0 0 0 0 0 0 0 0 0 25549.032 27196.663 0 0 0 0 0 0 0 0 0 0 0 0 0 0 0 0 0 0 0 0 
0 0 0 0 0 0 0 0 0 0 0 0 0 0 0 0 0 0 0 0 0 -3.6379788e-12 0 0 0.030089285 -1.4551915e-11 0 -7.2759576e-12 24651.732 32896.036 5232.2905 12603.95 8343.8087 1049.7708 1464.4927 0 0 0 0 0 0 0 0 0 0 0 0 0 0 0 0 0 0 0 0 0 0 0 0 0 0 0 0 0 0 0 0 0 0 0 0 0 0 0 0 0 0 0 0 1458.9301 0 0 0 0 0 0 0 0 0 0 0 0 0 0 0 0 0 0 0 0 
0 0 0 0 0 0 0 0 0 0 0 0 0 0 0 0 0 0 0 0 -3.6379788e-12 3.6379788e-12 3.6379788e-12 7.2759576e-12 0.011562437 0.026824606 0 0 0 49002.864 45934.016 24838.377 14078.367 23235.914 37885.313 0 0 0 0 0 0 0 0 0 0 0 0 0 0 0 0 0 0 0 0 0 0 0 0 0 0 0 0 0 0 0 0 0 0 0 0 0 0 0 0 0 0 0 0 0 200.80291 0 0 0 0 0 0 0 0 0 0 0 0 0 0 0 0 0 0 0 
0 0 0 0 0 0 0 0 0 0 0 0 0 0 0 0 0 0 7.2759576e-12 0 -3.6379788e-12 0 -7.2759576e-12 -1.0913936e-11 0 0 1.0913936e-11 -2.5465852e-11 -3.6379788e-12 40370.864 16340.016 150569.34 1144.6907 1563.1704 3112.9023 0 0 0 0 0 26000 0 0 0 0 0 0 0 0 0 0 0 0 0 0 0 0 0 0 0 0 0 0 0 0 0 0 0 0 0 0 0 0 0 0 0 0 0 0 0 0 0 0 0 0 0 0 0 0 0 0 0 0 0 0 0 0 0 0 0 
0 0 0 0 0 0 0 0 0 0 0 0 0 0 0 0 0 0 -3.6379788e-12 7.2759576e-12 -3.6379788e-12 7.2759576e-12 0 0 0 0 3.6379788e-12 0.0063634205 0.03547494 43494.938 7110.2381 14376.58 125474.11 30334.115 9980.7925 100.08929 0 0 0 0 0 0 0 0 0 0 0 0 0 0 0 0 0 0 0 0 0 0 0 0 0 0 0 0 0 0 0 0 0 0 0 0 0 0 0 0 0 0 0 0 0 0 0 0 0 0 0 0 0 0 0 0 0 0 0 0 0 0 0 0 
0 0 0 0 0 0 0 0 0 0 0 0 0 0 0 0 0 0 0 0 0 -1.0913936e-11 0 7.2759576e-12 -7.2759576e-12 -3.6379788e-12 0 -1.0913936e-11 0.093058306 26000 17494.938 7766.5853 0 15925.673 0 140817.04 24354.526 6753.7554 763.72374 0 0 0 0 0 0 0 0 0 0 0 0 0 0 0 0 0 0 0 0 0 0 0 0 0 0 0 0 0 11890.952 0 0 0 0 0 0 0 0 0 0 0 0 0 0 0 0 0 0 0 0 0 0 0 0 0 0 0 0 0 0 0 
0 0 0 0 0 0 0 0 0 0 0 0 0 0 0 0 0 0 0 0 0 -3.6379788e-12 0 -3.6379788e-12 3.6379788e-12 -3.6379788e-12 -7.2759576e-12 0 -7.2759576e-12 0.073034628 0.077155769 18508.125 0.022785184 0.080795846 13000 16941.588 12696.065 2318.0335 108305.35 21151.525 18459.627 0.12322864 0 0 0 0 0 0 0 0 0 0 0 0 0 0 0 0 0 0 0 0 0 0 0 0 0 0 0 14109.048 0 0 0 0 0 0 0 0 0 0 0 0 0 0 0 0 0 0 0 0 0 0 0 0 0 0 0 0 0 0 
0 0 0 0 0 0 0 0 0 0 0 0 0 0 0 0 0 0 0 0 0 0 0 3.6379788e-12 0 -3.6379788e-12 0 7.2759576e-12 -3.6379788e-12 0.050322356 0.03613567 21735.557 0.03370492 0.032529137 13000 7819.9979 14996.32 7529.5963 18636.975 15700.321 136576.45 0 0 0 0 0 0 0 0 0 0 0 0 0 0 0 0 0 0 0 0 0 0 0 0 0 0 0 0 0 0 0 0 0 0 0 0 0 0 0 0 0 34397.061 0 0 0 0 0 0 0 0 0 0 0 0 0 0 0 0 0 
0 0 0 0 0 0 0 0 0 0 0 0 0 0 0 0 0 0 0 3.6379788e-12 3.6379788e-12 0 0 0 0 0 0 -3.6379788e-12 3.6379788e-12 0 0.086870371 0.086026223 0.060475299 13000.044 84116.967 41427.107 0 24541.126 0 16073.03 11634.624 160478.45 197.77933 0 0 0 0 0 0 0 0 0 0 0 0 0 0 0 0 0 0 0 0 0 0 0 0 0 0 0 0 0 0 0 0 0 0 0 0 0 0 0 41747.198 0 0 0 0 0 0 0 0 0 0 0 0 0 0 0 0 0 
0 0 0 0 0 0 0 0 0 0 0 0 0 0 0 0 0 0 0 0 3.6379788e-12 3.6379788e-12 0 0 -3.6379788e-12 7.2759576e-12 0 0.032805212 -3.6379788e-12 -7.2759576e-12 0.084562368 0.13264552 0.13928722 29028.866 60435.818 15771.172 0 0.21855922 18565.684 812.72059 1680.9449 26331.335 143555.23 147.12843 0 0 0 0 0 0 0 0 0 0 0 0 0 0 0 0 0 0 0 0 0 0 0 0 0 0 0 0 0 0 0 0 0 0 0 0 1152.57 0 20991.899 0 0 0 0 0 0 0 0 0 0 0 0 0 0 0 0 0 
0 0 0 0 0 0 0 0 0 0 0 0 0 0 0 0 0 0 0 0 3.6379788e-12 0 3.6379788e-12 3.6379788e-12 0 -3.6379788e-12 0 -3.6379788e-12 0.057886962 0.032422729 0.010571679 0.1370376 0.033308111 31936.842 38039.129 24639.383 1902.5161 22636.968 38981.124 14696.245 120514.85 577.13543 0 0 0 0 0 0 0 0 0 0 0 0 0 0 0 0 0 0 0 0 0 0 0 0 0 0 0 0 0 0 0 0 0 0 0 0 0 0 0 638.34811 5072.9242 0 0 0 0 5537.7007 0 0 0 0 0 0 0 0 0 0 0 0 
0 0 0 0 0 0 0 0 0 0 0 0 0 0 0 0 0 0 0 3.6379788e-12 -3.6379788e-12 3.6379788e-12 0 0 0 -3.6379788e-12 0.10456539 0 -3.6379788e-12 0.010943363 0.10457694 0.039697297 0.06135912 57928.745 77982.594 40474.811 12948.412 153956.67 0 90.979497 0 0 0 0 0 0 0 0 0 0 0 0 0 0 0 0 0 0 0 0 0 0 0 0 0 0 0 0 0 0 0 0 0 0 0 0 0 0 0 0 791.73112 0 0 0 0 0 0 0 0 -3.6379788e-12 0 0 0 0 0 0 0 0 0 0 
0 0 0 0 0 0 0 0 0 0 0 0 0 0 0 0 0 0 0 0 3.6379788e-12 0 0.029695943 0 7.2759576e-12 0 0.052910579 0.3431269 0.37663972 0.30572526 0.32732989 0.064827524 0.45721189 142728.61 182862.18 135329.14 616413.29 371277.24 0 19.524854 0 0 0 0 0 0 0 0 0 0 0 0 0 0 0 0 0 0 0 0 0 0 0 0 0 0 0 0 0 0 0 0 0 0 0 0 0 0 0 0 0 0 0 0 8032.0208 0 0 1429.4559 3.6379788e-12 -3.6379788e-12 0 0 0 23230.976 0 0 0 0 0 0 
0 0 0 0 0 0 0 0 0 0 0 0 0 0 0 0 0 5537.7007 0 0 0 3.6379788e-12 3.6379788e-12 0.02379647 0.13337102 0.019309305 0.19505684 0.20135664 0.10997173 0.360938 0.41938002 0.50958185 21977.74 29250.587 25705.684 18590.076 107079.33 713983.72 33398.521 0 0 0 0 0 0 0 0 0 0 0 0 0 0 0 0 0 0 0 0 0 0 0 0 0 0 0 0 0 0 0 0 0 0 0 0 0 0 0 0 791.88461 0 9914.4962 6709.2056 8032.0208 3.6379788e-12 0 0 18900.987 66463.893 61352.906 1.8189894e-12 0 0 3.4106051e-13 0 0 0 0 0 0 
0 0 0 0 0 0 0 0 0 0 0 0 0 0 0 0 0 0 0 -3.6379788e-12 0 0 0 0.0054120575 0.12929306 0.068139698 0.12008151 0.1993983 0.067908922 0.086301058 0.084175833 0.041987082 20507.909 11970.954 10498.172 12002.457 12726.253 109314.61 330537.88 0 0 0 0 0 0 0 0 0 0 0 0 0 0 0 0 0 0 0 0 0 0 0 0 0 0 0 0 0 0 0 0 0 0 0 0 0 0 0 68.181071 364.80259 1646.2374 2908.3088 0 0 38905.739 19479.399 33890.128 17942.987 22551.472 138483.21 79318.847 -3.6379788e-12 0 0 0 0 0 0 0 0 
0 0 0 0 0 0 0 0 0 0 0 0 0 0 0 0 0 0 0 3.6379788e-12 0.00040019329 0.050825194 1.0913936e-11 0.0097114134 7.2759576e-12 -3.6379788e-12 3.6379788e-12 -7.2759576e-12 -1.0913936e-11 -7.2759576e-12 7.2759576e-12 0.036044507 25060.557 28052.644 13144.595 11277.164 15951.302 91157.944 230.88525 0 0 0 0 0 0 0 0 0 0 0 0 0 0 0 0 0 0 0 0 0 0 0 0 0 0 0 0 0 0 0 0 0 0 0 0 0 0 5129.9821 929.16137 0 0 3.6379788e-12 -3.6379788e-12 0 9046.609 12919.642 428.54191 2773.732 19310.091 61994.515 46708.905 -3.6379788e-12 0 0 20803.868 0 0 0 0 0 
0 0 0 0 0 0 0 0 0 0 0 0 0 0 0 0 0 3915.6854 0 0 0.002133027 0.02045801 -3.6379788e-12 3.6379788e-12 -1.8189894e-11 7.2759576e-12 -7.2759576e-12 1.4551915e-11 1.0913936e-11 2.5465852e-11 2.1827873e-11 -3.6379788e-12 41972.39 18525.58 69051.855 23839.284 2026.4382 5.4803401 4.5449716 0 0 0 0 0 0 0 0 0 0 0 0 0 0 0 0 0 0 0 0 0 0 0 0 0 0 0 0 0 0 0 0 0 0 0 10600.529 0 7361.0273 600.43232 2888.21 0 13329.42 3.6379788e-12 -7.2759576e-12 -3.6379788e-12 345.73075 0 1082.7434 25125.184 0 -1.8189894e-12 0 0 0 0 26931.652 0 0 0 0 0 
0 0 0 0 0 0 0 0 0 0 0 0 0 0 0 0 0 0 0 0 0 7.2759576e-12 -7.2759576e-12 3.6379788e-12 0 -3.6379788e-12 3.6379788e-12 3.6379788e-12 0 -3.6379788e-12 3.6379788e-12 1.4551915e-11 24151.109 3362.3203 4.9178006 2.2737368e-12 4.3236525e-12 23200.818 52320.301 7566.6038 0 0 0 0 0 0 0 0 0 0 0 0 0 0 0 0 0 0 0 0 0 0 0 0 0 0 0 0 0 0 0 0 0 1674.8247 0 25294.489 157.15587 1089.8327 7451.7101 948.61302 28293.034 73184.099 10871.737 3.6379788e-12 0 24.791336 25301.044 0 3.6379788e-12 0 0 0 0 0 0 0 0 0 0 0 
0 0 0 0 0 0 0 0 0 0 0 0 0 0 0 0 0 0 0 0 0 -3.6379788e-12 1.4551915e-11 -7.2759576e-12 -1.4551915e-11 0 7.2759576e-12 0 -3.6379788e-12 3.6379788e-12 -7.2759576e-12 9.094947e-12 4149.9329 5503.9814 3.126388e-12 1.3073986e-12 1.3216095e-12 29074.381 39516.18 2308.9773 0 0 0 0 0 0 0 0 0 0 0 0 0 0 0 0 0 0 0 0 0 0 0 0 0 0 0 0 0 0 0 0 0 0 0 0 62.146887 27.800526 69.246761 0 7131.5725 65.233483 53767.768 47586.539 0 25483.802 24353.957 0 3.6379788e-12 0 0 0 0 0 0 4264.4804 0 0 0 0 
0 0 0 0 0 0 0 0 0 0 0 0 0 0 0 0 0 0 0 24151.109 0 -3.6379788e-12 -3.6379788e-12 3.6379788e-12 -3.6379788e-12 -1.0913936e-11 7.2759576e-12 3.6379788e-12 0 -7.2759576e-12 -3.6379788e-12 -3.6379788e-12 1.8189894e-12 -4.5474735e-12 84694.457 0 12004.548 8483.6936 54312.238 5283.1949 1304.5209 0 0 0 0 0 0 0 22863.813 0 0 0 0 0 0 0 0 0 0 0 0 0 0 0 0 0 0 0 0 0 0 0 0 0 0 0 0 0 0 0 0 248.10833 0 45460.498 49416.705 0 24340.267 3.6379788e-12 -3.6379788e-12 3.6379788e-12 0 0 0 0 0 0 0 0 0 0 
0 0 0 0 0 0 0 0 0 0 0 0 0 0 0 0 0 0 0 0 0 0 3.6379788e-12 -3.6379788e-12 0 0 0 3.6379788e-12 -3.6379788e-12 3.6379788e-12 7.2759576e-12 0 0 0 25125.184 0 0 71594.297 122492.22 0 603.57403 0 0 0 0 0 0 22517.014 3136.1868 0 0 0 0 0 0 0 0 0 0 0 0 0 0 0 0 0 0 0 0 0 0 0 0 0 0 0 0 0 0 0 0 6902.0531 0 65848.641 0 0 23873.454 3.6379788e-12 -7.2759576e-12 0 0 0 0 0 0 0 0 0 0 0 
0 0 0 0 0 0 0 0 0 0 0 0 0 0 0 0 0 0 0 0 0 0 0 0 0 0 0 7.2759576e-12 3.6379788e-12 0 0.039679702 0 0 0 25125.184 0 0 51396.426 188252.84 0 10.154577 0 0 0 0 0 7.2759576e-12 21098.989 15166.962 0 0 0 0 0 0 0 0 0 0 0 0 0 0 0 0 0 0 0 0 0 0 0 0 0 0 0 0 0 0 0 109.02711 9684.2011 23946.702 1788.306 16971.198 -1.1368684e-12 27031.19 0 0 0 0 0 0 0 0 0 0 0 0 0 
0 0 0 0 0 0 0 0 0 0 0 0 0 0 0 0 0 0 0 0 0 0 3.6379788e-12 0 7.2759576e-12 0 0 0 -7.2759576e-12 3.6379788e-12 3.6379788e-12 0.028940238 0.0035152277 2.2737368e-12 3.1832315e-12 0 0 17564.895 46342.284 0 0.19044643 0 0 0 0 0 3.6379788e-12 45937.128 0 0 0 0 0 0 0 0 0 0 0 0 0 0 0 0 0 0 0 0 0 0 0 0 0 0 0 0 0 0 0 0 14132.916 39687.366 38839.045 17125.676 1350.3293 25967.436 27171.554 0 -3.6379788e-12 0 0 0 0 0 0 0 0 0 0 0 
0 0 0 0 0 0 0 0 0 0 0 0 0 0 0 0 0 0 0 0 0 0 -3.6379788e-12 0 0 -3.6379788e-12 3.6379788e-12 -7.2759576e-12 3.6379788e-12 3.6379788e-12 3.6379788e-12 -3.6379788e-12 3.6379788e-12 0.004025636 0.0038457657 21118.97 9579.1782 17047.198 34241.654 179917.06 0.042432836 0 0 0 0 0 33740.019 12658.853 0 0 0 0 0 0 0 0 0 0 0 0 0 0 0 0 0 0 0 0 0 0 0 0 0 0 0 0 0 0 48928.541 19266.83 0 0 0 16470.56 0 23976.847 0 25550.297 0 0 0 0 0 0 0 0 0 0 0 0 
0 0 0 0 0 0 0 0 0 0 0 0 0 0 0 0 0 0 0 0 0 57749.448 0 0 0 0 3.6379788e-12 0 0 0.046927976 3.6379788e-12 -3.6379788e-12 0.020796363 7.2759576e-12 -3.6379788e-12 56189.247 -5.4569682e-12 30875.825 34232.429 133166.81 0 0 0 0 0 0 4881.0337 0 0 0 0 0 0 0 0 0 0 0 0 0 0 0 0 0 0 0 0 0 0 0 0 0 0 0 0 0 0 0 12327.765 8167.4403 3281.6139 0 0 8205.193 8080.5384 0 15099.061 0 24651.732 -7.2759576e-12 0 0 0 0 0 0 0 0 0 0 
0 0 0 0 0 0 0 0 0 0 0 0 0 0 0 0 0 0 0 0 5537.7007 20719.196 0 0 0 0 -3.6379788e-12 0 3.6379788e-12 0 0.085559231 0 0 0.011948734 0.0093673976 30780.789 11520.466 21062.572 49670.878 114332.63 0 0 0 0 0 24570.544 0 0 0 0 0 0 0 0 0 0 0 0 0 0 0 0 0 0 0 0 0 0 0 0 0 0 0 0 0 0 22084.315 0 0 0 7.1054274e-15 2.8421709e-14 0 -1.1368684e-13 0 308.53634 9.094947e-13 1348.2679 18068.157 -9.094947e-13 0 0 0 0 0 0 0 0 0 0 
0 0 0 0 0 0 0 0 0 0 0 0 0 0 0 0 0 0 0 0 0 0 0 -3.6379788e-12 0 0 3.6379788e-12 -3.6379788e-12 0 7.2759576e-12 0 0 0.10869112 0 28707.245 10793.939 22763.948 14534.746 34328.658 110309.56 0 0 0 0 0 26504.145 0 0 0 0 0 0 0 0 0 0 0 0 0 0 0 0 0 0 0 0 0 0 0 0 0 0 0 0 0 0 41672.159 0 0 0 23230.976 0 -2.2737368e-13 865.31772 207.09003 1.3642421e-12 3976.0945 10557.166 4090.9272 29378.018 7.2759576e-12 0 0 0 0 0 0 0 0 0 
0 0 0 0 0 0 0 0 0 0 0 0 0 0 0 0 0 0 0 0 0 3.6379788e-12 0 0 3.6379788e-12 0 0 7.2759576e-12 0 -7.2759576e-12 0 3.6379788e-12 0.068361118 0.080137372 21119.136 14349.126 19984.801 17242.296 143668.53 4945.3166 0 0 0 0 0 24570.544 0 0 0 0 0 0 0 0 0 0 0 0 0 0 0 0 0 0 0 0 0 0 0 0 0 0 0 0 4485.6536 9259.4993 46822.05 0.087781887 0.0026308407 0 -4.5474735e-13 -4.5474735e-13 -9.094947e-13 0 19008.495 143.49359 92.886265 7585.28 6559.6199 24756.829 3915.6854 -1.8189894e-12 0 0 0 0 0 0 0 0 
0 0 0 0 0 0 0 0 0 0 0 0 0 0 0 0 0 0 0 0 3.6379788e-12 0 0 0 -3.6379788e-12 0 7.2759576e-12 3.6379788e-12 3.6379788e-12 0 0 0 3.6379788e-12 0.071809494 1951.0062 33262.365 20838.506 41915.401 144717.19 0 0 0 0 0 1429.4559 0 0 0 0 0 0 0 0 0 0 0 0 0 0 0 0 0 0 0 0 0 0 0 0 0 0 0 0 0 7466.3846 32218.551 26154.602 0 0 1285.2149 5465.8655 0 0 0 747.68986 215.73536 0 529.10758 6787.1972 17755.204 2620.9314 16445.468 -3.6379788e-12 0 0 0 0 0 0 0 
0 0 0 0 0 0 0 0 0 0 0 0 0 0 0 0 0 0 0 0 7.2759576e-12 0 0 0 0 3.6379788e-12 0 0 -7.2759576e-12 0 0.022894907 0.029386949 0.019636657 0.050637307 29859.717 30004.156 27626.42 122472.08 47945.774 0 0 0 0 0 0 0 925.31129 0 0 0 0 0 0 0 0 0 0 0 0 0 0 0 0 0 0 0 0 0 0 0 0 0 0 0 3023.2628 44359.197 0 0 0 0 0 9054.8 0 0 42.124262 3465.1577 13061.801 4802.8461 6502.9889 16961.569 23502.783 9685.1004 36926.672 0 0 0 0 0 0 0 
0 0 0 0 0 0 0 0 0 0 0 0 0 0 0 0 0 0 0 0 0 0 0 -3.6379788e-12 3.6379788e-12 0 -7.2759576e-12 0 3.6379788e-12 3.6379788e-12 0.048220087 3.6379788e-12 -3.6379788e-12 0 40707.84 30976.259 23416.584 163459.4 0 0 0 0 0 0 0 0 0 0 0 0 0 0 0 0 0 0 0 0 0 0 0 0 0 19.716253 485.79237 0 10004.425 41247.785 0 0 0 0 0 0 0 73984.495 0 0 0 0 0 0 0 0 6340.8492 4472.152 31.699133 746.35502 45.526789 696.86666 3264.546 22349.104 34623.434 42461.762 0 0 0 0 0 0 
0 0 0 0 0 0 0 0 0 0 0 0 0 0 0 0 0 0 0 0 -3.6379788e-12 3.6379788e-12 3.6379788e-12 3.6379788e-12 -3.6379788e-12 3.6379788e-12 -3.6379788e-12 0 0 0 0 -1.4551915e-11 7.2759576e-12 27028.493 22523.16 24494.372 30177.725 140394.32 0 0 0 0 0 0 0 0 0 0 0 0 0 0 0 0 0 0 0 0 0 0 0 0 1387.1917 8547.6743 17677.194 12680.214 9913.3795 0 27792.93 31719.022 0 0 0 0 52265.291 24839.486 -3.6379788e-12 0 0 0 0 0 2136.8348 15409.944 7.5863897 0 976.29184 2625.6263 3942.9641 0 0 0 0 8127.2231 3915.6854 0 0 0 0 0 
0 0 0 0 0 0 0 0 0 0 0 0 0 0 0 0 0 0 0 0.0013671344 -3.6379788e-12 -7.2759576e-12 7.2759576e-12 0 0 -3.6379788e-12 0 -3.6379788e-12 7.2759576e-12 0 0 0.064261585 0 43800.126 100747.5 233312.61 137542.67 0 0 0 0 0 0 0 0 0 0 0 0 0 0 0 0 0 0 0 0 0 0 0 0 0 15928.953 0 47266.704 24744.859 0 5983.8997 6258.8748 9458.2523 41839.604 0 0 0 61446.439 0 0 0 0 0 0 0 3347.508 3.8041022 0 0 0 27.8336 4.6683281 0 0 0 0 0 22674.963 3325.037 0 0 0 0 
0 0 0 0 0 0 0 0 0 0 0 0 0 0 0 0 0 0 0 26000 -3.6379788e-12 -7.2759576e-12 3.6379788e-12 0 0 -3.6379788e-12 3.6379788e-12 3.6379788e-12 -3.6379788e-12 7.2759576e-12 0.11494802 0.44348041 0.60604816 132734.82 283727.36 35493.823 0 16793.576 4354.606 135.2277 4.2975077 0 0 0 0 0 0 0 0 0 0 0 0 0 0 0 0 0 0 0 0 0 0 0 0 13000 11065.881 -3.6379788e-12 24937.24 21861.157 21152.459 55286.987 0 0 28712.03 21595.777 0 -3.6379788e-12 0 0 0 0 16172.757 0 0 0 0 0 0 0 38753.075 0 0 0 0 0 0 0 0 0 
0 0 0 0 0 0 0 0 0 0 0 0 0 0 0 0 0 0 0 31087.997 0 0 0.042611237 0.014986261 -7.2759576e-12 0 0.043534048 0.035891931 0.07093803 0.31672835 0.047582755 0.25706699 0.34815642 142770.96 458399.05 1658048 62913.091 0.0017175168 13.788376 0 0 0 0 0 0 0 0 0 0 0 0 0 0 0 0 0 0 0 0 0 0 0 0 0 0 7.2759576e-12 -7.2759576e-12 0.0066453294 19216.467 22742.089 16145.242 0 12106.604 0 34881.986 18651.409 0 -3.6379788e-12 0 0.0076984963 0 3.6379788e-12 0 0 0 10429.349 0 0 8814.6248 12742.795 20229.097 0 0 0 0 0 0 0 0 0 
0 0 0 0 0 0 0 0 0 0 0 0 0 0 0 0 0 0 24651.732 0 0 0 -7.2759576e-12 0.0050534979 0.079018509 0.067158484 0.090341807 0.22070781 0.041264765 0.15019194 0.036394205 0.18959829 0.14702954 -3.2400749e-12 66716.766 228250.03 230396.25 34441.464 3565.9199 2337.2416 283.3696 0 0 0 0 0 0 0 0 0 0 0 0 0 0 0 0 0 0 0 0 0 0 0 0 0 0 0 -3.6379788e-12 22517.014 1.080025e-12 -1.1368684e-13 0 0 47236.405 -5.6843419e-14 0 -3.6379788e-12 0.010119529 0.039962801 0.014663845 3.6379788e-12 0.050542017 0 -3.6379788e-12 -3.6379788e-12 10335.199 -2.8421709e-14 15585.37 0 18738.993 0 0 0 -3.6379788e-12 0 0 0 0 0 
0 0 0 0 0 0 0 0 0 0 0 0 0 0 0 0 0 0 0 0 0 0 3.6379788e-12 0.0048702206 0.010869762 0.023622354 0.011030275 0.033654696 23755.687 8814.4001 5205.4348 0.046475429 0.018690247 0.0284788 28334.357 58662.997 21497.101 15430.836 41928.907 9149.9479 25994.666 0.46330874 0 0 0 0 0 0 0 0 0 0 0 0 0 0 0 0 0 0 0 0 0 0 0 0 0 0 -3.6379788e-12 4.5474735e-13 23752.573 13013.752 38679.406 3826.4718 5864.0509 22306.842 -1.8189894e-12 0.068924058 0.0086099594 0.0015906337 0.03273279 -3.6379788e-12 3.6379788e-12 7.2759576e-12 0 0 0 4977.6422 6713.7614 19295.063 15928.961 0 0.03042702 0 3.6379788e-12 0 -3.6379788e-12 0 0 0 
0 0 0 0 0 0 0 0 0 0 0 0 0 0 0 0 0 0 0 0 0 3.6379788e-12 0.037173389 0.04619718 0 0.014950605 0 7.2759576e-12 2.7284841e-12 27248.058 2.0463631e-12 -7.2759576e-12 1.4551915e-11 0.029949688 0.054166184 37616.792 23557.948 10881.273 173.67248 11381.638 11571.552 7880.2944 0 0 0 0 0 0 0 0 0 0 0 0 0 0 0 0 0 0 0 0 0 0 0 0 0 0 0 0 27537.578 40632.85 48054.555 31745.501 0 34705.075 36056.999 0.014780033 0.051287291 0.041159202 1.0913936e-11 -7.2759576e-12 0 7.2759576e-12 0 7.2759576e-12 0 -2.2737368e-13 9962.518 18302.408 3757.0255 26677.232 -7.2759576e-12 0 0 0.017964391 0 3.6379788e-12 0 0 
0 0 0 0 0 0 0 0 0 0 0 0 0 0 0 0 0 0 0 0 0 0.030330354 0.0044411926 0.024502054 0 0 0 3.6379788e-12 7.2759576e-12 9.094947e-13 3768.7231 14806.693 0.073014124 0.10476379 0.058657723 11869.756 16221.396 2116.584 89.642498 14318.487 10101.599 137.61031 0 0 0 0 0 0 0 0 0 0 0 0 0 0 0 0 0 0 0 0 0 0 0 0 0 0 1.0913936e-11 -3.6379788e-12 31940.379 22.792999 -1.080025e-12 25904.022 4186.5673 6592.6953 52355.778 54361.22 15799.077 3.6379788e-12 7.2759576e-12 -1.0913936e-11 0.00079124442 0 3.6379788e-12 -3.6379788e-12 0 0.039474488 12110.659 24919.112 26123.954 14109.066 0 0.020351329 3.6379788e-12 0.020349196 3.6379788e-12 0 0 0 
0 0 0 0 0 0 0 0 0 0 0 0 0 0 0 0 0 0 0 0 0 0 0 0 0 0 0 0 3.6379788e-12 -9.094947e-13 21751.562 4468.8934 0 0.035490064 0.016227466 775.23931 16780.374 11004.538 6239.9874 93.927099 13356.014 140.07113 0 0 0 0 0 0 0 0 0 0 0 0 0 0 0 0 0 0 0 0 0 0 0 0 0 0 3.6379788e-12 7.2759576e-12 0 20500.169 33798.797 21029.697 1831.2633 0 70054.075 37490.255 78847.779 9.094947e-12 0.00037101363 0 3.6379788e-12 0.042884385 0.02290708 0.0039303005 0.050649937 0.040560509 7760.3615 23220.776 14095.058 9957.1424 -3.6379788e-12 0 0 0 7.2759576e-12 0 7.2759576e-12 0 
0 0 0 0 0 0 0 0 0 0 0 0 0 0 0 0 0 0 0 0 0 0 0 0 0 3.6379788e-12 3.6379788e-12 -3.6379788e-12 0 -3.6379788e-12 5537.7007 21329.477 0 0 0 21118.966 13464.412 5500.5025 6481.2667 4679.8336 1.110223e-16 0.23896216 0 0 0 0 0 0 0 0 0 0 0 0 0 0 0 0 0 0 0 0 0 0 0 0 0 0 0 0 0 104458.73 0 0 0 0 118343.25 111496.08 62628.247 44751.061 0.067552431 0.0035461114 0.15503117 -3.6379788e-12 0.051505062 0.011594328 0.0034955463 0.0063881926 0.040687095 0.059024585 12964.321 21850.679 3.6379788e-12 0 -3.6379788e-12 0.012525346 0.0014835267 0 0 0 
0 0 0 0 0 0 0 0 0 0 0 0 0 0 0 0 0 0 0 0 0 0 0 0 0 0 -3.6379788e-12 0 0 7.2759576e-12 -1.0913936e-11 20462.299 12891.284 0 0 0 8203.7204 18301.92 1223.7959 1788.1666 0 0 0 0 0 0 0 0 0 0 0 0 0 0 0 0 0 0 0 0 0 0 0 0 0 0 -3.6379788e-12 0 3.6379788e-12 0 1.1368684e-12 0 22452.432 15211.278 2290.0605 0 142489.02 85909.691 53835.731 33677.685 46968.146 0.057971592 30753.345 0.043863197 0.039246744 0.0053843295 0.0087136778 0.059030542 0.073844963 0.01374221 0.0076515292 0.031843892 0 -3.6379788e-12 0.0065525856 0.0086229586 0.014336045 3.6379788e-12 0 0 
0 0 0 0 0 0 0 0 0 0 0 0 0 0 0 0 0 0 0 0 0 0 0 0 0 0 0 0 -3.6379788e-12 -3.6379788e-12 3.6379788e-12 3.6379788e-12 18804.115 0 15758.436 0 76518.626 0 757.81792 0 0 0 0 0 0 0 0 0 0 0 0 0 0 0 0 0 0 0 0 0 0 0 0 0 0 0 -3.6379788e-12 -3.6379788e-12 0.030987207 0.073016854 0.072688116 332405 8854.1565 53243.739 81941.516 151176.76 86785.58 63652.512 61950.381 33293.814 27818.986 11796.03 16776.528 0.033870989 0.070050281 0.052469157 0.020298016 0.019044555 0.030244343 0.0018892074 0.021821911 0.029716478 -3.6379788e-12 0 0.042706169 -3.6379788e-12 -3.6379788e-12 -3.6379788e-12 3.6379788e-12 0 
0 0 0 0 0 0 0 0 0 0 0 0 0 0 0 0 0 0 0 0 0 0 0 0 0 0 0 0 0 0 0 25125.184 0 47674.753 24607.132 6462.2045 1125.6606 0 2664.5416 0 0 0 0 0 0 0 0 0 0 0 0 0 0 0 0 0 0 0 0 0 0 0 0 0 0 0 0 7.2759576e-12 0.0011808293 0.046208088 48686.249 66152.043 38287.984 1714.0796 4278.0366 1260.5613 91046.134 73468.418 36917.151 14161.539 119.12511 22322.907 12739.159 15928.977 0.022118677 0.064994027 0.047473095 0.052855261 0.0061624476 0.032887297 0.022126935 0 3.6379788e-12 -7.2759576e-12 0.045283204 0.01655201 0 0 0 0 
0 0 0 0 0 0 0 0 0 0 0 0 0 0 0 0 0 0 0 0 0 0 0 0 7.2759576e-12 7.2759576e-12 3.6379788e-12 38296.784 1.3642421e-12 0 0 1.1368684e-12 -9.094947e-13 7824.9578 -4.2632564e-14 0 0 0 584.70576 0 0 0 0 0 0 0 0 0 0 0 0 0 0 0 0 0 0 0 0 0 0 0 0 0 0 0 0 0 0 3.6379788e-12 6.3664629e-12 24414.25 0 2.2737368e-13 1212.7245 1.3642421e-12 0 110426.63 32475.135 19923.924 0.11038257 11312.843 16692.838 20142.13 0.035521374 0.016618106 0.053801911 0.011035236 0.019786784 0.036748151 3.6379788e-12 0 7.2759576e-12 0.034710926 0.0012168591 0.010582504 0 0 0 0 
0 0 0 0 0 0 0 0 0 0 0 0 0 0 0 0 0 0 0 0 0 0 -7.2759576e-12 0 26000 3.6379788e-12 0 43186.327 29139.76 0 28585.062 7.9580786e-13 2.7284841e-12 21402.224 0.022923935 26478.039 0 0 2458.0864 0 0 449.68123 0 0 0 25.747016 0 0 0 0 0 0 0 0 0 0 0 0 0 0 0 0 0 0 0 0 0 3.6379788e-12 -3.6379788e-12 7.2759576e-12 0 -1.8189894e-12 15851.562 16502.549 3715.2869 14844.907 26596.522 196443.47 0.13320362 102065.71 0.085172 0.064930648 13565.48 19802.562 0.0298981 0.044168932 0.015182243 0.036457204 0.02140489 0 -7.2759576e-12 25520.885 41072.083 22863.867 0.071301021 0 0 0 0 0 
0 0 0 0 0 0 0 0 0 0 0 3915.6854 0 0 0 0 0 0 0 0 0 0 0 5537.7007 0 7.2759576e-12 30656.944 42370.833 2837.8529 0 16518.58 57723.65 10724.533 1872.0984 0.033921797 0.0074913494 49149.169 3.3000594 0 22.634002 0 0 0 0 0 0 0 0 0 0 0 0 0 0 0 0 0 0 0 0 0 0 0 0 0 0 0 0 0 0 7.2759576e-12 7.2759576e-12 20162.484 11393.607 8617.9381 1276.7659 11401.473 12423.595 105033.45 70433.673 0.024001104 0.034713865 0.10590235 9918.5349 -5.4569682e-12 0.02816556 0.048551145 0.032484054 0.019434929 -7.2759576e-12 0.074082319 41044.111 32689.972 46821.613 42085.831 0.014759468 3.6379788e-12 -3.6379788e-12 0 0 
0 0 0 0 0 0 0 0 0 0 0 0 0 0 0 0 0 0 0 0 0 0 0 3.6379788e-12 23620.569 3915.7101 2222.4113 0 26302.977 16500.448 950.50338 8.2837869e-06 2.4847832e-05 40214.3 0.00071446219 0.0058285907 0 0 25315.415 16134.395 0 0.18504592 0.014800337 0.027937373 27742.669 0 0 0 0 0 0 0 0 0 0 0 0 0 0 0 0 0 0 0 0 0 0 0 3.6379788e-12 3.6379788e-12 -7.2759576e-12 0 2.7284841e-12 18391.816 34699.714 3912.7521 3915.6854 4821.9374 23785.414 58094.745 49250.705 0.044781676 0.09020857 0.013979344 0.078891214 0.042947964 0.0085109625 0.037765852 0.041796375 16068.977 56917.957 51275.99 45808.793 15462.909 33510.092 -3.6379788e-12 0.012404172 0.0025153316 0 0 
0 0 0 0 0 0 0 0 0 0 12634.113 0 57248.074 3.6379788e-12 0 0 0 0 0 0 0 0 0 -3.6379788e-12 0.03188564 0 -3.6379788e-12 31271.212 4333.4256 1090.5101 7232.0571 0 0.023034595 47182.591 0 -3.6379788e-12 0 -7.2759576e-12 0 67672.79 0 0 0 43474.451 14524.354 5242.9091 0 0 0 0 0 0 0 0 0 0 0 0 0 0 0 0 0 0 0 0 0 0 0 0 0 0 3.6379788e-12 20162.484 7491.9042 29123.111 -7.2759576e-12 23948.844 28689.497 57389.465 0.096865037 32772.028 0.078537337 0.084081117 0.10587757 0.066567303 0.032710651 0.01373932 0.0093397974 0.02397148 9795.2723 21493.718 17619.359 14834.455 10997.522 0.02625787 0.0082977711 -7.2759576e-12 0 0 
0 0 0 0 0 0 0 0 0 0 7233.6278 0 27889.075 52349.122 3.6379788e-12 0 0 0 0 0 0 0 0 0 0 0 3.6379788e-12 0 3.6379788e-12 0 0 0 0 0.069131214 0.066203547 0.11871694 0.036610522 0.086308487 49374.854 36886.398 0.0067040001 0.037621642 0.039755898 67494.806 4996.0192 1014.6776 0.25262901 0 0 0 0 0 0 0 0 0 0 0 0 0 0 0 0 0 0 0 -3.6379788e-12 0 0 -7.2759576e-12 0 0 -7.2759576e-12 0 0 20162.484 5837.516 0 26956.482 76781.315 85760.967 27000.608 99900.274 19617.934 0.089675006 0.05840082 0.02992078 0.046570704 0.037102791 0.023710981 11024.87 302.97867 5322.2456 775.75827 14342.926 20262.204 1.8189894e-12 -3.6379788e-12 0.036284492 0 
0 0 0 0 0 0 0 0 0 0 0 0 0 30520.411 35454.648 -5.4569682e-12 -3.6379788e-12 0 0 0 0 0 0 0 0 -3.6379788e-12 0.011718814 -3.6379788e-12 0 0 0.0074476977 0.018500068 0.017115812 3.6379788e-12 8032.0433 0.079414519 0 0.079439888 0.027811949 62297.672 14840.339 0.013034759 0 25702.739 29687.999 646.59475 448.78165 0 0 0 0 0 0 0 0 0 0 0 0 0 0 0 0 0 0 0 0 0 0 0 0 0 0 -9.094947e-13 0 0 20162.484 0 0 31271.212 138550.81 124818.85 51735.385 96192.263 0.0073018556 0.061294896 0.024160154 0.021023687 0.0818924 14109.048 3280.5501 11419.038 72.016253 1956.6444 0.020972124 0 73609.523 36155.633 3.6379788e-12 0.039906801 
