NCOLS 40
NROWS 40
XLLCORNER 467585
YLLCORNER 4330465
CELLSIZE 10
NODATA_VALUE -9999
-26000 -26000 -26000 -26000 -26000 -26000 -26000 -26004.096 -26003.027 -26003.585 -26003.822 -26000 -26003.585 -26000 -26000 -26000 -26000 -26000 -26000 -26000 -26000 -26000 -26000 -26000 -26000 -26000 -26000 -26000 -26000 -26000 -26000 -26000 -26013.508 -26013.508 -26002.415 -26013.508 -26000 -26013.508 -26000 -26000 
-26000 -26000 -26000 -26000 -26000 -26000 -26000 -26000 -26000 -26003.464 -26002.933 -26013.492 -26000 -26000 -26000 -26000 -26000 -26000 -26000 -26000 -26000 -26000 -26000 -26000 -26000 -26000 -26000 -26000 -26000 -26000 -26000 -26000 -26013.467 -26006.218 -26003.413 -26004.592 -26000 -26000 -26000 -26000 
-26000 -26000 -26000 -26000 0 0 0 0 -26000 -26000 -26001.917 -26004.479 -26000 -26000 -26000 -26000 -26000 -26000 -26000 -26000 -26000 -26000 -26000 -26000 -26000 -26000 -26000 -26000 -26000 -26000 -26000 -26000 -26000 -26004.209 -26002.356 -26003.027 -26000 -26000 -26000 -26000 
-26000 -26000 -26000 0 0 0 0 0 0 -26000 -26005.084 -26002.715 -26000 -26000 -26000 -26000 -26000 -26000 -26000 -26000 -26000 -26000 -26000 -26000 -26000 -26000 -26000 -26000 -26000 -26000 -26000 -26000 -26000 -26007.485 -26001.917 -26001.669 -26003.585 -26013.492 -26000 -26000 
-26000 -26000 -26000 0 0 0 0 0 0 0 -26000 -26003.107 -26009.423 -26000 -26000 -26000 -26000 -26000 -26000 -26000 -26000 -26000 -26000 -26000 -26013.5 -26000 -26000 -26000 -26000 -26000 -26000 -26000 -26000 -26013.5 -26002.862 -26001.496 -26001.713 -26003.807 -26013.506 -26000 
-26000 -26000 0 0 0 0 0 0 0 0 -26000 -26007.007 -26004.006 -26000 -26000 -26000 0 0 0 0 -26000 -26000 -26000 -26000 -26009.527 -26009.527 -26000 -26000 -26000 -26000 -26000 -26000 -26000 -26000 -26013.492 -26002.339 -26001.522 -26002.014 -26003.807 -26000 
-26000 -26000 0 0 0 0 0 0 0 0 0 -26000 -26004.972 -26000 -26000 -26000 0 0 0 0 0 -26000 -26000 -26000 -26000 -26009.527 -26009.527 -26000 -26000 -26000 -26000 -26000 -26000 -26000 -26000 -26008.672 -26002.933 -26001.728 -26001.728 -26003.585 
0 0 0 0 0 0 0 0 0 0 0 -26000 -26008.261 -26000 -26000 -26000 0 0 0 0 0 0 0 0 -26000 -26000 -26013.506 -26009.527 -26000 -26000 -26000 -26000 -26000 -26000 -26000 -26000 -26000 -26005.326 -26001.739 -26001.739 
0 0 0 0 0 -26000 -26000 0 0 0 0 -26000 -26008.261 -26000 -26000 -26000 0 0 0 0 0 0 0 0 0 0 -26000 -26013.506 -26009.423 -26000 -26000 -26000 -26000 -26000 -26013.492 -26000 -26000 -26000 -26005.172 -26001.108 
0 0 0 0 0 -26000 -26000 0 0 0 0 -26000 -26013.481 -26000 -26000 -26000 0 0 0 0 0 0 0 0 0 0 0 -26000 -26000 -26005.326 -26000 -26000 -26000 -26000 -26013.5 -26013.5 -26000 -26000 -26000 -26003.027 
0 0 0 0 0 -26000 -26000 0 0 0 0 -26000 -26000 -26000 -26000 -26000 0 0 0 0 0 0 0 0 0 0 0 0 -26000 -26000 -26005.423 -26013.505 -26000 -26000 -26000 -26009.127 -26013.492 -26000 -26000 -26013.508 
0 0 0 0 -26000 -26013.481 -26000 0 0 0 0 -26000 -26000 -26000 -26000 0 0 0 0 0 0 0 0 0 0 0 0 0 0 0 -26000 -26009.527 -26013.506 -26000 -26000 -26013.492 -26008.672 -26013.5 -26000 -26000 
0 0 0 -26000 -26000 -26000 -26000 0 0 0 0 -26000 -26000 -26000 -26000 0 0 0 0 0 0 0 0 0 0 0 0 0 0 0 0 -26000 -26013.505 -26000 -26000 -26000 -26013.505 -26005.423 -26005.172 -26000 
0 0 -26000 -26000 -26000 -26000 0 0 0 0 0 -26000 -26000 -26000 -26000 0 0 0 0 0 0 0 0 0 0 0 0 0 0 0 0 0 -26000 -26013.5 -26013.492 -26000 -26000 -26009.127 -26003.585 -26003.585 
0 0 -26000 -26000 -26000 -26000 0 0 0 0 0 -26000 -26000 -26000 -26000 0 0 0 0 0 0 0 0 0 0 0 0 0 0 0 0 0 0 -26000 -26009.127 -26000 -26000 -26009.127 -26003.685 -26003.585 
-26000 -26000 -26000 -26000 -26000 0 0 0 0 0 0 0 0 0 0 0 0 0 0 0 0 0 0 0 0 0 0 0 0 0 0 0 0 -26000 -26000 -26000 -26000 -26009.423 -26003.807 -26003.822 
-26000 -26000 -26000 -26000 0 0 0 0 0 0 0 0 0 0 0 0 0 0 0 0 0 0 0 0 0 0 0 0 0 0 0 0 0 0 -26000 -26000 -26000 -26013.506 -26005.423 -26003.822 
-26000 -26000 -26000 0 0 0 0 0 0 0 0 0 0 0 0 0 0 0 0 0 0 0 0 0 0 0 0 0 0 0 0 0 0 0 0 -26000 -26000 -26000 -26013.505 -26003.585 
-26000 -26000 0 0 0 0 0 0 0 0 0 0 0 0 0 0 0 0 0 0 0 0 0 0 0 0 0 0 0 0 0 0 0 0 0 0 -26000 -26000 -26000 -26003.822 
-26000 -26000 0 0 0 0 0 0 0 0 0 0 0 0 0 0 0 0 0 0 0 0 0 0 0 0 0 0 0 0 0 0 0 0 0 0 0 -26000 -26000 -26000 
0 0 0 0 0 0 0 0 0 0 0 0 0 0 0 0 0 0 0 0 0 0 0 0 0 0 0 0 0 0 0 0 0 0 0 0 0 0 -26000 -26000 
0 0 0 0 0 0 0 0 0 0 0 0 0 0 0 0 0 0 0 0 0 0 0 0 0 0 0 0 0 0 0 0 0 0 0 0 0 0 0 -26000 
-26000 0 0 -26000 0 0 0 0 0 0 0 0 0 0 0 0 0 0 0 0 0 0 0 0 0 0 0 0 0 0 0 0 0 0 0 0 0 0 0 0 
0 -26000 -26000 -26000 0 0 0 0 0 0 0 0 0 0 0 0 0 0 0 0 0 0 0 0 0 0 0 0 0 0 0 0 0 0 0 0 0 0 0 0 
-26000 -26000 -26000 -26000 0 0 0 -26000 0 0 0 0 0 0 0 0 0 0 0 0 0 0 0 0 0 0 0 0 0 0 0 0 0 0 0 0 0 0 0 0 
-26000 -26000 -26000 -26000 0 -26000 -26000 -26000 0 0 0 0 0 0 0 0 0 0 0 0 0 0 0 0 0 0 0 0 0 0 0 0 0 -26000 -26000 -26000 -26000 0 0 0 
-26000 -26000 -26000 -26000 -26000 -26000 -26000 -26000 -26000 0 0 0 0 0 0 0 0 0 0 0 0 0 0 0 0 0 0 0 0 0 -26000 0 0 0 -26000 -26000 -26000 -26000 0 0 
0 -26000 -26000 -26000 -26000 -26000 -26000 -26000 -26000 -26000 0 0 0 0 0 0 0 0 0 0 0 0 0 0 0 -26000 -26000 -26000 0 -26000 -26000 0 0 0 0 -26000 -26000 -26000 -26000 0 
0 -26000 -26000 -26000 -26000 -26000 -26000 -26000 -26000 -26000 0 0 0 0 0 0 0 0 0 0 -26000 -26000 -26000 -26000 -26000 -26000 -26000 -26000 -26000 -26000 -26000 -26000 0 0 0 -26000 -26000 -26000 -26000 0 
0 -26000 -26000 -26000 -26000 -26000 -26000 -26000 -26000 0 0 0 0 0 0 0 0 0 0 0 -26000 -26000 -26000 -26000 -26000 -26013.505 -26000 -26000 -26000 -26000 -26000 -26000 0 0 -26000 -26000 -26000 -26000 -26000 -26000 
0 -26000 -26000 -26000 -26000 -26000 -26000 -26000 0 0 0 0 0 0 0 0 0 0 0 0 0 0 0 0 -26000 -26009.127 -26004.209 -26000 -26000 -26000 -26013.477 -26000 -26000 -26000 -26000 0 -26000 -26000 -26000 -26000 
0 0 -26000 -26000 -26000 -26000 -26000 0 0 0 0 0 0 0 0 0 0 0 0 0 0 0 0 0 0 -26000 -26006.791 -26000 -26000 -26000 -26005.888 -26004.546 -26000 -26000 -26000 0 -26000 -26000 -26000 -26000 
-26000 -26000 0 -26000 -26000 -26000 -26000 0 0 0 0 0 0 0 0 0 0 0 0 0 0 0 0 0 0 -26000 -26000 -26000 -26006.352 -26005.888 -26004.687 -26006.218 -26000 -26000 -26000 -26000 -26000 -26000 -26004.737 -26004.096 
-26000 -26000 0 -26000 -26000 -26000 -26000 -26000 0 0 0 0 -26000 -26000 -26000 0 0 0 -26000 -26000 0 0 0 0 0 0 -26000 -26000 -26004.687 -26002.647 -26004.737 -26009.965 -26000 -26000 -26000 -26013.444 -26000 0 -26000 -26004.096 
-26000 0 0 0 -26000 -26000 -26000 -26000 -26000 0 0 0 0 -26000 0 0 0 0 -26000 -26000 0 0 0 0 0 0 -26000 -26000 -26005.456 -26002.562 -26004.546 -26009.127 -26000 -26000 -26000 -26003.745 -26000 0 0 -26000 
0 0 0 0 -26000 -26000 -26000 -26000 -26000 0 0 0 0 0 0 0 0 0 -26000 -26000 -26000 0 0 0 0 0 -26000 -26000 -26003.571 -26003.148 -26010.838 -26013.462 -26000 -26000 -26000 -26006.218 -26000 -26000 -26000 -26000 
0 0 0 0 -26000 -26000 -26000 -26000 -26013.538 -26000 0 0 0 0 0 0 0 -26000 -26000 -26000 -26000 -26000 -26000 0 0 -26000 -26000 -26005.628 -26001.624 -26004.592 -26000 -26000 -26000 -26000 -26000 -26009.965 -26009.741 -26000 -26000 -26000 
0 0 0 0 0 0 0 -26000 -26005.736 -26000 0 0 0 0 -26000 -26000 -26000 -26000 -26000 -26000 -26000 -26000 -26000 -26000 -26000 -26000 -26013.505 -26001.34 -26001.917 -26000 -26000 -26000 -26000 -26000 -26000 -26009.127 -26004.546 -26005.888 -26000 -26000 
0 0 0 0 0 0 0 -26000 -26007.007 -26008.672 -26000 0 0 0 -26000 -26000 -26000 -26000 -26000 -26000 -26000 -26000 -26000 -26000 -26000 -26000 -26001.529 -26001.36 -26000 -26000 0 -26000 -26000 -26000 -26000 -26007.298 -26004.059 -26005.456 -26000 -26000 
0 0 0 0 0 0 -26000 0 -26000 -26001.498 -26000 -26000 0 0 -26000 -26000 -26000 -26000 -26000 -26003.027 -26001.57 -26000 -26000 -26000 -26000 -26000 -26001.57 -26000.823 -26000 0 0 0 -26000 -26000 -26000 -26007.298 -26007.298 -26002.515 -26000 -26000 
