NCOLS 29
NROWS 35
XLLCORNER 429085
YLLCORNER 3784815
CELLSIZE 10
NODATA_VALUE -9999
0 0 0 0 0 0 0 0 8525.5784 0 0 0 0 0 0 0 0 19363.314 0 0 0 0 0 0 -3.6379788e-12 7.2759576e-12 0.010273306 0.037310603 7.2759576e-12 
0 0 0 0 0 0 0 0 0 0 0 0 0 0 0 0 0 0 0 0 0 0 0 0 3.6379788e-12 0 0 0.023320525 0 
3.6379788e-12 0 0 0 0 0 0 0 0 0 0 0 0 0 0 0 0 0 11.903243 2.0493056 0 0 0 31514.243 0 0 0 0 0 
0 0 3.6379788e-12 0 0 0 0 0 9035.2189 0 0 0 0 0 0 0 -3.6379788e-12 0 0 0 0 0 0 0 0 0 0 0 0 
-3.6379788e-12 0 -3.6379788e-12 0 0 0 0 16964.781 0 0 0 0 0 0 0 3.6379788e-12 0 0 0 0 3.6379788e-12 0 0 0 0 0 0 0 0 
0 -3.6379788e-12 -7.2759576e-12 0 3.6379788e-12 0 17305.938 8694.0617 0 0 0 0 0 0 0 0 0 -7.2759576e-12 1.0913936e-11 -3.6379788e-12 -3.6379788e-12 -1.8189894e-12 11671.197 -5.6843419e-14 0 0 781.58348 0 0 
3.6379788e-12 1.0913936e-11 -3.6379788e-12 0 0 0 0 0 0 0 0 0 0 0 0 0 0 -3.6379788e-12 59509.42 119591.82 25447.522 0.019008732 14353.386 -3.6379788e-12 0 128412.4 0.46348446 0 0 
106933.29 52877.564 -3.6379788e-12 0 0 0 0 0 0 0 -3.6379788e-12 3.6379788e-12 3.6379788e-12 0 7846.6666 0 0 0.015179761 114800.05 129145.89 116309.73 6941.0826 0 3.6379788e-12 0 0 0 0 0 
102941.13 150421.09 34537.687 0 0 0 0 0 -2.2737368e-13 31398.224 41884.681 29380.486 0 0 0 0 0 0 0 32940.787 31387.392 9513.6485 24724.444 25290.114 26000 1532.1048 -3.6379788e-12 0 0 
0 37041.931 41145.411 0 9.094947e-13 0 0 0 878.47949 13214.587 26481.562 0 0 0 0 0 0 0 0 0 0 39571.904 34787.685 4235.421 4152.2619 116793.66 81781.207 0 0 
0 0 24784.762 14903.32 0 23202.856 0 0 0 0 0 7.2759576e-12 3.6379788e-12 0 0 0 0 0 0 22350.905 0 0 5531.3653 33673.073 2860.5394 3.9602429 0 29085.244 0 
0 82767.955 0 0 0 0 0 0 0 0 0 0.023279222 53658.832 0 0 0 0 0 0 0 0 0 0 40441.982 7432.4085 80.372969 0 28330.9 1.110223e-16 
0 0 0 0 0 3.6379788e-12 -3.6379788e-12 0 0 16247.565 0 0 45868.154 61130.948 3.6379788e-12 0 0 0 0 0 0 0 0 40784.426 4220.2916 0 0 6.7700201 0.95686643 
0 0 -3.6379788e-12 0.0027620387 84269.076 -3.6379788e-12 0 0 0 0 0 26000 0 16242.799 32213.517 18970.2 0 0 0 0 0 0 0 47699.335 0 0 0 0 0 
0 0 0 0 0.027937144 3.6379788e-12 0 0 0 236.25615 24.135232 7668.9898 0 11358.301 10463.317 0 0 0 0 0 0 0 0 48273.983 0 0 0 0 0 
0 0 0.0074223005 7.2759576e-12 0.037041635 0.051221818 0 0 0 0 847.25772 0 1621.6433 0 32373.261 0 0 0 0 0 0 1326.2053 0 0 2399.8121 0 0 0 0 
0 0 -7.2759576e-12 0.032222709 0.051805559 93888.047 1.0913936e-11 0 0 0 2960.5511 0 0 0 32831.692 60319.339 1.8189894e-12 -7.2759576e-12 0 0 0 0 0 0 0 0 30123.98 0 0 
0 3.6379788e-12 3.6379788e-12 0 44605.662 343071.29 4.296513 0 0 0 0 0 0 0 2148.8575 51829.232 51339.051 1.8189894e-12 0 0 0 0 0 0 0 7.2759576e-12 0 44270.515 0 
4.5558041e-05 0.00046052453 0.077984993 45055.902 72125.947 329294.86 0 0 0 0 1.6046766 18860.413 10012.649 0 0 16928.241 1167.4542 34320.175 30758.172 36904.849 0 0 0 0 0 -3.6379788e-12 21848.396 0 26320.628 
0 0 4310.0196 98159.379 113777.11 115797.99 0 0 0 0 0 529.86261 15674.705 0 0 0 0.2960441 593.42679 1251.5003 0 0 0 0 0 0 0 0 0.016670227 -3.6379788e-12 
0 0 23791.326 48093.087 86413.475 17965.336 0 0 0 0 0 0 0 0 4525.1435 0 0 0 0 0 0 0 0 0 0 0 3.6379788e-12 0 -3.6379788e-12 
0 0 0 53725.071 63270.835 38896.28 6795.3462 1.8189894e-12 0 0 0 0.0039431991 54423.726 0 19975.408 0 0 0 0 0 0 0 0 0 0 2989.5895 0 0 0.046403516 
0 0 0 51317.01 41850.27 18385.697 -1.8189894e-12 1.8189894e-12 0 0 0 0 22067.421 0 0 0 0 18945.234 3752.3272 23219.958 0 0 0 0 0 0 0 -3.6379788e-12 -3.6379788e-12 
0 0 0 25884.637 27368.436 14820.652 0 3.6379788e-12 5.4569682e-12 0 25325.284 22414.62 484.79611 0 0 0 0 7054.7655 0 3120.7104 24662.456 23244.549 0 0 0 0 0 0 0 
0 0 0 0.06820883 24976.233 528.96305 16183.392 24886.622 1.8189894e-12 0 0 0.0058473817 9.727521 0 0 0 0 0 0 0 0 0 0 0 0 0 0 0 0 
18282.408 11631.022 22086.57 0.0051947247 0.040643792 22674.645 30140.359 2632.958 16770.924 0 0.010243958 0.0072081029 0.010628533 0 0 0 0 0 0 0 0 0 0 0 0 0 0 0 0 
0 0 0 0.013103133 0.07998303 49274.364 0 17421.261 36559.33 24170.418 0.019329056 22845.847 23036.308 0 0 0 0 0 0 0 0 0 0 0 0 0 0 0 0.017823451 
0 0 0 0.045399228 20714.91 4953.4308 5039.7532 1011.8205 4178.9076 0 0.017434366 0.014831994 0.11072199 0 0 0 0 0 0 0 0 0 0 0 0 0 0 0 0 
0 0 0 0 5285.0896 0 0 0 83.463902 0.010657245 -7.2759576e-12 0.024648352 0 0 0 0 0 0 0 0 19797.914 0 11280.513 3098.6009 22901.399 0 0 0 0 
26037.958 3.6379788e-12 0 3086.0709 842.32409 0 0 0 0 40992.026 25212.366 0.023844276 0 0 0 0 0 0 0 -3.6379788e-12 21091.109 27097.766 0 0 0 0 0 0 0 
12665.962 20483.187 23039.673 726.35574 0 0 0 0 0 51200.96 157718.7 32067.036 0 0 0 0 0 0 0 0 24769.294 10257.728 0 0 0 0 0 0 0 
0 0 0 0 0 0 0 0 0 24651.732 73498.702 30906.429 1.8189894e-12 3.6379788e-12 0 0 0 0 0 0 0 0 0 0 0 0 0 0 0 
0 0 0 0 0 0 0 0 0 27348.268 16504.748 5872.0842 29055.342 25223.737 0 0 0 0 0 0 0 0 96768.009 169131.69 3.6379788e-12 0 0 0 0 
0 0 0 0 0 0 0 0 0 37363.59 10945.242 26.407162 7252.8854 14528.614 9214.9012 22892.084 0 0 0 0 0 0 40200.308 73729.147 1.8189894e-12 0 0 0 0 
0 0 0 0 0 0 0 0 0 0 0 2.0030554 0 0 6015.3225 0 0 0 0 0 0 0 9.094947e-13 19137.957 27900.844 0 0 0 0 
