NCOLS 40
NROWS 40
XLLCORNER 467585
YLLCORNER 4330465
CELLSIZE 10
NODATA_VALUE -9999
0 0 3.6379788e-12 -3.6379788e-12 0 0 0 -3.6379788e-12 0 0 -3.6379788e-12 0 0 0 3.6379788e-12 0.0055264946 0.013553665 0.010140487 0.0043330927 0.059241312 -1.4551915e-11 0.10214319 0.017379139 0.16526366 0.071741971 0.068168933 0.092414789 0.054654517 0.070969963 0.0061472926 0.085074117 0.058142694 0.092831502 0.1316593 0.071882991 0.035937281 0.030201326 0.042302537 0.10417744 0.11117346 
3.6379788e-12 3.6379788e-12 -3.6379788e-12 0 0 0 0 0 0 0 0 -3.6379788e-12 0 0.0063499177 -3.6379788e-12 0.0028920325 -2.5465852e-11 0.01939986 0.059086106 0.030508604 0.0082904482 0.03169644 0.090339171 0.04977556 0.065751984 0.018747026 0.023507559 0.052679157 0.058681013 0.035111956 0.061882335 0.093226166 0.10125542 0.067030197 0.029315506 0.059410372 0.057986478 0.152875 0.19418211 0.24123764 
0 -3.6379788e-12 -3.6379788e-12 0 0 0 0 0 0 0 0 -3.6379788e-12 0 -7.2759576e-12 -7.2759576e-12 0 1.4551915e-11 3.6379788e-12 0.040218274 0.039342849 3.6379788e-12 0.044944444 0.043526383 0.09335706 0.035852954 0.050600209 0.029991884 0.09941101 0.0033655457 0.050358015 0.077617292 0.073351161 0.066843569 0.0058668076 0.097835113 0.045524334 0.07485812 0.12912996 0.23599132 0.10567161 
-3.6379788e-12 7.2759576e-12 0 0 0 0 0 0 0 0 0 0 0 3.6379788e-12 0 0 3.6379788e-12 -3.6379788e-12 3.6379788e-12 -7.2759576e-12 0.049055846 3.6379788e-12 0.10759704 0.047681943 0.12871131 0.055566696 0.1032407 0.029627315 0.026693427 0.077973385 0.096224295 0.041326715 0.03930571 0.10076284 0.11284712 0.12817054 0.084372341 0.099618298 0.16401095 0.10725565 
-3.6379788e-12 0 0 0 0 0 0 0 0 0 0 3.6379788e-12 7.2759576e-12 0 -7.2759576e-12 0 0 0.0088675748 0.014622003 0.014822929 0.016319024 0.016529592 0.070793643 0.11340106 0.070724088 0.0084794608 0.027767525 0.065136325 0.061224854 0.13930615 0.038243527 0.084921811 0.056174427 0.11365583 0.12472651 0.14593352 0.083352076 0.069419823 0.16716599 0.14939261 
3.6379788e-12 0 0 0 0 0 0 0 0 0 0 0 3.6379788e-12 -3.6379788e-12 -3.6379788e-12 -3.6379788e-12 21407.759 0.018116465 0.053060328 0.042045546 0.041830733 0.045393861 0.064748366 0 0 0.065687365 0.022692511 1.8189894e-11 0.046208054 -1.4551915e-11 0.030791535 0.12030599 0.081026912 0.15821197 0.082827589 0.1001239 0.089682568 0.09191549 0.045849576 0.059749814 
0 0 0 0 0 0 0 0 0 1493.9099 558.90794 0 0 -7.2759576e-12 -7.2759576e-12 3.6379788e-12 21098.989 14172.914 2971.6194 0 14498.713 -3.6379788e-12 0 1.0913936e-11 -1.0913936e-11 0 0.031555008 0.001418787 2.1827873e-11 0.044949094 0.0079448813 0.0069233845 0.16048026 0.038021011 0.090541068 0.086376283 0.16410129 0.004308045 0.06991649 0.066607894 
0 0 0 0 0 5196.1325 9754.4966 37049.371 0 -1.1368684e-13 576.5516 0 7.2759576e-12 -3.6379788e-12 0 0 23028.381 18446.144 17777.084 40845.862 15963.011 404.70517 200.26507 0 0 3.6379788e-12 0 0 0.0069500825 0.026330525 -3.6379788e-12 0 0.024125756 4.8270911e-05 0 0.0124439 0.015373559 0.06198368 0.034304403 0.08547933 
0 0 0 0 0 0 0 0 9.094947e-13 -4.5474735e-13 0 0 0 0 0 0 24340.267 21435.736 19615.552 40549.579 0 0 0 0 0 0 0 3.6379788e-12 3.6379788e-12 -3.6379788e-12 0.0065039988 0.0010512874 -3.6379788e-12 0.0077119777 0 0.019219979 0.0040413923 0.0028355943 0.048275083 0.052010795 
0 0 0 0 0 0 0 26000 20389.557 0 0 0 0 0 0 7.2759576e-12 24722.481 91298.626 0 449.70338 98.347092 0 0 0 0 0 0 0 0 0 0 0 0 0 0.0055924313 3.6379788e-12 0.0079376798 0.04615806 0.007993612 0.015882176 
0 0 0 0 0 0 0 22374.092 0 13622.679 0 0 0 3.6379788e-12 -3.6379788e-12 0 76540.082 36967.985 0 0 0 0 0 0 0 0 0 0 0 0 0 0 0 0 -3.6379788e-12 0.0021053229 0.0016016481 0.01109717 0.031489517 0.0061342298 
0 0 0 0 0 0 0 19369.468 0 5757.6012 9714.5147 0 0 0 0 0 51063.214 19717.56 24257.831 924.33792 0 0 0 0 0 0 0 0 0 0 0 0 0 0 -3.6379788e-12 -3.6379788e-12 0.027077766 0 0.0021780685 0.060867705 
0 0 0 0 0 0 0 16940.696 11969.76 11657.414 0.0077955873 0 0.019149384 0 0 -9.094947e-13 3.6379788e-12 0 -9.094947e-13 0 0 0 0 0 0 0 0 0 0 0 0 0 0 0 0 0.0086235334 0.014650147 0 0.01449232 0.033346949 
0 0 0 0 0 0 9059.304 5495.9925 10268.964 36.973172 7400.6287 0 0.0083690526 3.6379788e-12 0 9.094947e-13 0.031014295 0.035596655 -7.1054274e-15 7163.316 0 0 0 0 0 0 0 0 0 0 0 0 0 0 0 0 7.2759576e-12 0.0021895542 0.0073407639 0.037285629 
0 0 0 0 0 0 29982.406 2399.0965 12158.541 0.026606425 0 0.015699628 -3.6379788e-12 -3.6379788e-12 0.01458662 47076.097 0 7.1054274e-14 0 484.64197 0 0 0 0 0 0 0 0 0 0 0 0 0 0 0 0 1.4551915e-11 0 0.014261121 0.064959777 
0 0 0 3.6379788e-12 -7.2759576e-12 25783.478 19835.848 6090.535 6818.8916 3362.2601 0.080664216 475.56036 15223.616 0.035322372 17887.195 34133.632 95801.806 0.1307786 29910.025 112.78701 0 0 0 0 0 0 0 0 0 0 0 0 0 0 0 0 0 0 0.020280367 0.0023809221 
0 0 0 0 1.8189894e-12 8248.543 6541.8256 1604.6124 13149.927 10.822395 8620.9381 5.5196844 263.10024 0 0 4022.2381 19234.222 63063.977 32759.183 0 0 0 0 0 0 0 0 0 0 0 0 0 0 0 0 0 0 0 -3.6379788e-12 0.0023213475 
0 0 0 3.6379788e-12 26614.382 2.9558578e-12 18723.183 19820.688 7138.2421 5996.5673 2382.1563 1205.4514 137.00624 34.586313 0 83.408227 570.27996 10947.792 176.4661 0 0 0 0 0 0 0 0 0 0 0 0 0 0 0 0 0 0 0 0 0 
0 0 0 26807.671 13962.914 14505.111 5342.7359 9508.6315 42458.242 21711.279 4669.9015 0 0 0 5.6644939 0 0.56277335 0.51422584 0 0 0 0 0 0 0 0 0 0 0 0 0 0 0 0 0 0 0 0 0 0 
0 0 14054.336 32819.55 9822.9406 16337.218 37535.296 31074.998 0 0 0 0 0 0 0 0.2626525 0 0 0 0 0 0 0 0 0 0 0 0 0 0 0 0 0 0 0 0 0 0 0 0 
6.2527761e-13 0 21906.523 24093.426 0 30442.123 30484.332 0 0 0 0 0 0 0 0 0 0 0 0 0 0 0 0 0 0 0 0 0 0 0 0 0 0 0 0 0 0 0 0 0 
2.6645353e-15 12806.472 12989.599 6845.332 4.5474735e-13 2044.5873 15058.772 0 0 0 0 0 0 0 0 0 0 0 0 0 0 0 0 0 0 0 0 0 0 0 0 0 0 0 0 0 0 0 0 0 
0 188.09364 0 0 11890.952 3416.0369 0 3372.5201 0 0 0 0 0 0 0 0 0 0 0 0 0 0 0 0 2178.2595 2726.3179 7717.6314 0 0 0 0 0 0 0 0 0 0 0 0 0 
0.003206543 0 0 0 0 0 0 0 0 0 0 0 0 0 0 0 0 0 0 0 0 0 0 0 0 0 0 14741.41 19895.557 0 0 0 0 0 0 0 0 0 0 0 
0 0.0038631399 0 3.6379788e-12 0 0 0.0063271757 0.018414548 0 0 0 0 0 0 0 0 0 0 0 0 0 0 0 0 9050.5735 4201.9144 11794.891 5351.5605 0 20623.136 407.16822 0 0 0 0 0 0 0 0 0 
0 0 0.0030589281 0.00023616548 3.6379788e-12 0 0.0045358321 0.0074758138 0.0035226677 8641.7262 0 0 0 0.0490268 0 0 0 0 0 0 0 0 0 0 0 0.026319229 4.5474735e-13 14252.657 11617.198 1.8189894e-12 16095.624 0 19830.837 0 0 0 0 0 0 0 
0 0 0 0.0050603425 0 0 0.001747316 3.6379788e-12 0.066043295 0.048517324 0.022367827 0 0 0 0.64245169 0 0 0 0 0 658.85538 19541.26 37624.819 38684.646 4939.533 11945.664 -1.8189894e-12 45061.27 30651.264 -1.8189894e-12 0 24151.109 0 114624.33 0 -3.6379788e-12 -3.6379788e-12 0 0 0 
0 3.6379788e-12 0 0.0019583818 0.0083454958 0 0 0.015180099 0.016296914 0.044816569 0.029529532 -4.4408921e-16 1.419831 0 0 0 0 0 0 15054.428 45028.931 20531.918 -9.094947e-13 4.5474735e-13 1.3642421e-12 0 1.0913936e-11 3.6379788e-12 20192.351 3.6379788e-12 1.0913936e-11 0 47867.548 19565.542 146282.36 7.2759576e-12 0 0 0 0 
0 0 7.2759576e-12 0.058118267 0.0026477757 0.023035311 3.6379788e-12 0 0.034821891 0.034777477 4881.0742 0.13482068 0 0 0 0 0 0 0 17559.788 -3.6379788e-12 0 0 3.6379788e-12 0 0 0 0 0 -7.2759576e-12 0.0045103462 3.6379788e-12 43306.422 12589.376 25902.084 7.2759576e-12 0 0 0 0 
0 0 0 0.01064227 0.029679016 0.013026028 -3.6379788e-12 0 3.6379788e-12 21407.76 4914.2827 57345.166 0 0 0 0 0 0 0 0 0 0 0 0 0 0 0 0 -3.6379788e-12 0 -1.0913936e-11 -3.6379788e-12 0 0 0.0088304775 0.0028182322 -3.6379788e-12 0 0 0 
0 0 0 0 0 0.033401333 0.049092162 0 19617.788 27207.558 113955.02 382.5157 0 0 0 0 0 0 0 0 0 0 0 0 0 0 0 0 0 0 0 3.6379788e-12 0 0 0.16600387 291623.81 0 0 0 0 
0 8032.0208 0 3.6379788e-12 0 3.6379788e-12 0.0093550538 17549.9 8450.1072 30322.708 112043.03 0 0 0 0 0 0 0 0 0 0 0 0 0 0 0 -3.6379788e-12 0 -3.6379788e-12 0 0 3.6379788e-12 3.6379788e-12 0 0.12049398 73399.686 0.22550197 0 0 -7.2759576e-12 
0 0 26000 0 -3.6379788e-12 -3.6379788e-12 0.044049712 0.037312785 7645.847 23774.524 174125.8 0 0 0 0 0 0 0 0 0 0 0 0 0 0 0 0 0 7.2759576e-12 3.6379788e-12 0 0 0 -7.2759576e-12 0.057366082 0.26932918 0.11841282 0.088742435 0 0 
0 -3.6379788e-12 62340.538 0 3.6379788e-12 0 0.032770149 0.051085646 293.88718 26885.379 804921.88 0 0 0 0 0 14103.196 20803.868 0 0 0 0 0 0 0 0 0 0 0 -3.6379788e-12 0 0 3.6379788e-12 -3.6379788e-12 3.6379788e-12 0.12087342 0.52862291 0.088466558 0 0 
0 31537.701 8521.6118 0 0 0 0 0.0042658614 0.21566262 213449.62 527490.07 11246.071 25758.323 0 0 13653.243 13916.698 0 0 0 0 0 0 0 0 0 0 0 0 0 0 0 -3.6379788e-12 0 -3.6379788e-12 -3.6379788e-12 0.084279996 366944.33 3.6379788e-12 -3.6379788e-12 
0 0 3098.5239 5537.7007 0 0 0 0 0 2930.6454 52382.264 54418.119 16766.806 39540.113 12224.942 23957.731 5477.4738 29339.481 0 0 0 0 0 0 0 0 0 -3.6379788e-12 3.6379788e-12 0 0 3.6379788e-12 0 3.6379788e-12 0 0 3.6379788e-12 0.38722297 0.10915622 0.25020375 
0 0 0 0 0 3.6379788e-12 0 0 0 -3.6379788e-12 9.094947e-13 0 36711.014 10515.088 2025.9912 10097.528 17967.979 -3.6379788e-12 0 -7.2759576e-12 0 0 0 0 0 0 0 0 0 0 0 0 0 0 -3.6379788e-12 0 -3.6379788e-12 0.072066422 0.11209831 0.23278153 
0 0 0 0 0 0 0 0 3.6379788e-12 3.6379788e-12 9.094947e-13 22830.435 52655.74 13000.091 0.031963756 -7.2759576e-12 0 0 0 0 0 0 0 0 0 0 0 0 0 0 0.031597936 0.0057002601 -3.6379788e-12 0.038973134 0 7.2759576e-12 -3.6379788e-12 0.070072326 0.17952021 0.15592352 
0 0 0 0 0 0 0 0 0 0 -7.2759576e-12 0 30513.011 75269.462 -3.6379788e-12 0 0 0 0 0 -7.2759576e-12 0 0 0 -3.6379788e-12 0 -7.2759576e-12 -3.6379788e-12 7.2759576e-12 -3.6379788e-12 0 0.0075410797 0.027875944 0 0 0 0.060362858 0.26544598 0.17959149 0.43584309 
0 0 0 0 0 0 0 20162.484 0 0 0 3.6379788e-12 35688.33 -3.6379788e-12 -3.6379788e-12 0 0 0 0 0 0.018850132 3.6379788e-12 0 0 3.6379788e-12 0 0 -3.6379788e-12 0 1.2732926e-11 16767.438 2266.5287 0.012599117 0.011634056 0.045514243 -3.6379788e-12 0.071410257 0.24682994 0.37738832 0.38058128 
