# Soil parameter database for Tahoe Basin model -- modified from Disturbed WEPP 2002-03-28 11:10 soilbase
#
#  Sandy Loams
#
'skid'	'sandy loam'	1	0.2	0.75	400000	0.0005	1	10
300	55	10	5	15	rfg
'HIGH'	'sandy loam'	1	0.1	0.75	400000	0.0007	1	16
400	55	10	5	15	rfg
'LOW'	'sandy loam'	1	0.15	0.75	400000	0.0006	1 	25
400	55	10	5	15	rfg
'poorgrass'	'sandy loam'	1	0.15	0.75	400000	0.0005	1	25
400	55	10	5	15	rfg
'goodgrass'	'sandy loam'	1	0.15	0.75	400000	0.0005	1	31
400	55	10	5	15	rfg
'shrub'	'sandy loam'	1	0.15	0.75	400000	0.0005	1	35
400	55	10	5	15	rfg
'Forest' 'sandy loam'	1	0.06	0.5	400000	0.0005	1	40
400	55	10	5	15	rfg
'Forest' 'sandy loam'	1	0.06	0.5	400000	0.0005	1	42
400	55	10	5	15	rfg
'trt1'	'sandy loam'	1	0.15	0.75	400000	0.0005	1	25
400	55	10	5	15	rfg
'trt2'	'sandy loam'	1	0.15	0.75	400000	0.0005	1	31
400	55	10	5	15	rfg
'trt3'	'sandy loam'	1	0.15	0.75	400000	0.0005	1	35
400	55	10	5	15	rfg
'lowr'	'sandy loam'	1	0.2	0.75	400000	0.0005	1	10
300	55	10	5	15	rfg
'highr'	'sandy loam'	1	0.2	0.75	400000	0.0005	1	10
300	55	10	5	15	rfg
#
#  Silt Loams
#
'skid'	'silt loam'	1	0.2	0.75	1000000	0.0004	0.5	 6
300	25	15	5	15	rfg
'HIGH'	'silt loam'	1	0.1	0.75	1000000	0.0006	0.5	10
400	25	15	5	15	rfg
'LOW'	'silt loam'	1	0.15	0.75	1000000	0.0005	0.5 	13
400	25	15	5	15	rfg
'poorgrass'	'silt loam'	1	0.15	0.75	1000000	0.0004	0.5	11
400	25	15	5	15	rfg
'goodgrass'	'silt loam'	1	0.15	0.75	1000000	0.0004	0.5	17
400	25	15	5	15	rfg
'shrub'	'silt loam'	1	0.15	0.75	1000000	0.0004	0.5	18
400	25	15	5	15	rfg
'Forest' 'silt loam'	1	0.06	0.5	1000000	0.0004	0.5	23
400	25	15	5	15	rfg
'Forest' 'silt loam'	1	0.06	0.5	1000000	0.0004	0.5	28
400	25	15	5	15	rfg
'trt1'	'silt loam'	1	0.15	0.75	1000000	0.0004	0.5	11
400	25	15	5	15	rfg
'trt2'	'silt loam'	1	0.15	0.75	1000000	0.0004	0.5	17
400	25	15	5	15	rfg
'trt3'	'silt loam'	1	0.15	0.75	1000000	0.0004	0.5	18
400	25	15	5	15	rfg
'lowr'	'silt loam'	1	0.2	0.75	1000000	0.0004	0.5	 6
300	25	15	5	15	rfg
'highr'	'silt loam'	1	0.2	0.75	1000000	0.0004	0.5	 6
300	25	15	5	15	rfg
#
#  Clay Loams
#
'skid'	'clay loam'	1	0.2	0.75	1500000	0.0002	1	6
300	25	30	5	25	rfg
'HIGH'	'clay loam'	1	0.1	0.75	1500000	0.0003	1	14
400	25	30	5	25	rfg
'LOW'	'clay loam'	1	0.15	0.75	1500000	0.00025	1  	18
400	25	30	5	25	rfg
'SHORT'	'clay loam'	1	0.15	0.75	1500000	0.0002	1 	18
400	25	30	5	25	rfg
'good'	'clay loam'	1	0.15	0.75	1500000	0.0002	1	24
400	25	30	5	25	rfg
'shrub'	'clay loam'	1	0.15	0.75	1500000	0.0002	1	28
400	25	30	5	25	rfg
'Forest' 'clay loam'	1	0.06	0.5	400000	0.0002	1	33
400	25	30	5	25	rfg
'Forest' 'clay loam'	1	0.06	0.5	400000	0.0002	1	35
400	25	30	5	25	rfg
'trt1'	'clay loam'	1	0.15	0.75	1500000	0.0002	1 	18
400	25	30	5	25	rfg
'trt2'	'clay loam'	1	0.15	0.75	1500000	0.0002	1	24
400	25	30	5	25	rfg
'trt3'	'clay loam'	1	0.15	0.75	1500000	0.0002	1	28
400	25	30	5	25	rfg
'lowr'	'clay loam'	1	0.2	0.75	1500000	0.0002	1	6
300	25	30	5	25	rfg
'highr'	'clay loam'	1	0.2	0.75	1500000	0.0002	1	6
300	25	30	5	25	rfg
#
#  Loams
#
'skid'	'loam'		1	0.2	0.75	1000000	0.0003	1	8
300	45	20	5	20	rfg
'HIGH'	'loam'		1	0.1	0.75	1000000	0.0005	1	15
400	45	20	5	20	rfg
'LOW'	'loam'		1	0.15	0.75	1000000	0.0004	1 	23
400	45	20	5	20	rfg
'SHORT'	'loam'		1	0.15	0.75	1000000	0.0003	1	23
400	45	20	5	20	rfg
'good'	'loam'		1	0.15	0.75	1000000	0.0003	1	30
400	45	20	5	20	rfg
'shrub'	'loam'		1	0.15	0.75	1000000	0.0003	1	31
400	45	20	5	20	rfg
'Forest' 'loam'		1	0.06	0.5	400000	0.0003	1	36
400	45	20	5	20	rfg
'Forest' 'loam'		1	0.06	0.5	400000	0.0003	1	38
400	45	20	5	20	rfg
'trt1'	'loam'		1	0.15	0.75	1000000	0.0003	1	23
400	45	20	5	20	rfg
'trt2'	'loam'		1	0.15	0.75	1000000	0.0003	1	30
400	45	20	5	20	rfg
'trt3'	'loam'		1	0.15	0.75	1000000	0.0003	1	31
400	45	20	5	20	rfg
'lowr'	'loam'		1	0.2	0.75	1000000	0.0003	1	8
300	45	20	5	20	rfg
'highr'	'loam'		1	0.2	0.75	1000000	0.0003	1	8
300	45	20	5	20	rfg

