# Soil parameter database for Disturbed WEPP - modified WJE 07 Feb 2000
#
#  Sandy Loams
#
'skid'	'sandy loam'	1	0.2	0.75	400000	0.0005	1	10
300	55	10	5	15	20
'HIGH'	'sandy loam'	1	0.1	0.75	400000	0.0007	1	16
400	55	10	5	15	20
'LOW'	'sandy loam'	1	0.15	0.75	400000	0.0006	1 	25
400	55	10	5	15	20
'SHORT'	'sandy loam'	1	0.15	0.75	400000	0.0005	1	25
400	55	10	5	15	20
'TALL'	'sandy loam'	1	0.15	0.75	400000	0.0005	1	31
400	55	10	5	15	20
'shrub'	'sandy loam'	1	0.15	0.75	400000	0.0005	1	35
400	55	10	5	15	20
'Forest' 'sandy loam'	1	0.06	0.5	400000	0.0005	1	40
400	55	10	5	15	20
'Forest' 'sandy loam'	1	0.06	0.5	400000	0.0005	1	42
400	55	10	5	15	20
#
#  Silt Loams
#
'skid'	'silt loam'	1	0.2	0.75	1000000	0.0004	0.5	 6
300	25	15	5	15	20
'HIGH'	'silt loam'	1	0.1	0.75	1000000	0.0006	0.5	10
400	25	15	5	15	20
'LOW'	'silt loam'	1	0.15	0.75	1000000	0.0005	0.5 	13
400	25	15	5	15	20
'SHORT'	'silt loam'	1	0.15	0.75	1000000	0.0004	0.5	11
400	25	15	5	15	20
'TALL'	'silt loam'	1	0.15	0.75	1000000	0.0004	0.5	17
400	25	15	5	15	20
'shrub'	'silt loam'	1	0.15	0.75	1000000	0.0004	0.5	18
400	25	15	5	15	20
'Forest' 'silt loam'	1	0.06	0.5	1000000	0.0004	0.5	23
400	25	15	5	15	20
'Forest' 'silt loam'	1	0.06	0.5	1000000	0.0004	0.5	28
400	25	15	5	15	20
#
#  Clay Loams
#
'skid'	'clay loam'	1	0.2	0.75	1500000	0.0002	1	6
300	25	30	5	25	20
'HIGH'	'clay loam'	1	0.1	0.75	1500000	0.0003	1	14
400	25	30	5	25	20
'LOW'	'clay loam'	1	0.15	0.75	1500000	0.00025	1  	18
400	25	30	5	25	20
'SHORT'	'clay loam'	1	0.15	0.75	1500000	0.0002	1 	18
400	25	30	5	25	20
'TALL'	'clay loam'	1	0.15	0.75	1500000	0.0002	1	24
400	25	30	5	25	20
'shrub'	'clay loam'	1	0.15	0.75	1500000	0.0002	1	28
400	25	30	5	25	20
'Forest' 'clay loam'	1	0.06	0.5	400000	0.0002	1	33
400	25	30	5	25	20
'Forest' 'clay loam'	1	0.06	0.5	400000	0.0002	1	35
400	25	30	5	25	20
#
#  Loams
#
'skid'	'loam'		1	0.2	0.75	1000000	0.0003	1	8
300	45	20	5	20	20
'HIGH'	'loam'		1	0.1	0.75	1000000	0.0005	1	15
400	45	20	5	20	20
'LOW'	'loam'		1	0.15	0.75	1000000	0.0004	1 	23
400	45	20	5	20	20
'SHORT'	'loam'		1	0.15	0.75	1000000	0.0003	1	23
400	45	20	5	20	20
'TALL'	'loam'		1	0.15	0.75	1000000	0.0003	1	30
400	45	20	5	20	20
'shrub'	'loam'		1	0.15	0.75	1000000	0.0003	1	31
400	45	20	5	20	20
'Forest' 'loam'		1	0.06	0.5	400000	0.0003	1	36
400	45	20	5	20	20
'Forest' 'loam'		1	0.06	0.5	400000	0.0003	1	38
400	45	20	5	20	20

