diannegibson

0
13000
6300
e1,1,1,1,1,1,1,
e2,1,1,1,1,0,1,
e3,0,0,0,0,1,0,
e4,1,1,1,1,1,1,
w1,1,1,1,1,1,1,
w2,1,1,1,1,0,1,
t1,1,1,1,1,0,1,
t2,0,0,0,0,0,0,
t3,4,4,4,4,1,2,
r1,1,1,1,1,1,1,
r2,1,1,1,1,1,0,
r3,1,1,1,1,1,1,
r4,1,1,1,1,1,1,
r5,1,1,1,1,1,1,
r6,0,0,0,0,0,0,
r7,1,1,1,1,0,1,
r8,3,3,3,3,0,3,
p1,1,1,1,1,0,1,
p2,1,1,1,1,0,1,
s1,0,0,0,0,0,0,
e,1,0,1,0,
w,1,1,1,0,
t,0,1,0,
r,0,0,1,1,0,1,0,0,0,
p,0,0,
s,0,1,1,0,0,0,
kpilgrim

0
6350
5000
e1,1,0,1,1,0,0,
e2,1,1,1,1,0,0,
e3,0,1,0,1,0,0,
e4,0,0,1,0,0,0,
w1,1,1,1,1,0,0,
w2,0,1,0,1,0,0,
t1,1,0,1,0,0,0,
t2,0,0,0,0,0,0,
t3,,,,,,,
r1,1,0,1,0,0,0,
r2,1,1,1,1,0,0,
r3,1,1,1,1,0,0,
r4,0,0,0,0,0,0,
r5,1,1,1,1,0,0,
r6,1,1,1,1,0,0,
r7,1,1,1,1,0,0,
r8,4,3,4,2,,,
p1,0,0,0,0,0,0,
p2,1,1,1,1,0,0,
s1,0,0,0,0,0,0,
e,1,1,0,0,
w,1,1,1,0,
t,0,1,0,
r,0,1,0,0,0,0,1,0,0,
p,0,1,
s,0,0,0,0,1,0,
sbear

0






















e,,,,,
w,,,,,
t,,,,
r,,,,,,,,,,
p,,,
s,,,,,,,
ahudak

10
7450
4900
e1,1,0,1,1,1,0,
e2,0,1,0,0,1,1,
e3,0,1,0,0,1,1,
e4,0,0,0,0,0,0,
w1,1,1,1,1,1,1,
w2,1,1,1,1,1,1,
t1,1,1,1,1,1,1,
t2,1,0,1,1,0,0,
t3,0,0,0,0,0,0,
r1,1,1,1,1,1,1,
r2,1,1,1,1,1,1,
r3,0,1,0,0,1,1,
r4,0,1,0,0,1,1,
r5,1,1,1,1,1,1,
r6,1,1,1,1,1,1,
r7,0,1,0,0,1,1,
r8,0,0,0,0,0,0,
p1,0,1,0,0,0,0,
p2,0,0,0,0,0,0,
s1,0,0,0,0,0,0,
e,1,1,0,0,
w,0,1,0,0,
t,0,1,0,
r,0,0,1,1,1,0,1,0,0,
p,0,0,
s,0,1,0,0,1,0,
benjamincbright

10
10350
5900
e1,1,1,1,1,0,1,
e2,1,0,0,0,1,1,
e3,1,1,0,1,1,1,
e4,1,1,1,1,0,1,
w1,1,1,1,0,1,1,
w2,1,1,1,1,1,1,
t1,0,0,0,0,0,0,
t2,0,0,0,0,0,0,
t3,,,,,,3,
r1,0,0,0,0,0,0,
r2,1,1,1,1,1,1,
r3,1,1,1,0,1,1,
r4,1,1,1,1,1,1,
r5,1,1,1,1,1,1,
r6,0,0,0,0,0,0,
r7,1,1,1,1,1,1,
r8,5,5,3,5,5,3,
p1,0,0,0,0,0,0,
p2,0,0,0,0,0,0,
s1,0,0,0,0,0,0,
e,1,1,1,0,
w,1,0,0,0,
t,0,1,0,
r,0,0,1,1,1,0,1,0,0,
p,0,0,
s,0,1,0,0,0,0,
ddumroese

10
14600
9700
e1,1,1,1,1,1,1,
e2,1,1,1,1,1,1,
e3,1,1,1,1,0,1,
e4,1,1,1,1,1,1,
w1,1,1,1,1,1,1,
w2,1,1,0,1,1,0,
t1,1,1,1,0,1,1,
t2,1,1,1,0,1,1,
t3,4,5,5,3,4,5,
r1,0,1,0,0,1,0,
r2,1,1,1,1,1,1,
r3,1,1,1,1,1,1,
r4,1,1,0,1,0,0,
r5,1,1,1,1,1,1,
r6,0,1,0,0,0,0,
r7,1,1,1,0,1,0,
r8,3,4,0,5,2,5,
p1,0,0,0,0,0,0,
p2,1,1,0,0,0,0,
s1,0,0,0,0,0,0,
e,1,1,1,0,
w,1,1,1,0,
t,0,1,1,
r,0,1,1,1,0,1,1,0,0,
p,0,0,
s,0,1,1,1,1,0,
dehall

10
9950
6900
e1,0,0,0,0,0,0,
e2,1,1,1,1,1,1,
e3,1,1,1,1,1,1,
e4,1,1,1,1,1,1,
w1,1,1,1,1,1,1,
w2,1,1,1,1,1,1,
t1,1,1,1,1,1,0,
t2,0,0,0,0,0,0,
t3,,,,,,1,
r1,1,1,1,1,1,1,
r2,1,1,1,1,1,1,
r3,1,1,1,1,1,1,
r4,1,1,1,1,1,1,
r5,1,1,1,1,1,1,
r6,0,1,0,1,1,1,
r7,1,1,1,1,1,1,
r8,,,,,,,
p1,0,0,0,0,0,1,
p2,0,0,0,1,0,0,
s1,0,0,0,0,0,1,
e,1,0,1,0,
w,1,0,1,0,
t,0,0,0,
r,1,1,1,1,1,0,1,0,0,
p,0,0,
s,0,0,1,1,1,0,
jpinto

10
16400
5100
e1,1,0,0,1,1,1,
e2,1,1,1,1,1,1,
e3,1,1,1,1,1,1,
e4,1,1,1,1,1,1,
w1,1,1,1,1,1,1,
w2,1,1,1,1,1,1,
t1,1,1,1,1,1,1,
t2,1,0,0,1,1,1,
t3,5,2,1,5,5,5,
r1,1,1,1,1,1,1,
r2,1,1,1,1,1,1,
r3,1,1,1,1,1,1,
r4,1,1,1,1,1,1,
r5,1,1,1,1,1,1,
r6,1,1,1,1,1,1,
r7,1,1,1,1,1,1,
r8,5,2,1,5,5,5,
p1,0,0,0,0,0,0,
p2,1,1,1,1,1,1,
s1,0,0,0,0,0,0,
e,1,0,0,0,
w,1,1,1,0,
t,1,1,0,
r,1,0,1,1,0,0,1,0,0,
p,0,0,
s,0,1,0,0,0,0,
jtirocke

10
13750
7800
e1,1,1,1,1,1,1,
e2,1,1,1,1,1,1,
e3,1,1,1,1,1,1,
e4,0,0,0,0,0,0,
w1,1,1,1,1,1,1,
w2,1,1,1,1,1,1,
t1,1,1,1,1,1,1,
t2,1,1,1,1,1,1,
t3,,,1,3,,,
r1,1,1,1,1,1,1,
r2,1,1,1,1,1,1,
r3,0,0,0,0,0,0,
r4,1,1,1,1,1,1,
r5,1,1,1,1,1,1,
r6,1,1,1,1,1,0,
r7,1,1,1,1,1,1,
r8,3,3,4,5,3,3,
p1,0,0,0,0,0,0,
p2,0,0,0,0,0,0,
s1,1,1,1,0,1,1,
e,1,1,1,0,
w,1,1,1,0,
t,0,1,0,
r,1,1,1,1,1,0,0,0,0,
p,0,1,
s,1,1,0,0,0,0,
kdumroese

10
7850
8400
e1,1,1,1,0,0,0,
e2,1,1,1,1,1,0,
e3,1,1,1,0,0,0,
e4,1,1,1,0,0,0,
w1,1,1,1,1,1,0,
w2,0,0,0,0,0,0,
t1,1,1,0,0,0,0,
t2,0,0,0,0,0,0,
t3,5,5,5,5,5,,
r1,1,1,0,0,0,0,
r2,1,1,0,0,0,0,
r3,1,1,0,0,0,0,
r4,0,0,0,0,0,0,
r5,1,1,1,1,1,0,
r6,0,0,0,0,0,0,
r7,1,1,0,0,0,0,
r8,4,4,,,,,
p1,0,0,0,0,0,0,
p2,0,0,0,0,0,0,
s1,0,0,0,0,0,0,
e,1,1,1,0,
w,1,1,1,0,
t,0,1,1,
r,1,1,1,1,0,1,1,0,0,
p,0,0,
s,0,1,0,0,0,0,
lbehler

10
8700
6700
e1,0,0,0,0,0,0,
e2,1,1,1,1,1,1,
e3,1,1,1,1,1,1,
e4,1,0,1,1,1,1,
w1,0,0,1,1,1,1,
w2,0,0,0,0,0,0,
t1,1,1,1,1,1,1,
t2,0,0,0,0,0,0,
t3,,,,,,,
r1,0,0,1,0,1,1,
r2,1,1,1,1,1,1,
r3,0,1,0,0,0,0,
r4,0,0,0,0,0,0,
r5,1,1,1,1,1,1,
r6,0,0,0,0,0,0,
r7,1,1,1,1,1,1,
r8,3,1,2,3,3,4,
p1,0,0,0,0,0,0,
p2,1,1,1,1,1,1,
s1,0,0,0,0,0,0,
e,1,1,1,0,
w,1,0,0,0,
t,0,1,0,
r,0,1,0,1,1,1,1,0,0,
p,0,0,
s,0,1,0,0,1,0,
mamiller

10
13850
5800
e1,1,1,1,1,1,1,
e2,1,1,1,1,1,1,
e3,1,1,1,1,1,1,
e4,1,1,1,1,1,1,
w1,1,1,1,1,1,1,
w2,1,1,1,1,1,1,
t1,1,1,1,1,1,1,
t2,1,0,1,1,1,1,
t3,1,2,2,2,1,1,
r1,0,0,0,0,0,0,
r2,1,1,1,1,1,1,
r3,0,1,1,1,1,1,
r4,0,0,0,0,0,0,
r5,1,1,1,1,1,0,
r6,1,1,1,1,1,1,
r7,1,1,1,1,1,1,
r8,3,3,2,2,2,2,
p1,1,1,1,1,1,1,
p2,1,1,1,1,1,1,
s1,0,0,0,0,0,0,
e,1,0,0,1,
w,1,1,0,0,
t,0,1,0,
r,0,0,1,1,1,1,0,0,0,
p,0,0,
s,0,1,0,0,0,0,
richardtucker

10
12200
7700
e1,1,1,1,1,1,1,
e2,1,1,1,1,1,1,
e3,1,1,1,1,1,1,
e4,1,1,1,1,1,1,
w1,1,1,1,1,1,1,
w2,0,0,0,0,0,0,
t1,1,1,1,1,1,1,
t2,1,1,1,1,0,0,
t3,0,0,4,3,3,2,
r1,0,0,0,0,0,0,
r2,1,1,1,1,1,1,
r3,0,0,0,1,0,0,
r4,1,1,1,1,1,1,
r5,1,1,1,1,1,1,
r6,1,1,1,1,1,1,
r7,1,1,1,1,1,1,
r8,,,,,,,
p1,1,1,1,1,1,1,
p2,1,1,1,1,1,1,
s1,0,0,0,0,0,0,
e,0,0,1,0,
w,0,1,1,0,
t,0,0,0,
r,0,1,1,1,0,1,1,1,0,
p,0,1,
s,0,1,0,1,0,0,
sarahlewis

10
5900
2600
e1,1,1,1,0,0,0,
e2,1,1,1,0,0,0,
e3,1,1,0,0,0,0,
e4,0,0,0,0,0,0,
w1,1,1,1,0,0,0,
w2,1,1,1,0,0,0,
t1,1,1,1,0,0,0,
t2,0,0,0,0,0,0,
t3,1,1,1,,,,
r1,1,1,1,0,0,0,
r2,1,1,1,0,0,0,
r3,1,1,1,0,0,0,
r4,0,0,0,0,0,0,
r5,1,1,1,0,0,0,
r6,1,1,1,0,0,0,
r7,1,1,1,0,0,0,
r8,4,4,4,,,,
p1,1,1,1,0,0,0,
p2,1,1,0,0,0,0,
s1,0,0,0,0,0,0,
e,0,0,0,0,
w,1,1,0,0,
t,0,1,0,
r,0,0,0,0,0,1,1,0,0,
p,0,0,
s,0,0,0,0,0,0,
suemiller

10
14600
5900
e1,0,0,1,1,1,1,
e2,0,1,1,1,1,1,
e3,0,1,1,1,1,1,
e4,1,1,1,1,1,1,
w1,1,1,1,1,1,1,
w2,1,1,1,1,1,0,
t1,0,0,1,0,1,0,
t2,0,0,0,0,0,0,
t3,0,0,0,4,3,2,
r1,0,0,1,1,0,0,
r2,0,1,1,1,1,1,
r3,1,1,1,1,1,1,
r4,1,1,1,1,1,1,
r5,1,1,1,1,1,1,
r6,1,1,1,1,1,1,
r7,1,1,1,1,1,1,
r8,0,3,4,5,5,3,
p1,0,0,1,1,0,0,
p2,1,1,1,1,1,0,
s1,1,1,1,1,1,1,
e,1,0,0,0,
w,1,1,1,0,
t,1,1,0,
r,0,1,1,1,0,0,1,0,0,
p,0,0,
s,1,1,0,1,0,0,
tjain

10
6350
5200
e1,1,1,1,0,0,1,
e2,1,1,1,0,0,1,
e3,1,0,0,0,0,0,
e4,1,1,1,0,0,1,
w1,0,0,0,0,0,0,
w2,0,0,0,0,0,0,
t1,0,0,0,0,0,0,
t2,0,0,0,0,0,0,
t3,,,,,,,
r1,1,1,1,1,1,1,
r2,0,0,0,0,0,0,
r3,0,0,0,0,0,0,
r4,1,1,1,0,0,1,
r5,1,1,1,0,0,1,
r6,0,0,0,0,0,0,
r7,1,1,1,0,0,1,
r8,5,5,5,,,5,
p1,0,0,0,0,0,0,
p2,0,0,0,0,0,0,
s1,0,0,0,0,0,0,
e,0,0,1,0,
w,1,1,1,0,
t,0,1,0,
r,0,1,0,0,0,0,1,0,0,
p,0,1,
s,0,0,0,0,0,0,
welliot

10
9050
2800
e1,1,1,1,1,1,1,
e2,1,1,1,1,1,1,
e3,0,0,0,0,0,0,
e4,0,0,0,0,0,0,
w1,1,1,1,1,1,1,
w2,0,0,0,0,0,0,
t1,1,1,1,1,1,1,
t2,0,0,1,0,0,0,
t3,,,,,,,
r1,0,0,0,0,0,0,
r2,1,1,1,1,1,1,
r3,1,1,1,1,1,1,
r4,1,1,1,1,1,1,
r5,1,1,1,1,1,1,
r6,1,0,0,0,0,0,
r7,1,1,1,1,1,1,
r8,4,4,1,5,2,5,
p1,0,0,0,0,0,0,
p2,1,1,1,1,1,1,
s1,0,0,0,0,0,0,
e,0,1,0,0,
w,1,0,0,0,
t,0,1,0,
r,1,0,0,0,0,1,1,0,0,
p,0,0,
s,0,0,0,0,0,0,
bbialach

11
3900
4400
e1,1,1,0,0,0,0,
e2,1,1,0,0,0,0,
e3,1,1,0,0,0,0,
e4,1,1,0,0,0,0,
w1,1,1,0,0,0,0,
w2,1,1,0,0,0,0,
t1,1,1,0,0,0,0,
t2,0,0,0,0,0,0,
t3,,,,,,,
r1,1,1,0,0,0,0,
r2,1,1,0,0,0,0,
r3,1,1,0,0,0,0,
r4,1,1,0,0,0,0,
r5,1,1,0,0,0,0,
r6,1,1,0,0,0,0,
r7,1,1,0,0,0,0,
r8,,,,,,,
p1,1,1,0,0,0,0,
p2,1,1,0,0,0,0,
s1,0,0,0,0,0,0,
e,0,1,0,0,
w,1,0,0,0,
t,0,1,0,
r,0,1,1,1,0,1,1,0,0,
p,0,0,
s,0,1,0,0,0,0,
brookerice

11
14300
8100
e1,1,1,1,1,1,0,
e2,0,0,0,1,0,0,
e3,1,1,1,1,1,0,
e4,1,1,1,1,1,0,
w1,1,1,1,1,1,0,
w2,1,1,1,1,1,0,
t1,1,1,1,1,1,0,
t2,1,1,1,1,1,0,
t3,1,2,4,5,5,,
r1,1,0,1,1,0,0,
r2,1,1,1,1,1,0,
r3,1,1,1,1,1,0,
r4,1,1,1,1,1,0,
r5,1,1,1,1,1,0,
r6,1,1,1,1,1,0,
r7,1,1,1,1,1,0,
r8,3,5,5,5,3,,
p1,0,1,0,0,0,0,
p2,1,1,1,1,1,0,
s1,1,0,0,1,0,0,
e,1,0,1,0,
w,1,1,1,0,
t,0,1,0,
r,1,1,1,1,0,1,1,0,0,
p,0,0,
s,1,1,1,0,1,0,
debraisaacson

11
11250
9000
e1,1,1,1,1,1,0,
e2,1,1,1,1,1,1,
e3,1,1,1,1,1,1,
e4,1,1,1,0,1,1,
w1,1,1,1,1,1,1,
w2,0,0,0,0,0,0,
t1,1,0,1,1,0,1,
t2,1,0,0,0,1,0,
t3,,,,,,,
r1,1,1,1,1,1,1,
r2,1,1,1,1,1,1,
r3,0,1,1,1,1,1,
r4,0,0,0,0,0,0,
r5,1,1,1,1,1,0,
r6,0,0,0,0,0,0,
r7,1,1,1,1,1,1,
r8,4,5,3,5,4,2,
p1,0,0,0,0,0,0,
p2,1,1,1,1,1,1,
s1,0,0,0,0,0,0,
e,1,1,1,0,
w,1,1,1,0,
t,0,1,0,
r,0,1,1,1,0,1,1,0,0,
p,0,1,
s,1,1,0,0,0,1,
dkdonahue

11
13800
4600
e1,1,1,1,1,1,1,
e2,1,1,1,1,1,1,
e3,1,1,1,1,1,1,
e4,1,1,1,1,1,0,
w1,1,1,1,1,1,1,
w2,0,0,0,0,0,0,
t1,1,1,1,1,1,1,
t2,0,0,0,0,0,0,
t3,4,4,4,5,4,4,
r1,1,1,1,1,1,1,
r2,1,1,1,1,1,1,
r3,0,0,1,1,1,1,
r4,0,0,0,0,0,0,
r5,1,1,1,1,1,1,
r6,1,1,1,0,0,0,
r7,1,1,1,0,0,0,
r8,4,4,4,5,4,4,
p1,1,1,1,1,1,1,
p2,0,0,0,0,0,0,
s1,0,0,0,0,0,0,
e,1,0,1,0,
w,1,0,0,0,
t,0,1,0,
r,0,0,0,0,0,0,0,0,0,
p,0,1,
s,0,1,1,0,0,0,
jbakken

11
11250
6000
e1,1,1,1,1,1,1,
e2,1,1,1,1,1,1,
e3,1,1,1,1,1,1,
e4,0,0,0,0,0,0,
w1,1,1,1,1,1,1,
w2,0,0,0,0,0,0,
t1,0,0,0,0,0,0,
t2,0,0,0,0,0,0,
t3,4,5,5,5,5,5,
r1,0,0,0,0,0,0,
r2,0,0,0,0,0,0,
r3,1,1,1,1,1,1,
r4,1,1,1,1,1,1,
r5,1,1,1,1,1,1,
r6,1,0,0,0,0,0,
r7,1,1,1,1,1,1,
r8,5,5,3,3,3,3,
p1,0,0,0,0,0,0,
p2,0,0,0,0,0,0,
s1,0,1,0,0,0,0,
e,1,1,0,0,
w,1,0,1,0,
t,0,1,0,
r,0,1,1,1,0,0,1,0,0,
p,0,0,
s,0,1,0,0,1,1,
jmetsky

11
14450
3300
e1,1,1,1,1,1,1,
e2,0,0,0,0,1,0,
e3,1,1,1,1,1,1,
e4,1,1,1,1,1,1,
w1,1,1,1,1,1,1,
w2,1,1,1,1,1,1,
t1,1,1,1,1,1,1,
t2,1,1,1,1,1,1,
t3,1,,,,,,
r1,1,1,1,1,1,1,
r2,1,1,1,1,1,1,
r3,1,1,1,1,1,1,
r4,1,1,1,1,1,1,
r5,1,1,1,1,1,1,
r6,1,1,1,1,1,1,
r7,1,1,1,1,1,1,
r8,5,4,5,3,5,3,
p1,0,0,0,0,0,0,
p2,1,1,1,1,1,1,
s1,0,0,0,0,0,0,
e,1,1,0,0,
w,0,1,0,0,
t,0,1,0,
r,1,1,0,0,0,0,0,0,0,
p,0,1,
s,1,0,0,0,0,0,
melissapriest

11
9100
10700
e1,1,1,1,1,1,1,
e2,0,1,0,0,1,0,
e3,1,1,1,1,1,1,
e4,0,0,0,0,0,0,
w1,1,1,1,1,1,1,
w2,0,0,0,0,0,0,
t1,1,1,1,1,1,1,
t2,0,0,0,0,0,0,
t3,,,,,,,
r1,0,0,0,0,0,0,
r2,1,1,1,1,1,1,
r3,1,1,1,1,1,1,
r4,1,1,1,1,1,1,
r5,1,1,1,1,1,1,
r6,1,1,1,1,1,1,
r7,1,1,1,1,1,1,
r8,2,1,3,2,2,3,
p1,0,1,0,0,1,1,
p2,1,1,1,1,1,1,
s1,0,0,0,0,0,0,
e,1,1,1,1,
w,1,1,1,0,
t,0,1,0,
r,0,1,1,1,0,1,1,0,0,
p,0,1,
s,1,1,1,0,1,0,
mrubey

11
8500
6800
e1,1,1,1,1,1,1,
e2,1,1,1,1,1,1,
e3,1,1,1,1,1,1,
e4,0,0,0,0,0,0,
w1,1,1,1,1,1,1,
w2,0,1,1,1,0,1,
t1,1,1,1,1,1,1,
t2,0,0,0,0,0,0,
t3,,,,,,,
r1,0,0,0,0,0,0,
r2,1,1,1,1,1,1,
r3,1,0,0,0,0,0,
r4,1,1,1,1,1,1,
r5,1,1,1,1,1,1,
r6,1,1,1,1,1,1,
r7,1,1,1,1,1,1,
r8,2,2,1,1,2,2,
p1,0,0,0,0,0,0,
p2,1,0,0,0,0,0,
s1,0,0,0,0,0,0,
e,1,1,1,0,
w,1,1,1,0,
t,0,1,0,
r,0,0,1,1,0,0,0,0,0,
p,0,0,
s,0,1,1,0,1,0,
mstettler

11
10750
8600
e1,1,1,1,1,1,0,
e2,0,0,0,0,0,0,
e3,0,0,0,0,0,0,
e4,1,1,1,1,1,1,
w1,1,1,1,1,1,1,
w2,1,1,1,1,1,1,
t1,1,1,1,1,1,1,
t2,1,1,1,1,1,1,
t3,1,3,4,2,4,5,
r1,0,0,0,0,0,0,
r2,1,1,1,1,1,1,
r3,0,0,0,0,0,0,
r4,0,0,0,0,0,0,
r5,1,1,1,1,1,1,
r6,0,0,0,0,0,0,
r7,1,1,1,1,0,0,
r8,2,4,2,,,,
p1,1,1,1,1,1,1,
p2,0,0,0,0,0,0,
s1,0,0,0,0,0,0,
e,0,1,1,0,
w,1,1,1,0,
t,0,1,0,
r,0,1,1,1,0,1,0,0,0,
p,0,1,
s,1,1,1,0,0,1,
rsafiran

11
9900
5500
e1,1,1,1,1,1,1,
e2,1,1,1,1,1,1,
e3,0,0,0,0,0,0,
e4,1,1,1,1,1,1,
w1,1,1,1,1,1,1,
w2,0,0,1,1,0,0,
t1,1,1,1,1,1,1,
t2,1,1,1,1,1,1,
t3,,,,,,,
r1,0,0,0,0,0,0,
r2,1,1,1,1,1,1,
r3,0,0,0,1,0,0,
r4,1,1,1,1,1,1,
r5,1,1,1,1,1,1,
r6,1,1,1,1,1,1,
r7,1,1,1,1,1,1,
r8,,,,,,,
p1,0,0,0,0,0,0,
p2,1,1,0,1,0,0,
s1,0,0,0,0,0,0,
e,1,0,1,0,
w,1,1,1,0,
t,0,1,0,
r,1,0,1,1,0,0,0,0,0,
p,0,0,
s,0,1,0,0,0,0,
sfrandsen

11
9900
8800
e1,1,1,1,1,1,1,
e2,0,0,0,0,0,0,
e3,1,1,1,1,1,1,
e4,1,1,1,1,1,1,
w1,1,1,1,1,1,1,
w2,0,0,0,0,0,0,
t1,1,1,1,1,1,1,
t2,1,1,1,1,1,1,
t3,,,,,,,
r1,1,1,1,1,1,1,
r2,1,1,1,1,1,1,
r3,1,1,1,1,1,1,
r4,0,0,0,0,0,0,
r5,1,1,1,1,1,1,
r6,0,0,0,0,0,0,
r7,0,0,0,0,0,0,
r8,,,,,,,
p1,1,1,1,1,1,1,
p2,1,1,1,1,1,1,
s1,0,0,0,0,0,0,
e,1,1,1,0,
w,1,1,1,0,
t,1,1,0,
r,0,1,1,1,0,1,0,1,0,
p,0,0,
s,1,1,1,0,0,0,
sgoeking

11
10900
6500
e1,1,1,1,1,1,0,
e2,1,0,1,1,1,0,
e3,1,1,1,1,1,0,
e4,1,1,1,1,1,0,
w1,1,1,1,1,1,0,
w2,1,1,1,1,1,0,
t1,1,1,1,0,0,0,
t2,1,0,1,0,0,0,
t3,5,5,5,0,0,,
r1,0,0,1,0,0,0,
r2,1,1,0,0,0,0,
r3,0,0,1,1,0,0,
r4,1,1,1,0,1,0,
r5,1,1,1,1,1,0,
r6,0,0,0,0,0,0,
r7,1,1,1,1,1,0,
r8,3,4,5,2,2,,
p1,1,1,0,0,0,0,
p2,1,0,0,1,1,0,
s1,0,0,0,0,0,0,
e,1,0,1,0,
w,1,1,1,0,
t,0,1,0,
r,0,1,0,0,0,1,1,0,0,
p,0,1,
s,0,1,0,0,0,0,
sheenajordan

11
14100
10200
e1,1,1,1,1,1,1,
e2,1,1,1,1,1,1,
e3,1,1,1,1,1,0,
e4,1,1,1,1,1,1,
w1,1,1,1,1,1,1,
w2,1,0,0,0,0,0,
t1,1,1,1,1,1,1,
t2,0,1,1,0,0,0,
t3,1,,,,,,
r1,1,1,1,1,1,1,
r2,1,1,1,1,1,1,
r3,1,1,1,1,1,1,
r4,1,1,1,1,1,1,
r5,1,1,1,1,1,1,
r6,1,1,1,1,1,1,
r7,1,1,1,1,1,1,
r8,3,5,5,5,5,4,
p1,1,1,1,1,1,1,
p2,0,0,0,0,0,0,
s1,1,0,0,0,0,0,
e,1,1,1,1,
w,1,1,0,0,
t,0,1,0,
r,0,1,1,1,1,1,1,0,0,
p,0,1,
s,1,1,0,0,1,0,
dchapel

12
12050
10900
e1,1,1,1,0,1,1,
e2,1,1,1,0,1,1,
e3,1,1,1,0,1,1,
e4,1,1,1,0,1,1,
w1,1,1,1,0,1,1,
w2,1,1,1,1,1,1,
t1,1,1,1,1,1,1,
t2,0,0,0,0,0,0,
t3,0,0,0,,,,
r1,1,1,1,1,1,1,
r2,1,1,1,0,1,1,
r3,1,1,1,0,1,1,
r4,1,1,1,1,1,1,
r5,1,1,1,0,1,1,
r6,1,1,1,0,1,1,
r7,1,1,1,1,1,1,
r8,5,5,4,,4,4,
p1,0,0,0,0,0,0,
p2,1,1,1,1,1,1,
s1,0,0,0,0,0,0,
e,1,1,1,1,
w,1,1,1,1,
t,0,1,0,
r,0,0,1,1,0,1,1,0,0,
p,0,1,
s,1,1,1,0,0,0,
swolsey

12
8100
7400
e1,1,1,1,1,1,1,
e2,0,0,0,0,0,0,
e3,0,0,0,0,0,0,
e4,1,1,1,1,1,1,
w1,1,1,1,1,1,1,
w2,0,0,0,0,0,0,
t1,1,1,1,1,1,1,
t2,0,0,0,0,0,0,
t3,,,,,,,
r1,0,0,0,0,0,0,
r2,1,1,1,1,1,1,
r3,0,0,0,0,0,0,
r4,1,1,1,1,1,1,
r5,1,1,1,1,1,1,
r6,1,1,1,1,1,1,
r7,1,1,1,1,1,1,
r8,,,,,,,
p1,1,1,1,1,1,1,
p2,1,1,1,1,1,1,
s1,0,0,0,0,0,0,
e,1,0,1,0,
w,1,1,1,0,
t,0,0,0,
r,1,0,1,1,0,1,1,0,0,
p,0,1,
s,0,1,1,0,0,0,
bhanberry

13
5900
3800
e1,1,1,1,0,0,0,
e2,1,1,1,0,0,0,
e3,0,0,0,0,0,0,
e4,1,1,1,0,0,0,
w1,1,1,1,0,0,0,
w2,1,1,1,0,0,0,
t1,1,1,1,0,0,0,
t2,0,0,0,0,0,0,
t3,2,2,,,,,
r1,0,0,0,0,0,0,
r2,1,1,1,0,0,0,
r3,1,1,1,0,0,0,
r4,1,1,1,0,0,0,
r5,1,1,1,0,0,0,
r6,1,1,1,0,0,0,
r7,1,1,1,0,0,0,
r8,2,2,,,,,
p1,1,1,1,0,0,0,
p2,1,1,1,0,0,0,
s1,0,0,0,0,0,0,
e,1,0,1,0,
w,0,1,1,0,
t,0,1,0,
r,0,0,0,0,1,0,0,0,0,
p,0,0,
s,0,0,0,0,0,0,
dboard

1
7550
4500
e1,0,1,1,1,1,0,
e2,0,0,0,0,0,0,
e3,0,0,0,1,0,0,
e4,1,1,1,1,1,1,
w1,1,1,1,1,1,1,
w2,1,1,1,1,1,1,
t1,0,0,0,0,0,0,
t2,0,0,0,0,0,0,
t3,,,,,,,
r1,0,0,0,0,0,0,
r2,0,0,0,1,1,0,
r3,0,0,0,1,0,0,
r4,1,1,1,1,1,1,
r5,1,1,1,1,1,1,
r6,0,0,0,1,1,0,
r7,1,1,1,1,1,1,
r8,4,3,,,,,
p1,0,1,1,1,1,1,
p2,0,0,0,1,1,1,
s1,0,0,0,0,0,0,
e,1,0,1,0,
w,0,0,1,0,
t,0,0,0,
r,0,1,0,0,0,0,1,0,0,
p,0,1,
s,0,0,0,0,1,0,
dhawksworth

1
2050
3400
e1,0,0,0,0,0,0,
e2,0,1,0,0,1,1,
e3,0,0,0,1,0,1,
e4,0,0,0,0,0,0,
w1,0,0,1,1,1,1,
w2,0,0,0,0,0,0,
t1,0,0,0,0,0,0,
t2,0,0,0,0,0,0,
t3,,,,,,,
r1,0,0,0,1,0,1,
r2,0,0,0,0,0,0,
r3,0,0,0,0,0,0,
r4,0,0,0,0,0,0,
r5,0,1,0,0,1,1,
r6,0,0,0,1,0,0,
r7,0,0,0,0,1,0,
r8,,,,,,,
p1,0,0,0,0,0,0,
p2,0,0,0,0,1,1,
s1,0,0,0,0,0,0,
e,0,1,0,0,
w,1,0,0,0,
t,0,1,0,
r,0,1,0,0,1,0,1,0,0,
p,0,0,
s,0,0,0,0,1,0,
ydranspot

1
3500
5100
e1,0,1,0,1,1,1,
e2,0,0,0,0,0,0,
e3,0,0,0,0,0,0,
e4,0,0,0,0,0,1,
w1,1,1,1,0,1,0,
w2,0,0,0,0,0,0,
t1,0,0,1,0,0,1,
t2,0,0,0,1,1,0,
t3,,,,,,,
r1,0,0,0,1,0,1,
r2,0,0,1,0,0,1,
r3,0,0,0,1,0,0,
r4,0,0,0,0,0,0,
r5,0,1,1,1,1,1,
r6,0,0,0,0,0,0,
r7,0,0,0,1,0,1,
r8,1,,,,,,
p1,0,0,0,0,0,0,
p2,0,0,0,0,1,1,
s1,0,0,0,0,0,0,
e,0,1,0,1,
w,0,1,0,0,
t,0,1,0,
r,0,1,0,0,0,1,1,0,0,
p,0,0,
s,1,0,0,0,1,0,
bhahn

2
750
1600
e1,0,0,0,0,0,0,
e2,0,0,0,0,0,0,
e3,1,0,0,0,0,0,
e4,0,0,0,0,0,0,
w1,0,0,0,0,0,0,
w2,0,0,0,0,0,0,
t1,0,0,0,0,0,0,
t2,0,0,0,0,0,0,
t3,,,,,,,
r1,1,0,0,0,0,0,
r2,1,0,0,0,0,0,
r3,1,0,0,0,0,0,
r4,1,0,0,0,0,0,
r5,1,0,0,0,0,0,
r6,0,0,0,0,0,0,
r7,1,0,0,0,0,0,
r8,,,,,,,
p1,0,0,0,0,0,0,
p2,0,0,0,0,0,0,
s1,0,0,0,0,0,0,
e,0,0,0,0,
w,0,0,0,0,
t,0,0,0,
r,0,0,0,0,0,0,1,0,0,
p,0,0,
s,0,1,0,0,1,0,
cmiller04

2
9600
1600
e1,1,1,1,1,1,0,
e2,1,1,1,1,1,0,
e3,0,0,0,0,0,0,
e4,1,1,1,1,1,0,
w1,1,1,1,1,1,0,
w2,1,1,1,1,1,0,
t1,0,0,0,0,0,0,
t2,0,0,0,0,0,0,
t3,4,3,1,3,4,,
r1,1,1,1,1,1,0,
r2,0,0,0,0,0,0,
r3,1,1,1,1,1,0,
r4,1,1,1,1,1,0,
r5,1,1,1,1,1,0,
r6,0,0,0,0,1,0,
r7,1,1,1,1,1,0,
r8,1,4,5,3,2,,
p1,0,0,0,0,0,0,
p2,0,0,0,0,0,0,
s1,0,0,0,0,0,0,
e,0,1,0,0,
w,0,0,0,0,
t,0,1,0,
r,0,0,0,0,0,0,1,0,0,
p,0,0,
s,0,0,0,0,0,0,
dlpaige

2
8900
6400
e1,0,1,0,0,1,0,
e2,1,0,1,1,1,0,
e3,0,0,0,0,0,0,
e4,0,0,0,1,0,0,
w1,1,1,1,1,1,0,
w2,0,1,0,1,0,0,
t1,0,1,1,1,1,0,
t2,0,0,0,0,0,0,
t3,3,4,4,4,3,,
r1,0,0,0,0,0,0,
r2,1,1,1,1,1,0,
r3,1,0,0,1,0,0,
r4,1,0,0,1,0,0,
r5,0,1,1,0,1,0,
r6,1,0,0,1,1,0,
r7,1,1,1,1,1,0,
r8,4,5,3,3,3,,
p1,0,0,0,0,0,0,
p2,1,1,1,0,0,0,
s1,1,1,0,0,0,0,
e,1,1,1,0,
w,1,0,0,0,
t,0,0,0,
r,1,1,1,1,0,0,1,1,0,
p,0,0,
s,0,1,0,0,0,0,
sfox

2
1350
3700
e1,0,0,0,0,0,1,
e2,0,0,0,0,0,1,
e3,0,0,0,0,1,0,
e4,0,0,0,0,0,0,
w1,0,0,0,0,1,1,
w2,0,0,0,0,0,1,
t1,0,0,0,0,1,0,
t2,0,0,0,0,0,0,
t3,,,,,,,
r1,0,0,0,0,1,0,
r2,0,0,0,0,1,1,
r3,0,0,0,0,0,0,
r4,0,0,0,0,0,0,
r5,0,0,0,0,0,0,
r6,0,0,0,0,0,0,
r7,0,0,0,0,0,0,
r8,,,,,,,
p1,0,0,0,0,0,0,
p2,0,0,0,0,1,1,
s1,0,0,0,0,0,0,
e,1,0,1,0,
w,1,0,0,0,
t,0,0,0,
r,0,1,1,0,0,0,1,0,0,
p,0,0,
s,0,0,0,0,0,0,
ebsmith02

3
8350
5600
e1,1,1,1,1,1,1,
e2,0,0,0,0,0,0,
e3,0,0,0,0,1,1,
e4,1,1,1,1,1,1,
w1,1,1,1,1,1,1,
w2,1,1,1,0,1,0,
t1,0,1,1,1,1,1,
t2,1,1,0,1,1,1,
t3,,,,,,,
r1,1,1,1,0,0,0,
r2,1,1,1,0,1,1,
r3,0,0,0,0,0,0,
r4,0,0,0,0,0,0,
r5,1,1,1,1,1,1,
r6,0,0,0,0,0,0,
r7,1,1,1,1,1,1,
r8,,,,,,,
p1,0,0,0,0,0,0,
p2,1,1,1,1,1,1,
s1,0,0,0,0,0,0,
e,1,1,1,0,
w,1,0,0,0,
t,0,0,0,
r,0,0,1,1,0,0,1,0,0,
p,0,0,
s,1,0,1,0,1,0,
jmdue

3
10100
7300
e1,1,1,1,1,1,1,
e2,0,0,0,0,0,0,
e3,1,1,1,1,1,1,
e4,1,1,1,1,1,1,
w1,1,1,1,1,1,1,
w2,0,0,0,0,0,0,
t1,1,1,1,1,1,1,
t2,0,0,0,0,0,0,
t3,2,,,,,,
r1,1,0,1,1,1,1,
r2,1,1,1,1,1,1,
r3,1,1,1,1,1,1,
r4,1,0,0,0,0,0,
r5,1,1,1,1,1,1,
r6,0,0,0,0,0,0,
r7,1,1,1,1,1,0,
r8,4,3,4,3,4,2,
p1,0,0,0,0,0,0,
p2,1,0,0,0,0,1,
s1,0,0,0,0,0,0,
e,1,0,1,0,
w,1,0,0,0,
t,0,1,0,
r,1,1,1,1,0,1,0,0,0,
p,0,1,
s,1,1,1,0,1,0,
rpokorney

3
10200
6700
e1,1,1,1,1,1,1,
e2,1,1,1,1,1,1,
e3,1,1,1,1,1,1,
e4,0,0,0,0,1,1,
w1,1,1,1,1,1,1,
w2,1,1,1,1,1,1,
t1,1,1,1,1,1,1,
t2,0,0,0,0,0,0,
t3,2,2,1,2,2,2,
r1,0,0,0,0,0,0,
r2,1,1,1,1,1,1,
r3,0,1,0,0,0,0,
r4,1,1,1,1,1,1,
r5,1,1,1,1,1,1,
r6,0,0,0,0,0,0,
r7,1,1,1,1,1,1,
r8,3,3,0,,3,3,
p1,1,1,1,0,0,0,
p2,0,0,0,0,0,0,
s1,0,0,0,0,0,0,
e,1,0,1,0,
w,1,0,0,0,
t,1,1,0,
r,0,1,1,1,0,0,1,0,0,
p,0,0,
s,0,1,0,1,1,0,
sherrywollrab

3
1500
3100
e1,0,0,0,0,0,1,
e2,0,0,0,0,0,0,
e3,0,0,0,0,0,0,
e4,0,0,0,0,0,0,
w1,0,0,0,0,0,1,
w2,0,0,0,0,0,1,
t1,0,0,0,0,0,1,
t2,0,0,0,0,0,1,
t3,,,,,,0,
r1,0,0,0,0,0,1,
r2,0,0,0,0,0,1,
r3,0,0,0,0,0,1,
r4,0,0,0,0,0,1,
r5,0,0,0,0,0,1,
r6,0,0,0,0,0,1,
r7,0,0,0,0,0,1,
r8,,,,,,0,
p1,0,0,0,0,0,0,
p2,0,0,0,0,0,1,
s1,0,0,0,0,0,0,
e,0,0,1,0,
w,1,0,0,0,
t,0,0,0,
r,0,0,0,0,0,1,1,0,0,
p,0,0,
s,0,0,0,0,0,0,
dmarchwick

4
8000
7500
e1,1,1,1,0,0,0,
e2,1,1,1,0,0,0,
e3,1,1,1,0,0,0,
e4,1,1,0,0,0,0,
w1,1,1,1,0,0,0,
w2,0,0,0,0,0,0,
t1,1,1,1,0,0,0,
t2,1,1,1,0,0,0,
t3,5,5,5,,,,
r1,1,1,0,0,0,0,
r2,1,1,1,0,0,0,
r3,1,1,1,0,0,0,
r4,1,1,1,0,0,0,
r5,1,1,1,0,0,0,
r6,0,0,0,0,0,0,
r7,1,1,1,0,0,0,
r8,5,5,5,,,,
p1,0,0,0,0,0,0,
p2,0,0,0,0,0,0,
s1,0,0,0,0,0,0,
e,1,1,0,1,
w,0,1,1,0,
t,0,1,1,
r,0,1,0,0,0,1,1,0,0,
p,0,1,
s,0,0,0,1,0,0,
jrhaas

4
10800
9200
e1,1,1,1,1,1,1,
e2,1,0,1,1,1,1,
e3,1,0,1,1,1,1,
e4,1,1,1,1,1,1,
w1,1,1,1,1,1,1,
w2,1,1,1,1,1,1,
t1,1,1,1,1,1,1,
t2,0,1,1,0,0,0,
t3,0,0,0,,,,
r1,1,1,1,1,1,1,
r2,1,1,1,1,1,1,
r3,1,1,1,1,1,1,
r4,1,1,1,1,1,1,
r5,1,1,1,0,1,0,
r6,1,1,1,0,1,0,
r7,1,1,1,1,1,1,
r8,0,0,0,,,,
p1,0,0,0,0,0,0,
p2,1,1,1,1,0,1,
s1,0,0,0,0,0,0,
e,1,1,1,0,
w,1,0,1,0,
t,0,1,1,
r,1,1,1,1,0,0,1,0,0,
p,0,1,
s,0,1,1,0,1,0,
jrunyon

4
2150
4500
e1,1,1,1,0,0,0,
e2,1,1,1,0,0,0,
e3,1,0,0,0,0,0,
e4,1,0,0,0,0,0,
w1,0,0,0,0,0,0,
w2,0,0,0,0,0,0,
t1,0,0,0,0,0,0,
t2,0,0,0,0,0,0,
t3,,,,,,,
r1,0,0,0,0,0,0,
r2,1,1,1,0,0,0,
r3,1,1,0,0,0,0,
r4,0,0,0,0,0,0,
r5,1,1,1,0,0,0,
r6,0,0,0,0,0,0,
r7,0,0,0,0,0,0,
r8,,,,,,,
p1,0,0,0,0,0,0,
p2,0,0,0,0,0,0,
s1,0,0,0,0,0,0,
e,0,1,1,0,
w,1,0,0,0,
t,0,1,0,
r,0,0,1,1,0,0,0,0,0,
p,0,0,
s,0,1,0,0,0,0,
ahill01

5
0
2400
e1,0,0,0,0,0,0,
e2,0,0,0,0,0,0,
e3,0,0,0,0,0,0,
e4,0,0,0,0,0,0,
w1,0,0,0,0,0,0,
w2,0,0,0,0,0,0,
t1,0,0,0,0,0,0,
t2,0,0,0,0,0,0,
t3,,,,,,,
r1,0,0,0,0,0,0,
r2,0,0,0,0,0,0,
r3,0,0,0,0,0,0,
r4,0,0,0,0,0,0,
r5,0,0,0,0,0,0,
r6,0,0,0,0,0,0,
r7,0,0,0,0,0,0,
r8,,,,,,,
p1,0,0,0,0,0,0,
p2,0,0,0,0,0,0,
s1,0,0,0,0,0,0,
e,1,0,0,0,
w,1,0,0,0,
t,0,1,0,
r,0,1,0,0,0,0,0,0,0,
p,0,1,
s,0,0,0,0,0,0,
bstrohmeyer

5
5350
7000
e1,1,1,1,0,0,0,
e2,1,1,1,0,0,0,
e3,1,1,1,0,0,0,
e4,1,1,1,0,0,0,
w1,0,0,1,0,0,0,
w2,1,1,1,0,0,0,
t1,1,1,1,0,0,0,
t2,0,0,0,0,0,0,
t3,2,3,2,,,,
r1,0,0,1,0,0,0,
r2,0,0,0,0,0,0,
r3,0,1,0,0,0,0,
r4,1,1,1,0,0,0,
r5,1,1,1,0,0,0,
r6,0,0,0,0,0,0,
r7,1,1,1,0,0,0,
r8,2,1,1,,,,
p1,0,0,0,0,0,0,
p2,0,1,1,0,0,0,
s1,0,0,0,0,0,0,
e,1,1,0,1,
w,0,1,1,0,
t,0,1,0,
r,0,1,1,1,0,0,1,0,0,
p,0,1,
s,0,0,0,0,1,0,
cdbeardwilson

5
4200
11700
e1,0,0,0,0,0,0,
e2,0,0,0,0,0,0,
e3,0,0,0,0,0,0,
e4,0,0,1,1,1,0,
w1,1,1,1,1,1,0,
w2,0,0,0,0,0,0,
t1,0,0,0,0,0,0,
t2,0,0,0,0,0,0,
t3,,,,,,,
r1,0,0,0,0,0,0,
r2,1,1,1,1,1,0,
r3,0,0,1,1,1,0,
r4,1,1,1,1,1,0,
r5,0,0,0,0,0,0,
r6,1,1,1,1,1,0,
r7,1,1,1,1,1,0,
r8,,,,,,,
p1,0,0,0,0,0,0,
p2,1,1,1,1,1,0,
s1,0,0,0,0,0,0,
e,1,1,1,1,
w,1,1,1,0,
t,1,1,0,
r,1,1,1,1,0,1,1,1,0,
p,0,1,
s,0,1,1,0,0,0,
jganey

5
16300
6700
e1,1,1,1,1,1,1,
e2,1,1,1,1,1,1,
e3,1,1,1,1,1,1,
e4,1,1,1,1,1,1,
w1,1,1,1,1,1,1,
w2,1,1,1,1,1,1,
t1,1,1,1,1,1,1,
t2,1,1,1,1,1,1,
t3,5,2,1,2,2,3,
r1,0,0,1,1,1,1,
r2,1,1,1,1,0,1,
r3,1,1,1,1,1,1,
r4,1,0,0,0,0,0,
r5,1,1,1,1,1,1,
r6,0,0,0,0,0,0,
r7,1,1,1,1,1,1,
r8,5,5,5,5,5,5,
p1,1,1,1,1,1,1,
p2,1,1,1,1,1,1,
s1,0,0,0,0,0,0,
e,1,1,1,0,
w,0,1,1,0,
t,0,1,0,
r,1,1,0,0,0,1,1,0,0,
p,0,1,
s,0,0,0,0,1,0,
jiniguez

5
6750
1800
e1,1,1,1,1,1,0,
e2,1,1,1,1,1,1,
e3,1,1,1,1,1,1,
e4,0,0,0,0,0,0,
w1,1,1,1,1,1,1,
w2,0,0,0,0,0,0,
t1,1,1,1,1,1,1,
t2,0,0,0,0,0,0,
t3,,,,,,,
r1,0,0,0,0,0,0,
r2,1,1,1,1,1,1,
r3,0,0,0,0,0,0,
r4,0,0,0,0,0,0,
r5,1,1,1,1,1,1,
r6,1,1,1,1,1,1,
r7,1,1,1,1,1,1,
r8,,,,,,,
p1,1,1,1,1,1,1,
p2,0,0,0,0,0,0,
s1,0,0,0,0,0,0,
e,1,0,0,1,
w,0,0,0,0,
t,0,0,0,
r,0,0,0,0,0,0,0,0,0,
p,0,0,
s,0,0,0,0,0,0,
jleonards

5
1700
4400
e1,1,0,0,0,0,0,
e2,0,0,0,0,0,0,
e3,1,0,0,0,0,0,
e4,0,0,0,0,0,0,
w1,1,0,0,0,0,0,
w2,0,0,0,0,0,0,
t1,1,0,0,0,0,0,
t2,0,0,0,0,0,0,
t3,1,,,,,,
r1,1,0,0,0,0,0,
r2,1,0,0,0,0,0,
r3,1,0,0,0,0,0,
r4,1,0,0,0,0,0,
r5,1,0,0,0,0,0,
r6,0,0,0,0,0,0,
r7,1,0,0,0,0,0,
r8,5,,,,,,
p1,0,0,0,0,0,0,
p2,0,0,0,0,0,0,
s1,0,0,0,0,0,0,
e,0,1,1,0,
w,0,0,1,0,
t,0,1,0,
r,0,0,0,0,0,0,1,0,0,
p,0,1,
s,0,0,0,0,0,0,
jleonard

5
9550
6900
e1,1,1,1,1,1,1,
e2,0,0,0,0,0,0,
e3,1,1,1,1,1,0,
e4,0,0,0,0,0,0,
w1,1,1,1,1,1,1,
w2,1,1,1,1,1,1,
t1,1,1,1,1,1,1,
t2,0,0,0,0,0,0,
t3,1,1,1,1,1,,
r1,1,1,1,1,1,1,
r2,1,1,1,1,1,0,
r3,1,1,1,1,1,0,
r4,1,1,1,1,1,0,
r5,1,1,1,1,1,0,
r6,0,0,0,0,0,0,
r7,1,1,1,1,1,0,
r8,5,5,5,5,5,,
p1,0,0,0,0,0,0,
p2,0,0,0,0,0,0,
s1,0,0,0,0,0,0,
e,0,1,1,1,
w,0,1,1,0,
t,0,1,0,
r,0,0,0,0,0,0,1,0,0,
p,0,1,
s,0,0,0,1,0,0,
jlsanderlin

5
14150
6200
e1,0,0,0,0,0,0,
e2,1,1,1,1,1,1,
e3,1,1,1,0,1,1,
e4,1,1,1,1,1,1,
w1,1,1,1,1,1,1,
w2,1,1,1,1,1,1,
t1,0,1,1,1,1,1,
t2,0,0,0,0,0,0,
t3,5,3,5,5,5,5,
r1,0,0,0,0,0,0,
r2,1,1,1,1,1,1,
r3,1,1,1,1,1,1,
r4,1,1,1,1,1,1,
r5,1,1,1,1,1,1,
r6,0,0,0,0,1,0,
r7,1,1,1,1,1,1,
r8,5,5,5,5,5,4,
p1,1,0,0,0,0,0,
p2,0,0,0,0,1,0,
s1,0,0,0,0,0,0,
e,0,0,1,1,
w,1,0,0,0,
t,0,1,0,
r,1,0,1,1,0,0,0,0,0,
p,0,0,
s,0,1,0,0,1,0,
kcobb

5
11050
10400
e1,1,1,1,1,1,1,
e2,1,1,0,1,1,1,
e3,0,0,0,0,0,0,
e4,0,1,1,0,1,0,
w1,0,1,1,1,1,1,
w2,1,1,0,0,1,0,
t1,0,1,1,1,1,1,
t2,0,0,0,0,0,0,
t3,1,,,,,,
r1,1,1,1,1,1,1,
r2,0,1,0,1,1,0,
r3,1,1,1,1,1,1,
r4,1,1,1,1,1,1,
r5,1,1,1,1,1,1,
r6,1,1,1,1,1,1,
r7,1,1,1,1,1,1,
r8,4,4,4,5,4,5,
p1,0,0,0,0,0,0,
p2,1,1,1,1,1,1,
s1,0,0,0,0,0,0,
e,0,1,1,0,
w,1,1,0,0,
t,1,1,0,
r,0,1,1,1,1,1,1,1,0,
p,0,1,
s,1,1,0,1,1,0,
rglopez

5
9650
6400
e1,1,1,1,0,0,0,
e2,1,1,1,1,1,1,
e3,1,1,1,1,0,0,
e4,0,0,0,1,0,0,
w1,1,1,1,1,1,1,
w2,1,1,1,1,1,1,
t1,1,1,1,1,1,1,
t2,1,1,1,0,0,1,
t3,2,1,1,1,2,,
r1,0,0,0,0,0,0,
r2,1,1,1,1,1,0,
r3,0,1,1,1,1,1,
r4,1,1,1,1,1,1,
r5,1,1,1,1,1,1,
r6,1,1,1,1,1,1,
r7,1,1,1,1,1,1,
r8,1,1,1,1,1,,
p1,0,0,0,0,0,0,
p2,0,0,0,0,0,0,
s1,0,0,0,0,0,0,
e,1,1,1,0,
w,1,1,1,0,
t,0,1,0,
r,0,0,1,1,0,0,1,0,0,
p,0,0,
s,0,1,0,0,0,0,
sauza

5
11050
7500
e1,1,1,1,1,1,1,
e2,1,1,1,1,1,1,
e3,1,1,1,1,1,1,
e4,0,0,0,0,0,0,
w1,1,1,1,1,1,1,
w2,0,0,0,0,0,0,
t1,1,1,1,1,1,1,
t2,1,0,0,0,0,0,
t3,1,1,,,,,
r1,0,0,0,0,0,0,
r2,1,1,1,1,1,1,
r3,1,1,1,1,1,1,
r4,1,1,1,1,1,1,
r5,1,1,1,1,1,1,
r6,1,1,1,1,1,1,
r7,1,1,1,1,1,1,
r8,5,5,5,5,5,,
p1,0,0,0,0,0,0,
p2,1,1,1,1,1,1,
s1,0,0,0,0,0,0,
e,1,1,1,0,
w,1,1,1,0,
t,0,1,0,
r,1,1,1,1,0,0,0,0,0,
p,0,0,
s,1,1,1,1,0,0,
sbear

5
10000
7700
e1,1,1,1,1,1,1,
e2,1,1,1,1,1,1,
e3,1,1,1,1,1,1,
e4,1,1,1,1,1,1,
w1,1,1,1,1,1,1,
w2,0,0,0,0,0,0,
t1,0,0,0,0,0,0,
t2,0,0,0,0,0,0,
t3,,,,,,,
r1,0,0,0,0,0,0,
r2,1,1,1,1,1,1,
r3,1,1,1,1,1,1,
r4,0,0,0,0,0,0,
r5,1,1,1,1,1,1,
r6,0,0,0,0,0,0,
r7,1,1,1,1,1,1,
r8,5,5,5,5,5,,
p1,0,0,0,0,0,0,
p2,0,0,0,0,0,0,
s1,0,0,0,0,0,0,
e,1,1,1,0,
w,1,1,1,0,
t,0,1,0,
r,0,1,1,1,0,1,1,0,0,
p,0,0,
s,0,1,1,0,0,0,
smowen

5
11950
5400
e1,1,1,1,1,1,1,
e2,0,0,0,0,0,0,
e3,1,1,1,1,1,1,
e4,1,1,1,1,1,1,
w1,1,1,1,1,1,1,
w2,1,1,1,1,1,1,
t1,1,1,1,1,0,0,
t2,1,0,0,0,0,0,
t3,3,,,,3,1,
r1,1,1,1,1,0,0,
r2,1,1,1,1,0,0,
r3,1,1,1,1,0,0,
r4,1,0,0,0,0,0,
r5,1,1,1,1,1,1,
r6,1,0,0,0,0,1,
r7,1,1,1,1,1,1,
r8,5,5,5,5,5,5,
p1,0,0,0,0,0,0,
p2,1,0,0,0,0,0,
s1,0,0,0,0,0,0,
e,1,1,0,0,
w,1,0,1,0,
t,0,1,0,
r,0,0,1,1,0,0,1,0,0,
p,0,0,
s,0,1,1,0,1,0,
wblock

5
10100
5900
e1,1,1,1,1,1,1,
e2,1,0,1,1,1,1,
e3,1,0,1,1,1,1,
e4,0,0,1,1,1,1,
w1,1,1,1,1,1,1,
w2,0,1,1,1,1,1,
t1,1,0,1,1,1,1,
t2,0,0,0,0,0,0,
t3,3,,,,,2,
r1,1,0,1,1,1,1,
r2,1,1,1,1,1,1,
r3,0,0,0,0,0,0,
r4,1,0,1,1,1,1,
r5,1,0,1,1,1,1,
r6,0,0,1,1,1,1,
r7,1,0,1,1,1,1,
r8,3,,3,3,3,2,
p1,0,0,0,0,0,0,
p2,0,0,0,0,0,0,
s1,0,0,0,0,0,0,
e,1,1,0,0,
w,1,0,1,0,
t,0,1,0,
r,1,1,1,1,0,0,1,0,0,
p,0,0,
s,0,1,1,0,1,0,
aharris

6
4500
5200
e1,1,1,1,1,1,1,
e2,1,1,1,1,1,1,
e3,0,0,0,0,0,0,
e4,0,0,0,0,0,0,
w1,1,1,1,1,1,1,
w2,0,0,0,0,0,0,
t1,0,0,0,0,0,0,
t2,0,0,0,0,0,0,
t3,,,,,,,
r1,0,0,0,0,0,0,
r2,1,1,1,1,1,1,
r3,0,0,0,0,0,0,
r4,0,0,0,0,0,0,
r5,1,1,1,1,1,1,
r6,1,0,0,0,0,0,
r7,1,1,1,1,1,1,
r8,,,,,2,,
p1,0,0,0,0,0,0,
p2,0,0,0,0,0,0,
s1,0,0,0,0,0,0,
e,0,1,1,0,
w,1,0,0,0,
t,0,1,0,
r,0,0,1,1,0,0,0,0,0,
p,0,0,
s,1,1,1,0,0,0,
ameliaclavelle

6
8550
6200
e1,1,1,1,1,1,0,
e2,1,1,1,1,1,0,
e3,1,1,1,1,1,0,
e4,1,0,0,0,0,0,
w1,1,1,1,1,1,0,
w2,0,1,0,0,0,0,
t1,1,1,1,1,1,0,
t2,0,0,0,0,0,0,
t3,,,,,,,
r1,1,0,0,0,0,0,
r2,1,1,1,1,1,0,
r3,1,1,1,1,1,0,
r4,1,1,1,1,1,0,
r5,1,1,1,1,1,0,
r6,0,0,0,0,0,0,
r7,1,1,1,1,1,0,
r8,5,4,4,5,4,,
p1,0,0,0,0,0,0,
p2,1,0,0,0,0,0,
s1,0,0,0,0,0,0,
e,0,1,1,0,
w,1,1,0,0,
t,0,1,0,
r,1,0,1,1,0,0,0,0,0,
p,0,0,
s,0,1,0,1,1,0,
cclay

6
9950
2700
e1,1,1,1,1,1,1,
e2,0,0,0,0,0,0,
e3,1,1,1,1,1,1,
e4,1,1,1,1,1,1,
w1,1,1,1,1,1,1,
w2,0,0,0,0,0,0,
t1,0,0,0,0,0,0,
t2,0,1,0,0,0,0,
t3,,,,,,,
r1,0,1,0,0,0,0,
r2,1,1,1,1,1,1,
r3,1,1,1,1,1,1,
r4,0,0,0,0,0,0,
r5,1,1,1,1,1,1,
r6,0,0,1,1,1,0,
r7,1,1,1,1,1,1,
r8,5,4,5,4,4,5,
p1,0,0,0,0,0,0,
p2,0,0,0,0,0,0,
s1,0,0,0,0,0,0,
e,0,0,0,0,
w,1,0,0,0,
t,0,1,0,
r,0,0,1,1,0,0,0,0,0,
p,0,0,
s,1,1,0,0,0,0,
cfarley

6
9200
4700
e1,1,1,1,1,1,0,
e2,1,1,1,1,1,0,
e3,1,1,1,1,1,0,
e4,1,1,1,1,1,0,
w1,0,0,0,0,0,0,
w2,0,0,0,0,0,0,
t1,0,0,0,0,0,0,
t2,1,1,1,1,1,0,
t3,0,2,2,2,2,,
r1,0,0,0,0,0,0,
r2,1,1,1,1,1,0,
r3,1,0,0,0,1,0,
r4,1,1,1,1,1,0,
r5,1,1,1,1,1,0,
r6,0,0,0,0,0,0,
r7,1,1,1,1,1,0,
r8,1,1,1,2,1,,
p1,1,1,1,1,1,0,
p2,0,0,0,0,1,0,
s1,0,0,0,0,0,0,
e,1,1,1,0,
w,1,0,0,0,
t,0,0,0,
r,0,1,0,0,0,0,1,0,0,
p,0,0,
s,0,1,0,0,1,0,
diannegibson

6
11500
7700
e1,1,1,1,1,1,0,
e2,1,1,1,1,1,0,
e3,0,0,0,0,1,0,
e4,1,1,1,1,1,0,
w1,1,1,1,1,1,0,
w2,1,1,1,1,1,0,
t1,1,1,1,1,0,0,
t2,1,1,1,0,0,0,
t3,5,4,4,3,1,,
r1,1,1,1,1,1,0,
r2,1,1,1,1,1,0,
r3,1,1,1,1,1,0,
r4,1,1,1,1,1,0,
r5,1,1,1,0,0,0,
r6,0,0,0,1,0,0,
r7,1,1,1,1,1,0,
r8,3,3,3,,,,
p1,0,0,1,0,1,0,
p2,1,1,1,1,1,0,
s1,0,0,0,0,0,0,
e,1,0,1,0,
w,1,1,1,0,
t,0,1,0,
r,0,0,1,1,0,1,1,0,0,
p,0,1,
s,0,1,1,0,0,0,
ewescott

6
10800
2600
e1,1,1,1,1,1,0,
e2,1,1,1,1,1,0,
e3,0,0,0,0,0,0,
e4,1,1,1,1,1,0,
w1,1,1,1,1,0,0,
w2,1,1,1,1,0,0,
t1,0,0,0,0,0,0,
t2,0,0,0,0,0,0,
t3,3,3,3,3,3,,
r1,1,1,1,1,1,0,
r2,1,1,1,1,1,0,
r3,1,1,1,1,1,0,
r4,1,1,1,1,1,0,
r5,1,1,1,1,1,0,
r6,0,0,0,0,0,0,
r7,1,1,1,1,1,0,
r8,5,5,5,5,5,,
p1,0,0,0,0,0,0,
p2,0,0,0,0,0,0,
s1,0,0,0,0,0,0,
e,0,0,1,0,
w,0,0,0,0,
t,0,1,0,
r,0,0,0,0,0,0,1,0,0,
p,0,0,
s,0,0,0,0,0,0,
jechase

6
12400
6100
e1,1,1,1,1,1,1,
e2,1,1,1,1,1,1,
e3,0,0,0,0,0,0,
e4,1,1,1,1,0,1,
w1,1,0,1,1,1,1,
w2,0,1,0,1,0,0,
t1,0,0,1,0,1,1,
t2,0,0,0,1,0,1,
t3,,,,,,,
r1,1,1,1,1,1,1,
r2,1,0,1,1,1,1,
r3,1,1,1,1,1,1,
r4,1,1,1,1,1,1,
r5,1,1,1,1,1,1,
r6,1,1,1,1,1,1,
r7,1,1,1,1,1,1,
r8,3,3,2,3,3,3,
p1,0,0,0,0,0,0,
p2,0,1,0,1,1,1,
s1,0,1,1,1,0,1,
e,1,0,0,0,
w,1,1,1,0,
t,1,1,0,
r,1,1,1,1,0,0,1,0,0,
p,0,0,
s,1,1,1,0,0,0,
jenniferhayes

6
12550
4700
e1,1,1,1,1,1,1,
e2,1,1,1,1,1,1,
e3,1,1,1,1,1,1,
e4,1,0,0,1,1,0,
w1,1,1,1,1,1,1,
w2,1,1,1,1,1,1,
t1,1,1,1,1,0,0,
t2,0,0,0,0,0,0,
t3,1,1,1,1,1,1,
r1,1,1,1,1,1,0,
r2,1,1,1,1,1,1,
r3,1,1,1,1,1,0,
r4,1,1,1,1,1,1,
r5,1,1,1,1,1,1,
r6,1,1,1,1,1,0,
r7,1,1,1,1,1,1,
r8,3,4,4,3,4,3,
p1,0,0,0,1,0,0,
p2,0,1,0,1,1,0,
s1,0,0,0,1,0,0,
e,1,0,0,0,
w,1,0,1,0,
t,0,1,0,
r,0,1,1,1,0,0,1,0,0,
p,0,0,
s,0,1,0,0,1,0,
kbwalker

6
8400
2000
e1,1,1,1,1,1,0,
e2,1,1,1,1,1,0,
e3,0,0,0,0,0,0,
e4,1,1,1,1,1,0,
w1,1,1,1,1,1,0,
w2,0,0,0,0,0,0,
t1,1,1,1,1,1,0,
t2,0,0,0,0,0,0,
t3,1,1,1,1,1,,
r1,0,0,0,0,0,0,
r2,1,1,1,1,1,0,
r3,1,1,1,1,1,0,
r4,0,0,0,0,0,0,
r5,1,1,1,1,1,0,
r6,0,0,0,0,0,0,
r7,1,1,1,1,0,0,
r8,4,4,4,4,4,,
p1,0,0,0,0,0,0,
p2,0,0,0,0,0,0,
s1,0,0,0,0,0,0,
e,0,0,1,0,
w,0,0,0,0,
t,0,1,0,
r,0,0,0,0,0,0,0,0,0,
p,0,0,
s,0,0,0,0,0,0,
kendraterrell

6
16900
10900
e1,1,1,1,1,1,1,
e2,1,1,1,1,1,1,
e3,1,1,1,1,1,1,
e4,1,1,1,1,1,1,
w1,1,1,1,1,1,1,
w2,0,0,0,0,0,0,
t1,1,1,1,1,1,1,
t2,1,1,1,1,1,1,
t3,2,3,2,2,2,2,
r1,1,1,1,1,1,1,
r2,1,1,1,1,1,1,
r3,1,1,1,1,1,1,
r4,1,1,1,1,1,1,
r5,1,1,1,1,1,1,
r6,1,1,1,1,1,1,
r7,1,1,1,1,1,1,
r8,5,5,5,5,5,5,
p1,1,1,1,1,1,1,
p2,1,1,1,1,1,1,
s1,0,0,0,0,0,0,
e,1,1,1,0,
w,1,1,1,0,
t,1,1,1,
r,1,1,1,1,1,1,1,0,0,
p,0,1,
s,1,1,1,0,0,0,
lawrencelam

6
10500
2600
e1,1,1,1,1,1,1,
e2,1,1,1,1,1,1,
e3,1,1,1,1,1,1,
e4,1,1,1,1,1,1,
w1,0,0,0,0,0,0,
w2,0,0,0,0,0,0,
t1,0,0,0,0,0,0,
t2,0,0,0,0,0,0,
t3,5,5,5,5,5,5,
r1,0,0,0,0,0,0,
r2,0,0,0,0,0,0,
r3,1,1,1,1,1,1,
r4,0,0,0,0,0,0,
r5,1,1,1,1,1,1,
r6,0,0,0,0,0,0,
r7,0,0,0,0,0,0,
r8,3,3,3,3,3,3,
p1,0,0,0,0,0,0,
p2,0,0,0,0,0,0,
s1,0,0,0,0,0,0,
e,0,0,0,0,
w,1,0,0,0,
t,0,0,0,
r,0,0,1,1,0,0,1,0,0,
p,0,0,
s,0,1,0,0,0,0,
lbojanowski

6
12000
4600
e1,1,1,1,1,1,1,
e2,1,1,1,1,1,1,
e3,0,0,0,0,0,0,
e4,1,1,1,1,1,1,
w1,1,1,1,1,1,1,
w2,1,1,1,1,1,1,
t1,1,0,1,1,1,1,
t2,0,0,0,0,0,0,
t3,3, ,3,3,2,,
r1,0,1,1,1,1,1,
r2,1,1,1,1,1,1,
r3,1,1,1,1,1,1,
r4,0,0,0,0,0,0,
r5,1,1,1,1,1,1,
r6,0,0,0,0,0,0,
r7,1,1,1,1,1,0,
r8,5,4,5,5,3,3,
p1,0,0,0,0,0,0,
p2,1,1,0,0,1,0,
s1,0,0,0,0,0,0,
e,1,0,0,0,
w,1,1,0,0,
t,0,1,0,
r,0,0,1,1,0,0,1,0,0,
p,0,0,
s,1,1,1,0,0,0,
lporth

6
7000
2800
e1,1,1,1,1,1,1,
e2,0,0,0,0,0,0,
e3,0,0,0,0,0,0,
e4,0,1,0,1,1,1,
w1,0,0,0,0,0,0,
w2,0,0,0,0,0,0,
t1,0,0,0,0,1,1,
t2,0,0,0,0,0,0,
t3,2,2,1,2,3,2,
r1,0,0,0,0,0,0,
r2,1,1,0,1,1,1,
r3,1,1,1,0,0,1,
r4,0,0,0,0,0,0,
r5,1,1,1,1,1,1,
r6,0,0,0,0,0,0,
r7,1,1,1,1,1,1,
r8,2,2,1,1,2,5,
p1,0,0,0,0,0,0,
p2,0,0,1,0,0,0,
s1,0,0,0,0,0,0,
e,1,0,0,0,
w,1,0,0,0,
t,0,1,0,
r,0,0,1,1,0,0,0,0,0,
p,0,0,
s,0,1,0,0,0,0,
mmetten

6
11200
4200
e1,0,1,1,1,1,1,
e2,0,1,1,1,1,1,
e3,0,0,0,0,0,0,
e4,0,1,0,1,0,1,
w1,1,1,1,1,1,1,
w2,1,1,1,1,1,1,
t1,0,0,0,0,0,0,
t2,0,0,0,0,0,0,
t3,3,3,3,3,1,3,
r1,1,1,1,1,1,1,
r2,0,0,0,0,0,0,
r3,1,1,1,1,1,1,
r4,0,0,0,0,0,0,
r5,1,1,1,1,1,1,
r6,0,0,0,0,0,0,
r7,1,1,1,1,1,1,
r8,5,5,5,5,5,5,
p1,1,1,1,1,1,1,
p2,0,0,0,0,0,0,
s1,0,0,0,0,0,0,
e,1,0,0,0,
w,1,0,0,0,
t,0,0,0,
r,0,1,1,1,0,0,1,0,0,
p,0,1,
s,1,1,0,0,0,0,
ncclark

6
6550
6000
e1,0,0,0,0,0,0,
e2,1,1,1,1,1,0,
e3,0,0,0,0,0,0,
e4,0,0,0,0,0,0,
w1,0,0,0,0,0,0,
w2,1,1,1,1,1,0,
t1,0,0,0,0,0,0,
t2,0,0,0,0,0,0,
t3,1,2,1,1,1,,
r1,1,1,1,1,1,0,
r2,1,1,1,1,1,0,
r3,1,0,1,0,1,0,
r4,1,1,1,1,1,0,
r5,1,1,1,1,0,0,
r6,0,0,0,0,0,0,
r7,1,1,1,1,1,0,
r8,4,4,4,4,4,,
p1,0,0,0,0,0,0,
p2,0,0,0,0,0,0,
s1,0,0,0,0,0,0,
e,1,0,1,0,
w,1,1,1,0,
t,0,1,0,
r,0,1,0,0,0,1,1,0,0,
p,0,1,
s,0,0,0,0,0,0,
pcohn

6
12750
300
e1,0,1,1,1,1,0,
e2,0,1,1,1,1,1,
e3,0,1,1,1,1,1,
e4,1,1,1,1,1,0,
w1,1,1,1,1,1,1,
w2,1,1,1,1,1,1,
t1,1,1,1,1,1,1,
t2,1,0,0,0,0,0,
t3,3,2,2,2,,3,
r1,0,1,1,1,1,1,
r2,0,1,1,1,1,1,
r3,1,1,1,1,1,1,
r4,0,0,0,0,0,0,
r5,1,0,1,1,1,1,
r6,1,0,1,0,1,1,
r7,1,1,1,1,1,1,
r8,2,5,5,5,5,4,
p1,0,0,0,0,0,0,
p2,0,0,1,0,0,1,
s1,0,0,0,0,0,0,
e,1,0,0,0,
w,0,0,0,0,
t,0,0,0,
r,0,0,0,0,0,0,0,0,0,
p,0,0,
s,0,0,0,0,0,0,
sbear

6
9900
5600
e1,0,0,0,0,0,0,
e2,1,1,1,1,1,1,
e3,0,0,1,1,0,0,
e4,1,1,1,1,1,1,
w1,1,1,1,1,1,1,
w2,0,0,0,0,0,0,
t1,0,0,0,0,0,0,
t2,0,0,0,0,0,0,
t3,1,1,2,2,2,2,
r1,0,0,0,0,1,1,
r2,1,1,1,1,1,1,
r3,1,0,1,1,1,0,
r4,1,1,1,1,1,1,
r5,1,1,1,1,1,1,
r6,0,0,0,0,0,1,
r7,1,1,1,1,1,1,
r8,3,2,3,2,3,4,
p1,0,0,0,0,0,0,
p2,1,1,1,0,1,1,
s1,0,0,0,0,0,0,
e,1,0,1,0,
w,1,0,0,0,
t,0,1,0,
r,0,1,1,1,0,1,0,0,0,
p,0,0,
s,0,1,0,0,1,0,
sdunphy

6
13150
7100
e1,1,1,1,1,1,1,
e2,1,1,1,1,1,1,
e3,1,1,1,1,1,1,
e4,1,1,1,1,1,1,
w1,1,1,1,1,1,1,
w2,1,1,1,1,1,1,
t1,1,1,1,0,0,0,
t2,0,1,0,0,0,0,
t3,,,,,,3,
r1,1,1,1,1,0,1,
r2,1,1,1,1,1,1,
r3,1,1,1,0,1,1,
r4,1,1,1,1,1,1,
r5,1,1,0,1,1,1,
r6,1,0,0,1,0,1,
r7,1,1,1,1,1,1,
r8,5,5,5,5,4,3,
p1,0,0,0,0,0,0,
p2,1,1,0,0,0,1,
s1,0,0,0,0,0,0,
e,1,0,1,0,
w,1,1,1,0,
t,0,1,0,
r,0,0,1,1,1,0,1,0,0,
p,0,0,
s,1,1,0,1,0,0,
tmoothart

6
3850
4100
e1,0,0,0,0,0,0,
e2,1,1,1,1,1,0,
e3,0,0,0,0,0,0,
e4,1,1,1,1,1,0,
w1,0,0,0,0,1,0,
w2,0,0,0,0,0,0,
t1,0,0,0,0,0,0,
t2,0,0,0,0,0,0,
t3,,,,,,,
r1,0,0,0,0,0,0,
r2,0,0,1,1,1,0,
r3,0,0,0,0,0,0,
r4,0,0,0,0,0,0,
r5,1,1,0,1,1,0,
r6,1,1,1,0,1,0,
r7,1,0,1,1,1,0,
r8,0,,,,,,
p1,0,0,0,0,0,0,
p2,0,0,0,0,0,0,
s1,0,0,0,0,0,0,
e,0,0,1,0,
w,1,1,0,0,
t,0,0,0,
r,0,1,0,0,0,1,0,0,0,
p,0,1,
s,0,0,0,0,0,0,
matthansen

7
6900
2900
e1,1,1,1,1,1,1,
e2,1,1,1,1,1,1,
e3,0,0,0,0,0,0,
e4,0,0,0,0,0,0,
w1,1,1,1,1,1,1,
w2,1,1,1,1,1,1,
t1,1,1,1,1,1,1,
t2,0,0,0,0,0,0,
t3,0,0,0,0,0,0,
r1,0,0,0,0,0,0,
r2,1,1,1,1,1,1,
r3,1,1,1,1,1,1,
r4,1,1,1,1,1,1,
r5,1,1,1,1,1,1,
r6,0,0,0,0,0,0,
r7,1,1,1,1,1,1,
r8,,0,,0,,0,
p1,0,0,1,0,0,1,
p2,0,0,0,0,0,1,
s1,0,0,0,0,0,0,
e,1,0,1,0,
w,0,1,0,0,
t,0,0,0,
r,0,0,0,0,0,0,1,0,0,
p,0,0,
s,0,0,0,0,0,0,
acansler

8
4800
4000
e1,1,1,1,0,0,0,
e2,1,1,1,0,0,0,
e3,0,0,0,0,0,0,
e4,1,1,1,0,0,0,
w1,0,1,1,0,0,0,
w2,1,1,1,0,0,0,
t1,0,0,0,0,0,0,
t2,0,0,0,0,0,0,
t3,,,,,,,
r1,0,0,0,0,0,0,
r2,1,1,1,0,0,0,
r3,0,0,0,0,0,0,
r4,1,1,1,0,0,0,
r5,0,0,1,0,0,0,
r6,0,0,0,0,0,0,
r7,1,1,1,0,0,0,
r8,5,5,5,,,,
p1,0,0,0,0,0,0,
p2,0,0,0,0,0,0,
s1,0,0,0,0,0,0,
e,1,0,1,0,
w,0,0,0,0,
t,0,1,0,
r,0,1,0,0,0,0,1,0,0,
p,0,1,
s,0,0,0,0,0,0,
bhdavis

8
10100
6100
e1,0,0,0,1,1,1,
e2,1,1,1,1,1,1,
e3,1,0,1,1,1,1,
e4,0,0,0,0,0,1,
w1,1,1,1,1,1,1,
w2,1,1,1,1,1,1,
t1,1,1,1,1,1,1,
t2,0,0,0,0,0,0,
t3,,,,,,,
r1,0,0,0,0,0,0,
r2,1,1,1,1,1,1,
r3,1,1,1,1,1,1,
r4,1,1,1,1,1,1,
r5,1,1,1,1,1,1,
r6,0,0,0,0,0,0,
r7,1,1,1,1,1,1,
r8,5,4,3,4,5,5,
p1,0,0,0,0,0,0,
p2,1,0,0,1,1,0,
s1,0,0,0,0,0,0,
e,0,0,1,0,
w,1,1,0,0,
t,0,1,0,
r,0,1,1,1,0,0,1,0,0,
p,0,0,
s,1,1,1,0,0,0,
bnordgren

8
10500
500
e1,1,1,1,1,1,1,
e2,1,1,1,1,1,1,
e3,1,1,1,1,1,1,
e4,0,0,0,0,0,0,
w1,0,0,0,0,0,0,
w2,0,0,0,0,0,0,
t1,0,0,0,0,0,0,
t2,0,0,0,0,0,0,
t3,5,5,5,5,5,5,
r1,0,0,0,0,0,0,
r2,0,0,0,0,0,0,
r3,0,0,0,0,0,0,
r4,1,1,1,1,1,1,
r5,1,1,1,1,1,1,
r6,0,0,0,0,0,0,
r7,1,1,1,1,1,1,
r8,5,5,5,5,5,5,
p1,0,0,0,0,0,0,
p2,0,0,0,0,0,0,
s1,0,0,0,0,0,0,
e,0,0,0,0,
w,0,0,0,0,
t,0,1,0,
r,0,0,0,0,0,0,0,0,0,
p,0,0,
s,0,0,0,0,0,0,
ccansler

8
8600
4000
e1,0,0,0,0,0,0,
e2,1,1,1,1,1,1,
e3,0,0,0,0,0,0,
e4,1,1,1,1,1,1,
w1,0,0,0,0,0,0,
w2,1,1,1,1,1,1,
t1,0,0,0,0,0,0,
t2,0,0,0,0,0,0,
t3,,,,,,,
r1,0,0,0,0,0,0,
r2,1,1,1,1,1,1,
r3,0,0,0,0,0,0,
r4,1,1,1,1,1,1,
r5,1,1,1,1,1,0,
r6,0,0,0,0,0,0,
r7,1,1,1,1,1,1,
r8,5,5,5,5,5,5,
p1,0,0,0,0,0,0,
p2,0,0,0,0,0,0,
s1,0,0,0,0,0,0,
e,1,0,1,0,
w,0,0,0,0,
t,0,1,0,
r,0,1,0,0,0,0,1,0,0,
p,0,1,
s,0,0,0,0,0,0,
chardy01

8
3400
3700
e1,1,1,1,0,0,0,
e2,1,1,1,0,0,0,
e3,1,1,1,0,0,0,
e4,0,0,0,0,0,0,
w1,0,0,0,0,0,0,
w2,0,0,0,0,0,0,
t1,0,0,0,0,0,0,
t2,1,1,1,0,0,0,
t3,,,2,,,,
r1,0,0,0,0,0,0,
r2,0,0,0,0,0,0,
r3,0,0,0,0,0,0,
r4,0,0,0,0,0,0,
r5,0,0,1,0,0,0,
r6,0,0,0,0,0,0,
r7,1,1,1,0,0,0,
r8,2,2,3,,,,
p1,0,0,0,0,0,0,
p2,0,0,0,0,0,0,
s1,0,0,0,0,0,0,
e,0,0,0,0,
w,1,1,0,0,
t,1,0,0,
r,0,1,0,0,0,1,1,0,0,
p,0,1,
s,0,0,0,0,0,0,
cstalling

8
11800
7300
e1,1,1,1,1,1,1,
e2,1,1,1,1,1,1,
e3,0,0,0,0,0,0,
e4,1,1,1,1,1,1,
w1,1,1,1,1,1,1,
w2,0,0,0,0,0,0,
t1,1,1,1,1,1,1,
t2,0,0,0,0,0,0,
t3,,,,,,,
r1,1,1,1,1,1,1,
r2,1,1,1,1,1,1,
r3,1,1,1,1,1,1,
r4,1,1,1,1,1,1,
r5,1,1,1,1,1,1,
r6,1,0,0,0,0,1,
r7,1,1,1,1,1,1,
r8,5,5,5,5,5,5,
p1,0,0,0,0,0,0,
p2,1,0,0,0,1,0,
s1,0,0,0,0,0,0,
e,1,0,1,0,
w,1,1,1,0,
t,0,1,0,
r,1,1,1,1,0,0,0,0,0,
p,0,1,
s,1,1,1,0,0,0,
dianemsmith

8
12200
5200
e1,1,1,1,1,1,1,
e2,1,1,1,1,1,1,
e3,0,0,0,0,0,0,
e4,1,1,1,1,1,1,
w1,1,1,1,1,1,1,
w2,1,1,1,1,1,1,
t1,1,1,1,1,1,1,
t2,0,0,0,0,0,0,
t3,,,,,,,
r1,1,1,1,1,1,1,
r2,1,1,1,1,1,1,
r3,1,1,1,1,1,1,
r4,1,1,1,1,1,1,
r5,1,1,1,1,1,1,
r6,0,0,0,0,0,0,
r7,1,1,1,1,1,1,
r8,5,4,4,4,5,4,
p1,0,0,0,0,0,0,
p2,1,1,1,1,1,1,
s1,0,0,0,0,0,0,
e,1,1,1,0,
w,0,1,1,0,
t,0,0,0,
r,1,1,0,0,0,0,1,0,0,
p,0,1,
s,0,0,0,0,0,0,
dlutes

8
8000
4200
e1,0,0,0,0,0,0,
e2,1,1,1,1,1,1,
e3,1,1,1,1,1,1,
e4,1,1,1,1,1,1,
w1,0,0,0,0,0,0,
w2,1,1,1,1,1,1,
t1,0,0,0,0,0,0,
t2,0,0,0,0,0,0,
t3,,,,,,,
r1,0,0,0,0,0,0,
r2,0,0,0,0,0,0,
r3,0,0,0,0,0,0,
r4,1,1,1,1,1,1,
r5,0,0,0,0,0,0,
r6,0,0,0,0,0,0,
r7,1,1,1,1,1,1,
r8,4,4,4,4,4,4,
p1,0,0,0,0,0,0,
p2,0,1,0,1,0,0,
s1,0,0,0,0,0,0,
e,0,0,1,0,
w,0,1,0,0,
t,0,1,0,
r,1,0,1,1,0,1,0,0,0,
p,0,0,
s,0,0,0,0,0,0,
eheyerdahl

8
10400
4900
e1,1,1,1,1,1,1,
e2,1,1,1,1,1,1,
e3,0,0,0,0,0,0,
e4,0,0,1,0,1,1,
w1,0,0,1,1,1,1,
w2,1,1,0,0,1,1,
t1,1,1,1,1,1,1,
t2,0,0,0,0,0,0,
t3,0,0,0,0,0,0,
r1,1,1,1,1,1,1,
r2,1,1,1,1,1,1,
r3,1,1,1,1,1,1,
r4,0,0,0,0,0,0,
r5,1,1,1,1,1,1,
r6,0,0,0,0,0,0,
r7,1,1,1,1,1,1,
r8,5,5,5,5,5,5,
p1,1,1,0,0,1,0,
p2,0,0,0,0,0,0,
s1,0,0,0,0,0,0,
e,1,0,0,0,
w,1,0,1,0,
t,0,1,0,
r,0,0,1,1,0,1,1,0,0,
p,0,0,
s,0,1,1,0,0,0,
ekarau

8
5750
3400
e1,0,0,0,0,0,0,
e2,1,1,1,1,1,0,
e3,0,0,0,0,0,0,
e4,1,1,1,1,1,0,
w1,1,1,1,1,1,0,
w2,1,1,1,1,1,0,
t1,0,0,0,0,0,0,
t2,0,0,0,0,0,0,
t3,,,,,,,
r1,0,0,0,0,0,0,
r2,1,1,1,1,1,0,
r3,1,1,1,1,1,0,
r4,0,0,0,0,0,0,
r5,1,1,1,1,1,0,
r6,0,0,0,0,0,0,
r7,1,1,1,1,1,0,
r8,0,0,0,0,0,0,
p1,0,0,0,0,0,0,
p2,1,1,1,1,1,0,
s1,0,0,0,0,0,0,
e,1,0,1,0,
w,1,0,0,0,
t,0,1,0,
r,0,0,0,0,0,0,1,0,0,
p,0,0,
s,0,0,0,0,0,0,
emasin

8
12350
7600
e1,1,1,1,1,1,1,
e2,1,1,1,1,1,1,
e3,1,1,1,1,1,1,
e4,1,1,1,1,1,1,
w1,1,1,1,1,1,1,
w2,1,1,1,1,1,1,
t1,0,0,0,1,1,1,
t2,0,0,0,0,1,0,
t3,1,,1,,,1,
r1,1,1,1,1,1,1,
r2,0,1,0,1,1,1,
r3,1,0,0,1,1,0,
r4,1,1,1,1,1,1,
r5,1,1,1,1,1,1,
r6,0,1,0,1,0,1,
r7,1,1,1,1,1,1,
r8,3,3,3,4,4,3,
p1,0,0,0,0,0,0,
p2,0,1,1,0,1,1,
s1,0,0,0,0,0,0,
e,0,1,1,0,
w,1,1,1,0,
t,0,1,0,
r,1,1,1,1,0,1,1,0,0,
p,0,0,
s,0,0,1,0,1,0,
enlincoln

8
8800
6700
e1,1,1,1,1,0,0,
e2,1,1,1,1,0,0,
e3,1,1,1,1,0,0,
e4,1,1,1,1,0,0,
w1,1,1,1,1,0,0,
w2,1,1,1,1,0,0,
t1,0,0,0,0,0,0,
t2,0,0,0,0,0,0,
t3,,,,,,,
r1,1,1,1,1,0,0,
r2,1,1,1,1,0,0,
r3,1,1,1,1,0,0,
r4,1,1,1,1,0,0,
r5,1,1,1,1,0,0,
r6,1,1,1,1,0,0,
r7,1,1,1,1,0,0,
r8,4,4,5,5,,,
p1,0,0,0,0,0,0,
p2,1,1,1,1,0,0,
s1,0,0,0,0,0,0,
e,1,0,0,0,
w,1,1,1,0,
t,0,0,0,
r,0,0,1,1,1,1,1,0,0,
p,0,1,
s,0,1,1,0,1,0,
hsmith04

8
2950
300
e1,1,1,0,0,0,0,
e2,0,1,0,0,0,0,
e3,0,0,0,0,0,0,
e4,0,0,0,0,0,0,
w1,1,1,0,0,0,0,
w2,1,1,0,0,0,0,
t1,1,1,0,0,0,0,
t2,0,0,0,0,0,0,
t3,,,,,,,
r1,0,0,0,0,0,0,
r2,0,1,0,0,0,0,
r3,1,1,0,0,0,0,
r4,1,1,0,0,0,0,
r5,1,1,0,0,0,0,
r6,0,1,0,0,0,0,
r7,1,1,0,0,0,0,
r8,4,5,,,,,
p1,0,0,0,0,0,0,
p2,0,0,0,0,0,0,
s1,0,0,0,0,0,0,
e,1,0,0,0,
w,0,0,0,0,
t,0,0,0,
r,0,0,0,0,0,0,0,0,0,
p,0,0,
s,0,0,0,0,0,0,
ilanalabrahamson

8
7550
2600
e1,1,1,1,1,0,0,
e2,1,1,1,1,0,0,
e3,1,1,1,1,0,0,
e4,0,0,0,0,0,0,
w1,1,1,1,1,0,0,
w2,1,1,1,1,0,0,
t1,1,1,1,1,0,0,
t2,1,0,0,0,0,0,
t3,0,,,,,,
r1,1,1,1,1,0,0,
r2,1,1,1,1,0,0,
r3,1,1,1,1,0,0,
r4,1,1,1,1,0,0,
r5,1,1,1,1,0,0,
r6,0,0,0,0,0,0,
r7,1,1,1,1,0,0,
r8,0,5,5,5,,,
p1,0,0,0,0,0,0,
p2,1,1,1,1,0,0,
s1,0,0,0,0,0,0,
e,1,0,0,0,
w,0,0,1,0,
t,0,1,0,
r,1,0,0,0,0,0,1,0,0,
p,0,0,
s,0,0,0,0,1,0,
jfryer

8
3200
1800
e1,1,1,1,0,0,0,
e2,1,1,1,0,0,0,
e3,0,0,0,0,0,0,
e4,0,0,0,0,0,0,
w1,1,1,1,0,0,0,
w2,0,0,0,0,0,0,
t1,0,0,0,0,0,0,
t2,0,0,0,0,0,0,
t3,0,0,,,,,
r1,1,1,1,0,0,0,
r2,1,1,1,0,0,0,
r3,1,1,1,0,0,0,
r4,1,1,1,0,0,0,
r5,1,1,1,0,0,0,
r6,0,0,1,0,0,0,
r7,1,1,1,0,0,0,
r8,,,0,,,,
p1,0,0,0,0,0,0,
p2,0,1,0,0,0,0,
s1,0,0,0,0,0,0,
e,0,0,0,0,
w,0,0,1,0,
t,0,1,0,
r,0,1,0,0,0,1,0,0,0,
p,0,0,
s,0,0,0,0,0,0,
jmcrawford

8
11300
5500
e1,1,1,1,1,1,1,
e2,1,1,1,1,1,1,
e3,0,0,0,0,0,0,
e4,0,1,1,1,1,1,
w1,1,1,1,1,1,1,
w2,0,1,1,1,0,1,
t1,1,1,1,0,1,1,
t2,0,0,0,0,0,0,
t3,,,,,,,
r1,1,1,1,1,0,1,
r2,1,1,0,0,1,0,
r3,0,1,1,0,0,0,
r4,1,1,1,1,1,0,
r5,1,1,1,1,1,1,
r6,0,0,0,0,0,0,
r7,1,1,1,1,1,1,
r8,5,5,4,4,3,4,
p1,0,0,0,0,0,0,
p2,1,1,1,1,1,1,
s1,0,1,0,1,0,0,
e,1,0,1,0,
w,1,0,0,0,
t,1,0,0,
r,1,1,1,1,0,1,0,0,0,
p,0,0,
s,1,0,1,0,0,0,
lgrayson

8
9600
8100
e1,1,1,1,1,0,0,
e2,1,1,1,1,0,0,
e3,1,1,1,1,0,0,
e4,1,1,1,1,0,0,
w1,1,1,1,1,0,0,
w2,0,0,1,1,0,0,
t1,1,1,1,1,0,0,
t2,1,1,1,1,0,0,
t3,,,,,,,
r1,1,1,1,1,0,0,
r2,1,0,0,1,0,0,
r3,0,0,0,0,0,0,
r4,1,1,1,1,0,0,
r5,1,1,1,1,0,0,
r6,1,1,1,1,0,0,
r7,1,1,1,1,0,0,
r8,5,5,5,5,,,
p1,0,0,0,0,0,0,
p2,1,1,1,1,0,0,
s1,0,0,0,0,0,0,
e,1,1,1,1,
w,1,1,1,0,
t,0,0,0,
r,0,0,1,1,0,1,1,0,0,
p,0,0,
s,1,1,0,0,0,0,
lhollingsworth

8
9400
7200
e1,1,1,1,1,1,0,
e2,1,1,1,1,1,0,
e3,0,0,0,0,0,0,
e4,0,1,0,1,0,0,
w1,1,1,1,1,1,0,
w2,1,1,1,1,1,0,
t1,1,1,1,1,1,0,
t2,0,0,0,0,0,0,
t3,,,,3,,,
r1,0,0,0,0,0,0,
r2,1,1,1,1,1,0,
r3,1,1,1,1,1,0,
r4,1,1,1,1,1,0,
r5,1,1,1,1,1,0,
r6,1,0,1,1,1,0,
r7,1,1,1,1,1,0,
r8,5,4,5,5,5,,
p1,0,0,0,0,0,0,
p2,0,1,0,1,0,0,
s1,0,0,0,0,0,0,
e,1,0,1,0,
w,1,0,1,0,
t,0,1,0,
r,0,1,1,1,1,0,1,0,0,
p,0,0,
s,0,1,1,1,0,0,
mollylretzlaff

8
4550
8900
e1,1,1,0,1,0,0,
e2,1,1,1,1,0,0,
e3,0,0,0,0,0,0,
e4,1,0,1,0,0,0,
w1,1,1,1,1,0,0,
w2,1,1,1,0,0,0,
t1,0,0,0,0,0,0,
t2,0,0,0,0,0,0,
t3,,,,,,,
r1,1,1,1,1,0,0,
r2,0,0,0,0,0,0,
r3,1,1,1,1,0,0,
r4,1,1,1,1,0,0,
r5,1,1,1,1,0,0,
r6,0,0,0,0,0,0,
r7,1,0,1,0,0,0,
r8,2,2,,,,,
p1,0,0,0,0,0,0,
p2,0,0,0,0,0,0,
s1,0,0,0,0,0,0,
e,0,1,1,0,
w,1,1,1,0,
t,0,1,0,
r,1,1,1,1,1,1,1,0,0,
p,0,1,
s,0,1,1,0,0,0,
mpanunto

8
11250
4800
e1,1,1,1,1,1,1,
e2,1,1,1,1,1,1,
e3,1,1,1,0,1,1,
e4,1,1,1,1,1,1,
w1,1,1,1,1,1,1,
w2,1,1,1,1,1,1,
t1,1,1,1,1,1,1,
t2,0,0,0,0,0,0,
t3,,,,,,,
r1,1,1,1,1,1,1,
r2,1,1,1,1,1,1,
r3,0,0,0,0,0,0,
r4,0,0,0,0,0,0,
r5,1,1,1,1,1,1,
r6,0,0,0,0,0,0,
r7,1,0,1,0,1,0,
r8,5,4,4,3,5,2,
p1,1,1,1,1,0,0,
p2,0,1,1,0,1,0,
s1,0,0,0,0,0,0,
e,1,0,0,0,
w,1,1,0,0,
t,0,1,0,
r,0,1,1,1,0,1,0,0,0,
p,0,0,
s,1,1,1,0,0,0,
rkeane

8
8700
800
e1,0,0,1,1,1,1,
e2,0,0,1,1,1,1,
e3,0,0,0,0,0,0,
e4,0,0,0,0,0,0,
w1,1,1,1,1,1,1,
w2,0,0,0,0,0,0,
t1,1,0,1,0,0,1,
t2,1,0,1,0,0,0,
t3,3,3,4,4,3,1,
r1,1,1,1,0,1,1,
r2,1,0,0,0,1,1,
r3,1,0,0,0,0,0,
r4,1,1,1,0,0,0,
r5,1,1,1,0,0,0,
r6,0,0,0,0,0,0,
r7,1,1,1,0,0,0,
r8,5,5,5,3,2,5,
p1,0,0,0,0,0,0,
p2,0,0,0,0,0,0,
s1,0,0,0,0,0,0,
e,1,1,0,0,
w,0,0,0,0,
t,0,0,0,
r,0,0,0,0,0,0,0,0,0,
p,0,0,
s,0,0,0,0,0,0,
shannonmurphy

8
9450
6500
e1,1,1,1,1,1,1,
e2,1,1,1,1,1,1,
e3,1,0,0,0,0,0,
e4,1,0,0,0,0,0,
w1,1,1,1,1,1,1,
w2,1,1,1,1,1,1,
t1,0,0,0,0,0,0,
t2,0,0,0,0,0,0,
t3,2,,,,,,
r1,0,0,0,0,0,0,
r2,1,1,0,1,1,1,
r3,1,1,1,1,1,1,
r4,1,1,1,1,1,1,
r5,1,1,1,1,1,1,
r6,1,1,0,1,1,1,
r7,1,1,1,1,1,1,
r8,3,3,3,2,3,3,
p1,1,0,0,0,0,0,
p2,1,1,1,1,1,1,
s1,0,0,0,0,0,0,
e,1,0,1,0,
w,1,1,1,0,
t,0,0,0,
r,0,1,0,0,0,1,1,0,0,
p,0,1,
s,0,1,0,0,1,0,
sjflanary

8
6700
2400
e1,0,0,0,0,0,0,
e2,1,1,1,1,0,0,
e3,0,0,0,0,0,0,
e4,1,1,1,1,0,0,
w1,0,0,0,0,0,0,
w2,1,1,1,1,0,0,
t1,1,1,1,1,0,0,
t2,1,1,1,1,0,0,
t3,,,2,,,,
r1,1,1,1,1,0,0,
r2,0,0,0,0,0,0,
r3,1,0,1,0,0,0,
r4,0,0,0,1,0,0,
r5,1,1,1,1,0,0,
r6,0,0,1,0,0,0,
r7,1,1,1,1,0,0,
r8,3,3,3,3,,,
p1,0,0,0,0,0,0,
p2,1,0,0,0,0,0,
s1,0,0,0,0,0,0,
e,1,0,0,0,
w,1,0,0,0,
t,0,0,0,
r,0,0,1,1,0,0,1,0,0,
p,0,0,
s,0,0,0,0,0,0,
sjhoagland

8
11100
2000
e1,1,1,1,1,1,1,
e2,0,0,0,0,0,0,
e3,1,1,1,1,1,1,
e4,1,1,1,1,1,1,
w1,1,1,1,1,1,1,
w2,1,1,1,1,1,1,
t1,1,1,1,1,1,1,
t2,0,0,0,0,0,0,
t3,1,1,1,,,,
r1,0,0,0,0,0,0,
r2,1,1,1,1,1,1,
r3,1,1,1,1,1,1,
r4,0,0,0,0,0,0,
r5,1,1,1,1,1,1,
r6,1,1,1,1,1,1,
r7,1,1,1,1,1,1,
r8,4,4,4,4,4,4,
p1,0,0,0,0,0,0,
p2,0,0,0,0,0,0,
s1,0,0,0,0,0,0,
e,1,1,0,0,
w,0,0,0,0,
t,1,1,0,
r,1,0,0,0,0,0,0,0,0,
p,0,0,
s,0,0,0,0,0,0,
tdzomba

8
4550
6300
e1,1,1,1,0,0,0,
e2,1,1,1,0,0,0,
e3,1,1,1,0,0,0,
e4,0,0,0,0,0,0,
w1,0,0,0,0,0,0,
w2,0,0,0,0,0,0,
t1,1,1,1,0,0,0,
t2,0,0,0,0,0,0,
t3,,,,,,,
r1,0,0,0,0,0,0,
r2,0,0,0,0,0,0,
r3,1,1,1,0,0,0,
r4,1,1,1,0,0,0,
r5,1,1,1,0,0,0,
r6,0,0,0,0,0,0,
r7,1,1,1,0,0,0,
r8,2,5,4,,,,
p1,1,1,1,0,0,0,
p2,1,1,1,0,0,0,
s1,0,0,0,0,0,0,
e,0,0,1,0,
w,1,1,0,0,
t,0,1,0,
r,0,1,0,0,0,1,0,1,0,
p,0,1,
s,1,0,0,0,1,0,
aeblack

9
6450
3800
e1,1,1,1,1,1,0,
e2,1,1,1,1,1,0,
e3,0,0,0,0,0,0,
e4,1,0,0,0,1,0,
w1,0,0,0,0,0,0,
w2,0,0,0,0,1,0,
t1,0,0,0,0,0,0,
t2,1,1,1,1,1,0,
t3,0,0,0,0,0,,
r1,1,1,1,1,0,0,
r2,0,0,0,0,0,0,
r3,0,0,1,1,1,0,
r4,1,1,1,1,1,0,
r5,1,0,0,1,0,0,
r6,1,0,0,0,0,0,
r7,1,1,1,1,1,0,
r8,,,,0,,,
p1,1,1,1,1,1,0,
p2,1,1,1,1,1,0,
s1,0,0,0,0,0,0,
e,0,0,1,0,
w,0,1,1,0,
t,0,1,0,
r,0,0,0,0,0,0,0,0,0,
p,0,1,
s,0,0,0,0,0,0,
beubank

9
12050
6100
e1,0,0,0,0,0,1,
e2,1,1,1,1,1,1,
e3,0,0,0,0,0,0,
e4,1,1,1,1,1,1,
w1,1,1,1,1,1,1,
w2,1,1,1,1,1,1,
t1,0,0,0,0,0,0,
t2,0,0,0,0,0,0,
t3,,,,,,1,
r1,1,1,1,1,1,1,
r2,0,0,1,1,1,1,
r3,1,1,1,1,1,1,
r4,1,1,1,1,1,1,
r5,1,1,1,1,1,1,
r6,1,1,1,1,1,1,
r7,1,1,1,1,1,1,
r8,4,4,4,5,5,5,
p1,1,1,1,1,1,1,
p2,1,1,1,1,1,1,
s1,0,0,0,0,0,0,
e,1,0,0,0,
w,1,0,0,0,
t,1,0,0,
r,1,1,1,1,1,1,1,0,0,
p,0,0,
s,1,1,1,0,1,0,
christopheroconnor

9
16200
6100
e1,1,0,1,1,1,1,
e2,1,1,1,1,1,1,
e3,1,1,1,1,1,1,
e4,1,1,1,1,1,1,
w1,1,1,1,1,1,1,
w2,1,1,1,1,1,1,
t1,1,1,1,1,1,1,
t2,1,1,1,1,0,1,
t3,4,5,5,5,4,1,
r1,0,0,0,1,0,1,
r2,1,1,1,1,1,1,
r3,1,0,1,0,1,1,
r4,1,1,1,1,1,1,
r5,1,1,1,1,1,1,
r6,0,1,1,1,1,1,
r7,1,1,1,1,1,1,
r8,5,2,4,5,4,2,
p1,0,0,0,0,1,1,
p2,1,0,1,1,1,1,
s1,0,0,0,0,0,0,
e,0,1,1,0,
w,0,1,1,0,
t,0,1,0,
r,1,0,0,0,0,1,1,0,0,
p,0,1,
s,0,1,0,0,0,0,
corylengkjer

9
16000
10400
e1,1,1,1,1,1,1,
e2,1,1,1,1,1,1,
e3,1,1,1,1,1,1,
e4,0,0,0,0,0,0,
w1,1,1,1,1,1,1,
w2,1,1,1,1,1,1,
t1,1,1,1,1,1,1,
t2,0,0,0,0,0,0,
t3,4,5,5,5,4,4,
r1,1,1,1,1,1,1,
r2,1,1,1,1,1,1,
r3,1,1,1,1,1,1,
r4,1,1,1,1,1,1,
r5,1,1,1,1,1,1,
r6,1,1,1,1,1,1,
r7,1,1,1,1,1,1,
r8,4,5,5,5,4,4,
p1,1,1,1,1,1,1,
p2,1,1,1,1,1,1,
s1,0,0,0,0,1,1,
e,1,1,1,0,
w,1,0,1,1,
t,1,0,0,
r,1,1,1,1,0,1,1,0,0,
p,0,1,
s,1,1,1,1,1,0,
csstonesifer

9
12600
6600
e1,1,1,1,1,1,1,
e2,1,1,1,1,1,1,
e3,1,1,1,1,1,1,
e4,1,1,1,1,1,1,
w1,1,1,1,1,1,1,
w2,0,0,1,1,1,1,
t1,0,0,0,0,0,0,
t2,1,1,1,0,0,1,
t3,,,,,,,
r1,1,1,1,1,1,1,
r2,1,1,1,1,1,1,
r3,1,1,1,1,1,1,
r4,1,1,1,1,1,1,
r5,1,1,1,1,1,1,
r6,1,1,1,1,1,1,
r7,1,1,1,1,1,1,
r8,3,3,2,2,2,3,
p1,0,0,0,0,0,1,
p2,0,0,0,1,1,1,
s1,0,0,0,0,0,0,
e,0,0,1,0,
w,1,0,1,0,
t,0,1,0,
r,0,0,1,1,0,1,1,0,0,
p,0,0,
s,0,1,1,0,1,0,
decalkin

9
2350
4500
e1,0,0,0,1,0,0,
e2,0,0,0,1,0,0,
e3,0,0,0,0,0,0,
e4,0,0,0,1,0,0,
w1,0,0,0,0,0,0,
w2,0,0,0,1,0,0,
t1,0,0,0,1,0,0,
t2,0,0,0,1,0,0,
t3,,,,5,,,
r1,0,0,0,0,0,0,
r2,0,0,0,0,0,0,
r3,0,0,0,0,0,0,
r4,0,0,0,1,0,0,
r5,0,0,0,1,0,0,
r6,0,0,0,1,0,0,
r7,0,0,0,1,0,0,
r8,,,,4,,,
p1,0,0,0,0,0,0,
p2,0,0,0,0,0,0,
s1,0,0,0,0,0,0,
e,1,0,1,0,
w,0,0,1,0,
t,0,1,0,
r,0,1,0,0,0,0,1,0,0,
p,0,1,
s,0,0,0,0,0,0,
dkwright

9
15600
9100
e1,1,1,1,1,1,1,
e2,1,1,1,1,1,1,
e3,1,1,1,1,1,1,
e4,1,1,1,1,1,1,
w1,1,1,1,1,1,1,
w2,1,1,1,1,1,1,
t1,1,1,1,1,1,1,
t2,1,1,1,1,1,1,
t3,1,0,0,1,1,0,
r1,1,1,1,1,1,1,
r2,1,1,1,1,1,1,
r3,1,1,1,1,1,1,
r4,1,1,1,1,1,1,
r5,1,1,1,1,1,1,
r6,1,1,1,1,1,1,
r7,1,1,1,1,1,1,
r8,3,3,2,2,2,2,
p1,1,1,1,1,1,1,
p2,1,1,1,1,1,1,
s1,0,0,1,1,0,0,
e,1,0,0,1,
w,1,1,1,1,
t,0,1,0,
r,1,1,1,1,1,1,0,0,0,
p,0,1,
s,0,1,1,0,0,0,
esutherland

9
8350
8900
e1,1,1,1,1,1,1,
e2,1,1,1,1,1,1,
e3,1,1,0,1,1,1,
e4,0,0,0,0,0,0,
w1,1,1,1,1,1,1,
w2,1,1,1,1,1,1,
t1,0,0,0,1,0,0,
t2,0,0,1,0,0,0,
t3,1,1,,,,,
r1,0,0,0,1,0,0,
r2,1,1,0,1,1,0,
r3,1,1,1,1,1,1,
r4,1,1,1,1,1,1,
r5,0,0,0,0,0,0,
r6,1,1,1,1,1,1,
r7,1,1,1,1,1,1,
r8,2,2,,,,,
p1,0,0,0,0,0,0,
p2,1,1,0,0,1,1,
s1,0,0,0,0,1,0,
e,0,0,1,1,
w,1,1,1,0,
t,0,1,0,
r,0,0,1,1,0,1,1,0,0,
p,0,1,
s,0,1,0,1,0,0,
jdysthe

9
9800
4300
e1,1,1,1,1,0,0,
e2,1,1,1,1,0,0,
e3,0,0,0,0,0,0,
e4,1,1,1,1,0,0,
w1,1,1,1,1,0,0,
w2,0,0,1,1,0,0,
t1,1,1,1,1,0,0,
t2,1,1,1,1,0,0,
t3,2,1,4,5,,,
r1,1,1,1,1,0,0,
r2,1,1,1,1,0,0,
r3,1,1,1,1,0,0,
r4,1,1,1,1,0,0,
r5,1,1,1,1,0,0,
r6,0,0,0,1,0,0,
r7,1,1,1,1,0,0,
r8,5,5,2,5,,,
p1,0,0,0,0,0,0,
p2,0,0,0,0,0,0,
s1,0,0,0,0,0,0,
e,1,0,0,0,
w,1,1,1,0,
t,0,0,0,
r,0,0,1,1,0,0,0,0,0,
p,0,0,
s,0,1,1,0,1,0,
jgolding

9
1200
3900
e1,0,0,0,0,0,0,
e2,1,0,0,0,0,0,
e3,1,0,0,0,0,0,
e4,1,0,0,0,0,0,
w1,1,0,0,0,0,0,
w2,1,0,0,0,0,0,
t1,0,0,0,0,0,0,
t2,0,0,0,0,0,0,
t3,,,,,,,
r1,0,0,0,0,0,0,
r2,0,0,0,0,0,0,
r3,1,0,0,0,0,0,
r4,1,0,0,0,0,0,
r5,1,0,0,0,0,0,
r6,0,0,0,0,0,0,
r7,1,0,0,0,0,0,
r8,,,,,,,
p1,0,0,0,0,0,0,
p2,0,0,0,0,0,0,
s1,0,0,0,0,0,0,
e,1,0,1,0,
w,1,0,0,0,
t,0,0,1,
r,0,0,0,0,0,0,1,0,0,
p,0,0,
s,0,0,0,0,0,0,
jholbrook

9
12300
6600
e1,1,1,1,1,1,1,
e2,1,1,1,1,1,1,
e3,1,1,1,1,1,1,
e4,1,1,1,1,1,1,
w1,1,1,1,1,1,1,
w2,1,1,1,1,1,1,
t1,0,0,0,0,0,0,
t2,0,0,0,0,0,0,
t3,,,,,,,
r1,1,1,1,1,1,1,
r2,1,1,1,1,1,1,
r3,0,0,0,0,0,0,
r4,1,1,1,1,1,1,
r5,1,1,0,1,1,1,
r6,1,1,0,1,1,1,
r7,1,1,1,1,1,1,
r8,4,5,5,4,4,5,
p1,0,0,0,0,0,0,
p2,1,1,1,1,0,1,
s1,0,0,0,0,0,0,
e,1,0,1,0,
w,1,0,1,0,
t,0,0,0,
r,0,0,1,1,0,1,1,0,0,
p,0,0,
s,1,1,1,0,1,0,
jrieck

9
8950
3900
e1,1,1,1,1,1,1,
e2,1,1,1,1,1,1,
e3,1,1,1,1,1,1,
e4,0,0,0,0,0,0,
w1,1,1,1,1,1,1,
w2,0,0,0,0,0,0,
t1,0,0,0,0,0,0,
t2,1,0,0,0,0,0,
t3,1,1,,,,,
r1,0,0,1,1,0,1,
r2,1,1,1,1,1,1,
r3,0,1,1,1,1,1,
r4,0,0,0,0,0,0,
r5,1,1,1,1,1,1,
r6,1,1,1,1,1,1,
r7,1,1,1,1,1,1,
r8,4,2,2,2,1,2,
p1,1,1,1,1,1,1,
p2,0,0,0,0,0,1,
s1,0,0,0,0,0,0,
e,1,0,0,0,
w,1,1,1,0,
t,0,1,0,
r,0,1,0,0,0,1,0,0,0,
p,0,1,
s,0,0,0,0,0,0,
jstpeter

9
10100
4100
e1,1,0,1,0,1,1,
e2,1,1,1,1,1,1,
e3,0,0,0,0,1,1,
e4,1,1,1,1,1,1,
w1,0,0,0,0,1,1,
w2,0,0,1,1,1,1,
t1,1,1,1,1,1,1,
t2,0,0,0,0,0,0,
t3,1,1,1,,,,
r1,0,0,0,0,0,0,
r2,1,1,1,1,1,1,
r3,0,0,0,0,0,1,
r4,1,1,1,1,1,1,
r5,1,1,1,1,1,1,
r6,0,0,0,0,1,0,
r7,1,1,1,1,1,1,
r8,1,1,4,3,1,2,
p1,1,1,1,1,1,1,
p2,1,1,1,1,1,1,
s1,0,0,0,0,0,0,
e,0,0,1,0,
w,1,0,0,0,
t,0,0,0,
r,0,0,1,1,0,0,1,0,0,
p,0,0,
s,0,1,0,0,0,0,
katherineezarn

9
16950
11600
e1,1,1,1,1,1,1,
e2,1,1,1,1,1,1,
e3,1,1,1,1,1,1,
e4,1,0,1,0,0,1,
w1,1,1,1,1,1,1,
w2,1,1,1,1,1,1,
t1,1,1,1,1,1,1,
t2,1,1,1,1,1,1,
t3,4,5,4,5,3,3,
r1,1,1,1,1,1,1,
r2,1,1,1,1,1,1,
r3,1,1,1,1,1,1,
r4,1,1,1,1,1,1,
r5,1,1,1,1,1,1,
r6,0,0,0,0,0,0,
r7,1,1,1,1,1,1,
r8,4,4,5,5,5,5,
p1,0,0,1,1,0,1,
p2,1,1,1,1,1,1,
s1,0,0,0,0,1,0,
e,1,1,1,1,
w,1,1,1,1,
t,1,1,0,
r,1,0,1,1,1,1,1,0,0,
p,0,0,
s,0,1,1,0,1,0,
kcshort

9
14950
6900
e1,1,1,1,1,1,1,
e2,0,1,1,1,1,1,
e3,0,0,0,0,0,0,
e4,1,1,1,1,1,1,
w1,1,1,1,1,1,1,
w2,1,1,1,1,1,1,
t1,1,1,1,1,1,1,
t2,1,1,1,1,1,1,
t3,5,4,4,5,4,4,
r1,0,0,0,0,0,0,
r2,1,1,1,1,1,1,
r3,1,1,1,1,1,1,
r4,1,1,1,1,1,1,
r5,1,1,1,1,1,1,
r6,0,0,0,0,0,0,
r7,1,1,1,1,1,1,
r8,5,3,4,5,4,5,
p1,0,0,0,0,0,0,
p2,0,0,0,0,0,0,
s1,0,0,0,0,0,0,
e,0,0,1,0,
w,1,1,1,0,
t,0,0,0,
r,0,0,1,1,0,1,1,0,0,
p,0,1,
s,0,1,0,0,1,0,
kelliejcarim

9
18450
11900
e1,1,1,1,1,1,1,
e2,1,1,1,1,1,1,
e3,1,1,1,1,1,1,
e4,1,1,1,1,1,1,
w1,1,1,1,1,1,1,
w2,1,1,1,1,1,1,
t1,1,1,1,1,1,1,
t2,1,1,1,1,1,1,
t3,4,4,4,4,4,5,
r1,0,0,0,0,0,0,
r2,1,1,1,1,1,1,
r3,1,1,1,1,1,1,
r4,1,1,1,1,1,1,
r5,1,1,1,1,1,1,
r6,1,1,1,1,1,1,
r7,1,1,1,1,1,1,
r8,5,5,5,5,5,5,
p1,1,1,1,1,1,1,
p2,1,1,1,1,1,1,
s1,0,0,0,0,1,0,
e,1,1,1,1,
w,1,0,1,1,
t,0,0,0,
r,1,1,1,1,1,1,1,0,0,
p,0,1,
s,1,1,1,1,1,0,
kledger

9
5500
4400
e1,1,1,1,1,1,0,
e2,1,1,1,1,1,0,
e3,0,0,0,0,0,0,
e4,1,1,1,1,1,0,
w1,1,1,1,1,1,0,
w2,0,0,0,0,0,0,
t1,1,1,1,1,1,0,
t2,0,0,0,0,0,0,
t3,0,0,0,0,0,,
r1,0,0,0,0,0,0,
r2,0,0,0,0,0,0,
r3,1,1,1,1,1,0,
r4,0,0,0,0,0,0,
r5,1,1,1,1,1,0,
r6,0,0,0,0,0,0,
r7,1,1,1,1,1,0,
r8,0,0,0,0,0,,
p1,0,0,0,0,0,0,
p2,0,0,0,0,0,0,
s1,0,0,0,0,0,0,
e,1,0,1,0,
w,0,1,0,0,
t,0,0,0,
r,0,0,1,1,0,0,1,0,0,
p,0,0,
s,0,0,0,0,1,0,
kpilgrim

9
4950
4700
e1,1,1,1,0,0,0,
e2,1,1,1,0,0,0,
e3,0,1,0,0,0,0,
e4,0,1,1,0,0,0,
w1,1,1,1,0,0,0,
w2,0,0,0,0,0,0,
t1,0,0,0,0,0,0,
t2,0,0,0,0,0,0,
t3,,,,,,,
r1,1,1,0,0,0,0,
r2,1,1,1,0,0,0,
r3,1,1,1,0,0,0,
r4,0,0,0,0,0,0,
r5,1,1,1,0,0,0,
r6,1,1,1,0,0,0,
r7,1,1,1,0,0,0,
r8,3,4,3,,,,
p1,0,0,0,0,0,0,
p2,1,1,1,0,0,0,
s1,0,0,0,0,0,0,
e,0,1,0,0,
w,1,1,1,0,
t,0,1,0,
r,0,1,0,0,0,0,1,0,0,
p,0,1,
s,0,0,0,0,1,0,
kriley

9
12250
4600
e1,1,1,1,0,0,0,
e2,1,0,1,1,1,1,
e3,0,0,0,1,1,1,
e4,0,0,0,0,0,0,
w1,1,1,1,1,1,1,
w2,1,1,1,1,1,1,
t1,1,1,1,1,1,1,
t2,0,1,0,1,1,1,
t3,2,4,2,3,3,4,
r1,0,0,0,0,0,0,
r2,1,1,1,1,1,1,
r3,1,1,1,1,1,1,
r4,1,1,1,1,1,1,
r5,1,1,1,1,1,1,
r6,0,0,0,0,0,0,
r7,1,1,1,1,1,1,
r8,5,5,2,2,5,5,
p1,0,0,0,0,0,0,
p2,1,1,1,1,1,1,
s1,0,0,0,0,0,0,
e,1,0,1,0,
w,1,1,0,0,
t,0,1,0,
r,1,0,0,0,0,0,1,0,0,
p,0,0,
s,0,0,0,0,1,0,
lucretiaolson

9
12800
6600
e1,1,1,1,1,1,1,
e2,1,1,1,1,1,1,
e3,1,1,1,1,1,1,
e4,1,1,1,1,1,1,
w1,1,1,1,1,1,1,
w2,1,1,1,1,1,1,
t1,1,1,1,1,1,1,
t2,0,1,0,0,0,1,
t3,,,,,,,
r1,1,1,1,1,1,1,
r2,1,1,1,1,1,1,
r3,1,1,0,0,1,1,
r4,0,1,0,1,0,1,
r5,1,1,0,1,1,1,
r6,0,1,0,0,0,1,
r7,1,1,1,1,1,1,
r8,4,4,4,,5,5,
p1,0,0,0,0,0,0,
p2,1,1,1,1,1,1,
s1,0,0,0,0,0,0,
e,1,0,1,0,
w,1,0,0,1,
t,0,1,0,
r,1,0,1,0,0,0,1,0,0,
p,0,0,
s,0,1,1,0,1,0,
maureenaessen

9
13200
11400
e1,1,1,1,1,1,1,
e2,1,1,1,1,1,1,
e3,1,1,1,1,1,1,
e4,1,1,1,1,1,1,
w1,1,1,1,1,1,1,
w2,1,1,1,1,1,1,
t1,1,1,1,1,1,1,
t2,1,1,1,1,1,1,
t3,,,,,,,
r1,1,1,1,1,1,1,
r2,1,1,1,1,1,1,
r3,1,1,1,1,1,1,
r4,1,1,1,1,1,1,
r5,1,1,1,1,1,1,
r6,1,1,1,1,1,1,
r7,1,1,1,1,1,1,
r8,,,,,,,
p1,1,1,1,1,1,1,
p2,1,1,1,1,1,1,
s1,0,0,0,0,0,0,
e,1,1,1,0,
w,1,1,1,1,
t,0,1,0,
r,1,1,1,1,0,1,1,1,0,
p,0,1,
s,1,1,1,0,1,0,
michaelkschwartz

9
5350
2300
e1,0,0,0,0,0,0,
e2,1,1,1,0,0,0,
e3,0,0,0,0,0,0,
e4,0,0,1,0,0,0,
w1,1,1,1,0,0,0,
w2,1,1,1,0,0,0,
t1,0,0,0,0,0,0,
t2,0,0,0,0,0,0,
t3,2,2,4,,,,
r1,1,1,1,0,0,0,
r2,1,1,1,0,0,0,
r3,1,1,1,0,0,0,
r4,1,1,1,0,0,0,
r5,1,1,1,0,0,0,
r6,0,0,1,0,0,0,
r7,1,1,1,0,0,0,
r8,3,3,4,,,,
p1,0,0,0,0,0,0,
p2,1,1,1,0,0,0,
s1,0,0,0,0,0,0,
e,1,0,1,0,
w,0,0,0,0,
t,0,1,0,
r,0,0,0,0,0,0,0,0,0,
p,0,0,
s,0,0,0,0,0,0,
minisnyder

9
9900
3100
e1,1,1,1,1,1,1,
e2,1,1,1,1,1,1,
e3,1,1,1,1,1,1,
e4,1,1,1,1,1,1,
w1,1,1,1,1,1,1,
w2,1,1,1,1,1,1,
t1,0,0,0,0,0,0,
t2,0,0,0,0,0,0,
t3,0,0,0,0,0,0,
r1,1,1,1,1,1,1,
r2,1,1,1,1,1,1,
r3,0,0,0,0,0,0,
r4,1,1,1,1,1,1,
r5,1,1,1,1,1,1,
r6,1,1,1,1,1,1,
r7,1,1,1,1,1,1,
r8,0,0,0,0,0,0,
p1,0,0,0,0,0,0,
p2,1,1,1,1,1,1,
s1,0,0,0,0,0,0,
e,0,0,0,0,
w,0,0,0,0,
t,1,0,0,
r,0,1,0,0,0,1,1,1,0,
p,0,0,
s,1,0,0,0,0,0,
pbertram

9
18000
14400
e1,1,1,1,1,1,1,
e2,1,1,1,1,1,1,
e3,1,1,1,1,1,1,
e4,1,1,1,1,1,1,
w1,1,1,1,1,1,1,
w2,1,1,1,1,0,1,
t1,1,1,1,1,1,1,
t2,1,1,1,1,1,1,
t3,1,1,1,2,,,
r1,1,1,1,1,1,1,
r2,1,1,1,1,1,1,
r3,1,1,1,1,1,1,
r4,1,1,1,1,1,1,
r5,1,1,1,1,1,1,
r6,1,1,1,1,1,1,
r7,1,1,1,1,1,1,
r8,3,3,3,5,5,4,
p1,1,1,1,1,1,1,
p2,1,1,1,1,1,1,
s1,1,1,1,1,1,1,
e,1,1,1,1,
w,1,1,1,1,
t,1,1,0,
r,1,1,1,1,1,1,1,1,0,
p,0,1,
s,1,1,1,1,1,0,
ppabustan

9
12400
12100
e1,1,1,1,1,1,1,
e2,1,1,1,1,1,1,
e3,1,1,1,1,1,1,
e4,0,0,0,0,0,0,
w1,1,1,1,1,1,1,
w2,1,1,1,1,1,1,
t1,1,1,1,1,1,1,
t2,0,0,0,0,0,0,
t3,,,,,,,
r1,0,0,0,0,0,0,
r2,1,1,1,1,1,1,
r3,0,0,0,0,0,0,
r4,1,1,1,1,1,1,
r5,1,1,1,1,1,1,
r6,1,1,1,1,1,1,
r7,1,1,1,1,1,1,
r8,2,2,3,5,5,5,
p1,0,0,0,0,0,0,
p2,1,1,1,1,1,1,
s1,1,1,1,1,1,1,
e,1,1,1,0,
w,1,1,0,1,
t,1,1,0,
r,1,1,1,1,0,1,0,1,0,
p,0,1,
s,1,1,1,1,1,1,
rfsteele

9
13650
9400
e1,1,1,1,1,1,1,
e2,1,1,1,1,1,1,
e3,1,1,1,1,1,1,
e4,1,1,1,1,1,1,
w1,1,1,1,1,1,1,
w2,1,1,1,1,1,1,
t1,1,1,1,1,1,1,
t2,0,0,0,1,1,1,
t3,,,,,,,
r1,1,1,1,1,1,1,
r2,1,1,1,1,1,1,
r3,1,1,1,1,1,1,
r4,1,1,1,1,1,1,
r5,1,1,1,1,1,1,
r6,1,1,1,1,1,1,
r7,1,1,1,0,0,0,
r8,1,5,5,4,3,3,
p1,0,0,0,0,0,0,
p2,1,1,1,1,1,1,
s1,0,0,0,0,0,0,
e,1,1,1,0,
w,1,0,1,0,
t,0,1,0,
r,1,1,1,1,0,1,1,0,0,
p,0,1,
s,1,1,1,1,1,0,
rhendrix

9
15900
8400
e1,1,1,1,1,1,1,
e2,1,1,1,1,1,1,
e3,1,1,1,1,1,1,
e4,1,1,1,1,1,1,
w1,1,1,1,1,1,1,
w2,1,1,1,1,1,1,
t1,1,1,1,1,1,1,
t2,0,0,0,1,1,1,
t3,1,,,,,1,
r1,1,1,1,1,1,1,
r2,1,1,1,1,1,1,
r3,1,1,1,1,1,1,
r4,1,1,1,1,1,1,
r5,1,1,1,1,1,1,
r6,1,1,1,1,1,0,
r7,1,1,1,1,1,1,
r8,5,5,5,5,5,5,
p1,1,1,1,1,1,1,
p2,1,1,1,1,1,1,
s1,0,0,0,0,0,1,
e,1,1,1,1,
w,1,1,1,0,
t,1,0,0,
r,0,1,0,0,0,1,1,0,0,
p,0,0,
s,1,0,0,1,1,0,
tbcross

9
17700
300
e1,1,1,1,1,1,1,
e2,1,1,1,1,1,1,
e3,1,1,1,1,1,1,
e4,1,1,1,1,1,1,
w1,1,1,1,1,1,1,
w2,1,1,1,1,1,1,
t1,1,1,1,1,1,1,
t2,1,1,1,1,1,1,
t3,4,5,3,2,2,5,
r1,1,1,1,1,1,1,
r2,1,1,1,1,1,1,
r3,1,1,1,1,1,1,
r4,1,1,1,1,1,1,
r5,1,1,1,1,1,1,
r6,1,1,1,1,1,1,
r7,1,1,1,1,1,1,
r8,5,5,5,5,5,5,
p1,0,0,0,0,0,0,
p2,1,1,1,1,1,1,
s1,0,0,0,0,0,0,
e,1,0,0,0,
w,0,0,0,0,
t,0,0,0,
r,0,0,0,0,0,0,0,0,0,
p,0,0,
s,0,0,0,0,0,0,
thomasfranklin

9
14650
9400
e1,1,1,1,1,1,0,
e2,1,1,1,1,1,0,
e3,1,1,1,1,1,0,
e4,1,1,1,1,1,0,
w1,1,1,1,1,1,0,
w2,1,1,1,1,1,0,
t1,1,1,1,1,1,0,
t2,1,1,1,1,1,0,
t3,3,1,3,3,4,,
r1,1,1,1,1,1,0,
r2,1,1,1,1,1,0,
r3,1,1,1,1,1,0,
r4,1,1,1,1,1,0,
r5,1,1,1,1,1,0,
r6,1,1,1,1,1,0,
r7,1,1,1,1,1,0,
r8,5,5,5,5,5,,
p1,0,0,0,0,0,0,
p2,1,0,1,1,1,0,
s1,0,0,0,0,1,0,
e,1,0,1,1,
w,1,1,1,0,
t,1,0,1,
r,0,1,1,1,0,0,1,0,0,
p,0,0,
s,1,1,0,0,1,0,
yortega

9
16800
9600
e1,0,1,1,1,1,1,
e2,1,1,1,1,1,1,
e3,1,1,1,1,1,1,
e4,1,1,1,1,1,1,
w1,1,1,1,1,1,1,
w2,1,1,1,1,1,1,
t1,1,1,1,1,1,1,
t2,1,1,1,1,1,1,
t3,1,1,,,,2,
r1,1,1,1,1,1,1,
r2,1,1,1,1,1,1,
r3,1,1,1,1,1,1,
r4,1,1,1,1,1,1,
r5,1,1,1,1,1,1,
r6,1,1,1,1,1,1,
r7,1,1,1,1,1,1,
r8,5,5,5,5,5,5,
p1,1,1,1,1,1,1,
p2,1,1,1,1,1,1,
s1,0,0,0,1,0,0,
e,1,1,1,0,
w,1,1,1,0,
t,0,1,0,
r,1,0,1,1,1,1,1,0,0,
p,0,1,
s,1,1,1,0,1,0,
