# Soil parameter database for Disturbed WEPP - modified WJE 10 Mar 2014
#
#  Sandy Loams
#
'skid'	'sandy loam'	1	0.2	0.75	400000	0.0001	2	10
300	65	10	5	15	rfg
'HIGH'	'sandy loam'	1	0.1	0.75	400000	0.00014	2	15
400	65	10	5	15	rfg
'LOW'	'sandy loam'	1	0.15	0.75	400000	0.00012	2	20
400	65	10	5	15	rfg
'SHORT' 'sandy loam'	1	0.15	0.75	400000	0.0001	2	25
400	65	10	5	15	rfg
'TALL'	'sandy loam'	1	0.15	0.75	400000	0.0001	2	30
400	65	10	5	15	rfg
'shrub' 'sandy loam'	1	0.15	0.75	400000	0.0001	2	40
500	65	10	5	15	rfg
'YoungF' 'sandy loam'	1	0.06	0.5	400000	0.00009	2	50
600	65	10	5	15	rfg
'OldF'	'sandy loam'	1	0.06	0.5	400000	0.00008	2	60
800	65	10	5	15	rfg
#
#	Silt Loams
#
'skid'	'silt loam'	1	0.2	0.75	1000000 0.00008	01.5	6
300	25	15	5	15	rfg
'HIGH'	'silt loam'	1	0.1	0.75	1000000 0.00012	01.5	10
400	25	15	5	15	rfg
'LOW'	'silt loam'	1	0.15	0.75	1000000 0.0001	01.5	13
400	25	15	5	15	rfg
'SHORT' 'silt loam'	1	0.15	0.75	1000000 0.00008	01.5	15
400	25	15	5	15	rfg
'TALL'	'silt loam'	1	0.15	0.75	1000000 0.00008	01.5	20
400	25	15	5	15	rfg
'shrub' 'silt loam'	1	0.15	0.75	1000000 0.00007	01.5	25
500	25	15	5	15	rfg
'YoungF' 'silt loam'	1	0.06	0.5	1000000 0.00006	01.5	30
600	25	15	5	15	rfg
'OldF'	'silt loam'	1	0.06	0.5	1000000 0.00005	01.5	40
800	25	15	5	15	rfg
#
#	Clay Loams
#
'skid'	'clay loam'	1	0.2	0.75	1500000 0.00005	0.5	6
300	25	30	5	25	rfg
'HIGH'	'clay loam'	1	0.1	0.75	1500000 0.00006	0.5	14
400	25	30	5	25	rfg
'LOW'	'clay loam'	1	0.15	0.75	1500000 0.00005 0.5	18
400	25	30	5	25	rfg
'SHORT' 'clay loam'	1	0.15	0.75	1500000 0.00004	0.5	20
400	25	30	5	25	rfg
'TALL'	'clay loam'	1	0.15	0.75	1500000 0.00004	0.5	24
400	25	30	5	25	rfg
'shrub' 'clay loam'	1	0.15	0.75	1500000 0.00003	0.5	28
500	25	30	5	25	rfg
'YoungF' 'clay loam'	1	0.06	0.5	400000	0.00003	0.5	33
600	25	30	5	25	rfg
'OldF'	'clay loam'	1	0.06	0.5	400000	0.00002	0.5	35
800	25	30	5	25	rfg
#
#	Loams
#
'skid'	'loam'	1	0.2	0.75	1000000 0.00006	1	10
300	45	20	5	20	rfg
'HIGH'	'loam'	1	0.1	0.75	1000000 0.0001	1	15
400	45	20	5	20	rfg
'LOW'	'loam'	1	0.15	0.75	1000000 0.00008	1	20
400	45	20	5	20	rfg
'SHORT' 'loam'	1	0.15	0.75	1000000 0.00006	1	25
400	45	20	5	20	rfg
'TALL'	'loam'	1	0.15	0.75	1000000 0.00006	1	30
400	45	20	5	20	rfg
'shrub' 'loam'	1	0.15	0.75	1000000 0.00005	1	35
500	45	20	5	20	rfg
'YoungF' 'loam'		1	0.06	0.5	400000	0.00004	1	40
600	45	20	5	20	rfg
'OldF'	'loam'	1	0.06	0.5	400000	0.00003	1	50
800	45	20	5	20	rfg
