sbear

0






















e,,,,,,
w,,,,,
t,,,,
r,,,,,,,,,,,
s,,,,,,,,,,,
benjamincbright

10
9700
7000
e1,0,1,1,1,1,1,
e2,0,1,1,1,1,1,
e3,1,1,1,1,1,1,
e4,0,0,0,0,0,0,
e5,0,0,0,0,0,0,
e6,0,0,0,0,0,0,
w1,1,1,1,1,1,0,
w2,0,0,1,1,1,1,
t1,0,0,0,0,0,0,
t2,0,0,0,0,0,0,
t3,2,1,3,3,3,2,
r1,0,0,0,0,0,0,
r2,1,1,1,1,1,1,
r3,0,0,0,0,0,0,
r4,1,1,1,1,1,1,
r5,1,1,1,1,1,1,
r6,0,0,0,0,0,0,
r7,1,1,1,1,1,0,
r8,5,5,5,5,4,3,
p1,0,0,0,0,0,0,
e,1,1,0,1,0,
w,1,0,1,0,
t,0,1,1,
r,0,0,1,1,1,0,1,0,0,0,
s,0,1,1,0,1,0,1,0,0,0,
bmorra

10
15250
4100
e1,1,0,0,0,1,0,
e2,1,1,1,1,1,1,
e3,1,0,1,0,0,0,
e4,1,1,1,1,1,0,
e5,0,0,0,0,0,0,
e6,1,1,1,1,1,1,
w1,1,1,1,1,1,1,
w2,1,1,1,1,1,1,
t1,0,0,0,0,0,0,
t2,1,1,1,1,1,1,
t3,5,5,5,4,3,5,
r1,1,1,1,1,1,1,
r2,1,1,1,1,0,0,
r3,1,1,1,1,0,0,
r4,1,1,1,1,0,1,
r5,1,1,1,1,1,1,
r6,0,1,0,0,0,0,
r7,1,1,1,1,1,1,
r8,5,5,5,5,5,5,
p1,1,1,1,1,0,1,
e,0,0,0,0,0,
w,1,1,1,0,
t,0,0,1,
r,0,0,1,1,0,0,0,0,0,0,
s,0,1,1,0,0,0,1,0,0,0,
ddumroese

10
9450
5900
e1,1,1,0,1,0,0,
e2,1,1,1,1,0,0,
e3,1,0,0,1,0,0,
e4,1,1,1,1,1,0,
e5,0,0,0,0,0,0,
e6,0,0,0,0,0,0,
w1,1,1,0,1,0,0,
w2,1,1,0,1,1,0,
t1,1,1,1,1,1,0,
t2,1,1,0,1,0,0,
t3,5,4,,,,,
r1,1,1,0,1,1,0,
r2,1,1,0,0,1,0,
r3,1,1,0,0,0,0,
r4,1,1,0,1,1,0,
r5,1,0,0,1,1,0,
r6,1,1,0,0,0,0,
r7,1,1,0,1,1,0,
r8,4,4,4,5,4,,
p1,1,1,0,0,0,0,
e,1,1,0,0,0,
w,0,1,1,0,
t,0,1,0,
r,0,0,1,0,0,1,1,1,1,0,
s,0,0,0,0,0,0,0,0,0,0,
dehall

10
8300
9800
e1,0,0,0,0,0,0,
e2,1,1,1,1,1,1,
e3,1,1,1,1,1,1,
e4,1,0,0,1,0,0,
e5,1,0,0,1,0,0,
e6,1,1,1,1,1,1,
w1,1,1,1,1,1,1,
w2,1,1,1,1,1,1,
t1,1,1,1,1,1,1,
t2,0,0,0,0,0,0,
t3,,,,,,,
r1,1,1,1,1,1,0,
r2,1,1,1,1,1,0,
r3,0,0,0,0,0,0,
r4,1,1,1,1,1,1,
r5,1,1,1,1,1,1,
r6,1,0,0,1,1,1,
r7,1,1,1,1,1,1,
r8,,,,,,,
p1,0,0,0,0,0,0,
e,1,1,0,0,0,
w,1,0,1,0,
t,0,0,1,
r,1,1,1,1,1,0,1,1,1,0,
s,0,1,1,1,1,0,1,0,1,1,
jpinto

10
17250
11000
e1,1,1,1,1,1,1,
e2,1,1,1,1,1,1,
e3,1,1,1,1,1,1,
e4,1,1,1,1,1,1,
e5,1,1,1,1,1,1,
e6,1,1,1,1,1,1,
w1,1,1,1,1,1,1,
w2,1,1,1,1,1,1,
t1,1,1,1,0,0,0,
t2,1,1,1,0,0,0,
t3,5,5,5,5,5,5,
r1,0,0,0,0,0,0,
r2,1,1,1,1,1,1,
r3,0,0,0,0,0,0,
r4,1,1,1,1,1,1,
r5,1,1,1,1,1,1,
r6,1,1,1,1,1,1,
r7,1,1,1,1,1,1,
r8,5,5,5,5,5,5,
p1,1,1,1,1,1,1,
e,1,1,1,1,0,
w,1,1,1,0,
t,1,1,1,
r,1,1,1,1,0,1,1,1,0,0,
s,1,1,1,0,1,0,1,1,1,0,
jtirocke

10
12550
12600
e1,1,1,1,1,1,1,
e2,1,1,0,1,1,1,
e3,1,1,0,1,1,1,
e4,1,0,0,0,1,1,
e5,0,0,0,0,0,1,
e6,0,0,0,1,0,1,
w1,1,1,1,1,1,1,
w2,0,1,1,1,0,0,
t1,1,1,1,0,0,1,
t2,1,1,0,1,0,0,
t3,5,5,,,2,3,
r1,0,1,0,1,0,0,
r2,1,1,1,1,1,1,
r3,1,1,0,1,0,0,
r4,1,0,1,0,1,1,
r5,1,1,1,1,1,0,
r6,1,1,0,1,1,1,
r7,1,1,1,1,1,1,
r8,5,5,0,5,5,5,
p1,0,0,0,1,0,0,
e,1,1,0,1,1,
w,1,1,1,0,
t,0,1,1,
r,1,1,1,1,1,0,1,1,1,0,
s,1,1,1,0,1,1,1,1,0,1,
kyedinak

10
3250
4700
e1,0,0,0,0,0,0,
e2,1,1,1,0,0,0,
e3,0,0,0,0,0,0,
e4,0,0,0,0,0,0,
e5,1,1,1,0,0,0,
e6,0,0,0,0,0,0,
w1,1,1,1,0,0,0,
w2,1,1,1,0,0,0,
t1,0,0,0,0,0,0,
t2,0,1,0,0,0,0,
t3,0,0,0,,,,
r1,1,1,1,0,0,0,
r2,1,1,1,0,0,0,
r3,0,0,0,0,0,0,
r4,1,1,1,0,0,0,
r5,1,1,1,0,0,0,
r6,0,0,0,0,0,0,
r7,1,1,1,0,0,0,
r8,0,0,0,,,,
p1,0,0,0,0,0,0,
e,0,0,1,1,0,
w,1,0,0,0,
t,0,0,1,
r,1,1,0,0,0,1,1,0,0,0,
s,0,1,1,0,0,0,1,0,0,0,
lbehler

10
9100
6300
e1,1,1,1,1,1,1,
e2,1,1,1,1,1,1,
e3,1,1,1,1,1,1,
e4,0,0,0,0,0,0,
e5,0,0,0,0,0,0,
e6,0,0,0,0,0,0,
w1,1,1,1,1,1,1,
w2,0,0,0,0,0,0,
t1,1,1,1,1,1,1,
t2,0,0,0,0,0,0,
t3,,,,,,,
r1,1,1,1,1,1,1,
r2,1,1,1,1,1,1,
r3,1,1,1,1,1,1,
r4,1,1,1,1,1,1,
r5,1,1,1,1,1,1,
r6,0,0,0,0,0,0,
r7,1,1,1,1,1,1,
r8,1,1,3,2,3,5,
p1,0,0,0,0,1,0,
e,1,1,0,0,0,
w,1,0,1,0,
t,0,1,1,
r,0,1,1,1,1,0,1,0,0,0,
s,0,1,1,0,0,0,1,0,0,0,
mamiller

10
15300
8300
e1,1,1,1,1,1,1,
e2,1,1,1,1,1,1,
e3,0,1,1,1,1,1,
e4,1,1,1,1,1,0,
e5,0,0,1,0,0,0,
e6,0,1,1,1,0,0,
w1,1,1,1,1,1,1,
w2,1,1,1,1,1,1,
t1,1,1,1,1,1,1,
t2,1,1,1,1,1,1,
t3,2,1,5,5,5,5,
r1,0,0,0,0,0,0,
r2,1,1,1,1,1,1,
r3,1,1,1,1,1,1,
r4,1,1,1,1,1,1,
r5,1,1,1,1,1,1,
r6,1,1,1,1,1,1,
r7,1,1,1,1,1,1,
r8,4,3,3,2,4,4,
p1,1,1,0,0,0,0,
e,1,0,0,1,0,
w,1,1,1,0,
t,0,1,1,
r,0,1,1,1,1,1,1,1,0,0,
s,0,1,1,0,0,0,1,0,0,0,
mlesiecki

10
3300
4200
e1,1,1,1,0,0,0,
e2,1,1,1,0,0,0,
e3,0,0,0,0,0,0,
e4,0,0,0,0,0,0,
e5,0,0,0,0,0,0,
e6,1,1,1,0,0,0,
w1,0,0,0,0,0,0,
w2,1,1,1,0,0,0,
t1,0,0,0,0,0,0,
t2,1,1,1,0,0,0,
t3,,,,,,,
r1,0,0,0,0,0,0,
r2,0,0,0,0,0,0,
r3,1,1,1,0,0,0,
r4,0,0,0,0,0,0,
r5,1,1,1,0,0,0,
r6,0,0,0,0,0,0,
r7,0,0,0,0,0,0,
r8,,,,,,,
p1,1,1,1,0,0,0,
e,0,1,0,0,0,
w,1,0,1,0,
t,1,0,1,
r,0,1,0,1,0,0,0,0,0,0,
s,0,0,1,0,0,0,0,1,0,0,
mtopping

10
7500
7600
e1,1,1,1,1,1,0,
e2,1,1,1,1,1,0,
e3,1,1,1,1,1,0,
e4,1,1,1,1,1,0,
e5,0,0,0,0,0,0,
e6,0,0,0,1,1,0,
w1,1,1,1,1,1,0,
w2,1,1,1,1,1,0,
t1,1,1,1,1,1,0,
t2,0,0,0,0,0,0,
t3,0,0,0,0,0,,
r1,0,1,1,1,1,0,
r2,1,1,1,1,1,0,
r3,0,0,0,0,0,0,
r4,1,1,1,1,1,0,
r5,1,1,1,1,1,0,
r6,1,0,1,0,0,0,
r7,1,1,1,1,1,0,
r8,0,0,0,0,0,,
p1,0,0,0,1,0,0,
e,1,1,0,0,1,
w,1,0,1,0,
t,0,0,1,
r,0,1,1,1,0,0,1,1,0,0,
s,0,1,1,0,1,0,1,0,0,0,
probichaud

10
2850
3700
e1,0,0,0,0,0,0,
e2,1,1,1,0,0,0,
e3,0,0,0,0,0,0,
e4,0,0,0,0,0,0,
e5,0,0,0,0,0,0,
e6,0,0,0,0,0,0,
w1,0,0,0,0,0,0,
w2,1,1,1,0,0,0,
t1,1,1,1,0,0,0,
t2,0,0,0,0,0,0,
t3,0,0,0,,,,
r1,1,1,1,0,0,0,
r2,0,0,0,0,0,0,
r3,0,0,0,0,0,0,
r4,1,1,1,0,0,0,
r5,1,1,1,0,0,0,
r6,1,1,1,0,0,0,
r7,1,1,1,0,0,0,
r8,0,0,0,,,,
p1,1,1,1,0,0,0,
e,1,0,0,0,0,
w,0,0,0,0,
t,1,1,0,
r,1,1,0,0,0,1,0,1,0,0,
s,0,0,0,0,0,0,0,0,1,0,
richardtucker

10
13800
6400
e1,1,1,1,1,1,1,
e2,1,1,1,1,1,1,
e3,1,1,1,1,1,1,
e4,1,1,1,1,1,1,
e5,1,1,1,1,1,1,
e6,0,0,0,0,1,1,
w1,1,1,1,1,1,1,
w2,1,1,1,1,1,1,
t1,1,1,1,1,1,1,
t2,0,0,0,0,0,0,
t3,4,4,4,4,4,4,
r1,1,1,1,1,1,1,
r2,1,1,1,1,1,1,
r3,1,1,1,1,1,1,
r4,1,1,1,1,1,1,
r5,1,1,1,1,1,1,
r6,1,1,1,1,1,1,
r7,1,1,1,1,1,1,
r8,,,,,,,
p1,1,1,1,1,1,1,
e,0,0,1,1,0,
w,1,1,1,0,
t,0,0,1,
r,0,0,1,1,0,1,1,0,0,0,
s,0,1,0,1,1,0,0,0,0,0,
sarahlewis

10
10800
4500
e1,0,0,0,0,0,0,
e2,1,1,1,1,1,1,
e3,0,0,1,0,1,0,
e4,1,1,1,1,1,1,
e5,0,1,0,1,0,1,
e6,0,0,0,0,0,0,
w1,1,1,1,1,1,0,
w2,0,1,1,1,0,0,
t1,1,1,1,1,1,1,
t2,1,0,0,0,0,0,
t3,,,,,,,
r1,1,1,1,1,1,1,
r2,1,1,1,1,1,1,
r3,0,0,0,0,0,0,
r4,1,1,1,1,1,1,
r5,1,1,1,1,1,1,
r6,1,1,1,1,1,1,
r7,1,1,1,1,1,1,
r8,5,5,4,4,5,4,
p1,1,0,1,0,1,0,
e,1,0,0,0,0,
w,1,0,0,0,
t,0,1,1,
r,0,0,1,1,1,0,1,0,0,0,
s,0,1,0,0,0,0,1,0,0,0,
suemiller

10
13400
10000
e1,1,1,1,1,1,1,
e2,1,1,1,1,1,1,
e3,1,1,1,1,1,1,
e4,1,1,1,1,1,1,
e5,1,0,1,0,1,1,
e6,1,1,1,1,1,1,
w1,1,1,1,1,1,0,
w2,1,1,0,0,1,0,
t1,0,0,0,0,0,0,
t2,0,1,1,0,0,0,
t3,4,3,3,1,2,3,
r1,0,0,0,0,0,0,
r2,1,0,0,1,1,1,
r3,0,0,0,0,0,0,
r4,1,1,0,1,1,0,
r5,1,1,1,1,1,1,
r6,0,0,1,0,1,0,
r7,1,1,1,1,1,1,
r8,4,5,3,4,5,5,
p1,1,1,1,1,1,1,
e,1,1,0,0,0,
w,1,1,1,0,
t,1,0,1,
r,0,1,1,1,1,0,1,1,0,0,
s,0,1,1,1,1,1,1,1,0,0,
tjain

10
3300
3900
e1,0,0,0,0,0,0,
e2,1,1,1,0,0,0,
e3,0,0,1,0,0,0,
e4,1,1,1,0,0,0,
e5,0,0,0,0,0,0,
e6,1,0,0,0,0,0,
w1,0,0,0,0,0,0,
w2,1,1,1,0,0,0,
t1,1,1,1,0,0,0,
t2,0,0,0,0,0,0,
t3,,,,,,,
r1,1,1,1,0,0,0,
r2,0,0,0,0,0,0,
r3,0,0,0,0,0,0,
r4,1,1,1,0,0,0,
r5,1,1,1,0,0,0,
r6,0,0,0,0,0,0,
r7,0,0,0,0,0,0,
r8,5,,,,,,
p1,1,0,0,0,0,0,
e,0,0,1,0,1,
w,0,1,0,0,
t,0,1,0,
r,0,0,0,0,0,0,1,1,0,0,
s,0,0,0,0,0,0,0,0,0,0,
welliot

10
8200
4700
e1,1,1,1,1,1,1,
e2,1,1,1,1,1,1,
e3,0,0,0,0,0,0,
e4,0,0,0,0,0,0,
e5,0,0,0,0,0,0,
e6,0,0,0,0,0,0,
w1,1,1,1,1,1,1,
w2,0,0,0,0,0,0,
t1,1,1,1,1,1,1,
t2,0,0,0,0,0,0,
t3,,,,,,,
r1,0,0,0,0,0,0,
r2,1,1,1,1,1,1,
r3,1,0,0,0,0,0,
r4,1,1,1,1,1,1,
r5,1,1,1,1,1,1,
r6,1,0,0,0,0,0,
r7,1,1,1,1,1,1,
r8,5,5,5,5,3,3,
p1,0,0,0,0,0,0,
e,0,1,0,0,0,
w,1,0,0,0,
t,0,1,0,
r,1,0,0,0,0,1,1,1,0,0,
s,0,0,0,0,1,0,0,1,0,0,
Bbialacg

11
2400
7500
e1,1,0,0,0,0,0,
e2,1,0,0,0,0,0,
e3,0,0,0,0,0,0,
e4,1,0,0,0,0,0,
e5,1,0,0,0,0,0,
e6,1,0,0,0,0,0,
w1,1,0,0,0,0,0,
w2,1,0,0,0,0,0,
t1,1,0,0,0,0,0,
t2,1,0,0,0,0,0,
t3,,,,,,,
r1,0,0,0,0,0,0,
r2,1,0,0,0,0,0,
r3,0,0,0,0,0,0,
r4,1,0,0,0,0,0,
r5,1,0,0,0,0,0,
r6,1,0,0,0,0,0,
r7,1,0,0,0,0,0,
r8,5,,,,,,
p1,1,0,0,0,0,0,
e,1,1,1,1,0,
w,1,1,1,0,
t,0,1,1,
r,0,0,1,1,0,1,1,0,0,0,
s,0,1,1,0,0,0,1,0,0,0,
bbialach

11
12650
8800
e1,1,1,1,1,1,0,
e2,1,1,1,1,1,0,
e3,0,0,1,1,1,0,
e4,1,1,1,1,1,0,
e5,1,1,1,1,1,0,
e6,1,1,1,1,1,0,
w1,1,1,1,1,1,0,
w2,1,1,1,1,1,0,
t1,1,1,1,1,1,0,
t2,1,1,1,1,1,0,
t3,,,,,,,
r1,0,0,0,0,0,0,
r2,1,1,1,1,1,0,
r3,1,1,1,1,1,0,
r4,1,1,1,1,1,0,
r5,1,1,1,1,1,0,
r6,1,1,1,1,1,0,
r7,1,1,1,1,1,0,
r8,4,4,5,4,5,,
p1,1,1,1,1,1,0,
e,1,1,1,1,0,
w,1,1,1,0,
t,0,1,1,
r,1,0,1,1,1,1,1,0,0,0,
s,1,1,1,0,0,0,1,0,0,1,
brookerice

11
16250
13700
e1,1,1,1,1,1,1,
e2,0,1,0,0,0,0,
e3,1,1,1,1,1,1,
e4,1,1,1,1,1,1,
e5,1,1,1,1,1,1,
e6,1,1,1,1,1,1,
w1,1,1,1,1,1,1,
w2,1,1,1,1,1,1,
t1,1,1,1,1,1,1,
t2,1,1,1,1,1,1,
t3,2,5,2,2,1,1,
r1,1,1,1,1,1,1,
r2,1,1,1,1,1,1,
r3,1,1,1,1,1,1,
r4,1,1,1,1,1,1,
r5,1,1,1,1,1,1,
r6,1,1,1,1,1,1,
r7,1,1,1,1,1,1,
r8,5,5,4,1,3,4,
p1,1,1,1,1,1,1,
e,1,1,1,1,1,
w,1,1,1,0,
t,0,1,1,
r,1,1,1,1,1,1,1,1,1,0,
s,1,1,1,1,1,0,1,1,1,1,
cgcoates

11
6600
3200
e1,1,1,1,1,1,1,
e2,0,0,0,0,0,0,
e3,0,0,0,0,0,0,
e4,0,0,0,0,0,0,
e5,0,0,0,0,0,0,
e6,1,1,1,1,1,1,
w1,1,1,1,1,1,1,
w2,1,1,1,1,1,1,
t1,1,1,1,1,1,1,
t2,0,0,0,0,0,0,
t3,,,,,,,
r1,1,1,1,1,1,1,
r2,0,0,0,0,0,0,
r3,0,0,0,0,0,0,
r4,0,0,0,0,0,0,
r5,1,1,1,1,1,1,
r6,0,0,0,0,0,0,
r7,1,1,1,1,1,1,
r8,2,2,2,2,2,2,
p1,0,0,0,0,0,0,
e,1,0,0,0,0,
w,0,0,0,0,
t,0,0,0,
r,0,1,1,1,0,1,0,0,0,0,
s,0,1,1,0,0,0,1,0,0,0,
debraisaacson

11
10500
8700
e1,1,1,1,1,1,1,
e2,0,0,0,0,0,0,
e3,0,0,0,0,0,0,
e4,1,1,1,1,1,1,
e5,1,1,1,1,1,1,
e6,1,1,1,1,1,1,
w1,1,1,1,1,1,1,
w2,1,1,1,1,1,1,
t1,0,0,1,1,0,0,
t2,0,0,0,0,0,0,
t3,,,,,,,
r1,1,1,1,1,1,1,
r2,0,1,1,1,1,1,
r3,0,0,0,0,0,0,
r4,0,0,1,1,1,1,
r5,1,1,1,1,1,1,
r6,0,0,1,1,1,1,
r7,1,1,1,1,1,1,
r8,4,2,4,5,3,3,
p1,0,1,1,0,1,0,
e,1,0,1,1,1,
w,1,1,1,0,
t,0,1,1,
r,0,1,1,1,0,1,1,0,0,0,
s,1,1,1,0,0,0,1,1,0,0,
dkdonahue

11
18000
2300
e1,1,1,1,1,1,1,
e2,0,0,1,1,1,1,
e3,1,1,1,1,1,1,
e4,1,1,1,1,1,1,
e5,1,1,1,1,1,1,
e6,1,1,1,1,1,1,
w1,1,1,1,1,1,1,
w2,0,0,1,1,1,1,
t1,1,1,1,1,1,1,
t2,1,1,1,1,1,1,
t3,4,4,4,4,4,4,
r1,1,1,1,1,1,1,
r2,1,1,1,1,1,1,
r3,1,1,1,1,1,1,
r4,1,1,1,1,1,1,
r5,1,1,1,1,1,1,
r6,1,1,1,1,1,1,
r7,1,1,1,1,1,1,
r8,5,4,4,5,4,4,
p1,1,1,1,1,1,1,
e,1,0,1,0,0,
w,0,0,0,0,
t,0,1,0,
r,0,0,1,0,0,0,0,0,0,0,
s,0,0,1,0,0,0,0,0,0,0,
Dkdonahue

11
2200
7600
e1,1,0,0,0,0,0,
e2,0,0,0,0,0,0,
e3,1,0,0,0,0,0,
e4,1,0,0,0,0,0,
e5,1,0,0,0,0,0,
e6,1,0,0,0,0,0,
w1,1,0,0,0,0,0,
w2,0,0,0,0,0,0,
t1,1,0,0,0,0,0,
t2,1,0,0,0,0,0,
t3,,,,,,,
r1,0,0,0,0,0,0,
r2,1,0,0,0,0,0,
r3,0,0,0,0,0,0,
r4,1,0,0,0,0,0,
r5,1,0,0,0,0,0,
r6,1,0,0,0,0,0,
r7,0,0,0,0,0,0,
r8,5,,,,,,
p1,1,0,0,0,0,0,
e,1,1,1,0,1,
w,1,0,1,0,
t,0,1,1,
r,1,0,1,1,0,1,0,1,0,0,
s,0,0,1,0,0,0,1,0,0,0,
georgiahall

11
5550
7600
e1,0,0,1,0,0,0,
e2,0,1,1,0,0,0,
e3,0,1,1,0,0,0,
e4,0,1,1,0,0,0,
e5,0,1,0,0,0,0,
e6,0,1,1,0,0,0,
w1,0,1,1,0,0,0,
w2,0,1,1,0,0,0,
t1,0,1,1,0,0,0,
t2,0,1,0,0,0,0,
t3,,5,4,,,,
r1,0,1,1,0,0,0,
r2,0,1,1,0,0,0,
r3,0,0,0,0,0,0,
r4,0,1,1,0,0,0,
r5,0,1,1,0,0,0,
r6,0,1,1,0,0,0,
r7,0,1,1,0,0,0,
r8,,4,5,,,,
p1,0,1,1,0,0,0,
e,1,1,1,1,0,
w,0,1,0,0,
t,1,1,0,
r,0,1,0,0,0,1,1,1,0,0,
s,0,1,0,0,1,0,1,0,1,1,
jbakken

11
10250
4900
e1,1,1,1,1,1,1,
e2,1,1,1,1,1,1,
e3,1,1,1,1,1,1,
e4,0,1,0,1,0,0,
e5,0,0,0,0,0,0,
e6,0,0,0,1,0,0,
w1,0,0,1,0,0,0,
w2,0,0,0,0,0,0,
t1,1,0,1,0,1,0,
t2,0,0,0,0,0,0,
t3,5,5,5,5,5,5,
r1,0,0,0,0,0,0,
r2,0,0,0,0,0,0,
r3,0,0,0,0,0,0,
r4,1,1,1,1,1,1,
r5,1,1,1,1,1,1,
r6,0,0,0,0,0,0,
r7,1,1,1,1,1,1,
r8,3,3,4,3,3,3,
p1,0,0,0,0,0,0,
e,1,1,0,0,0,
w,1,0,1,0,
t,0,1,1,
r,0,0,1,1,0,0,0,0,0,0,
s,0,1,1,0,0,0,1,0,0,0,
jmetsky

11
16300
2100
e1,1,1,1,1,1,1,
e2,1,1,1,1,1,1,
e3,1,1,1,1,1,1,
e4,1,1,1,1,1,1,
e5,1,1,1,1,1,1,
e6,1,1,1,1,1,1,
w1,1,1,1,1,1,1,
w2,1,1,1,1,1,1,
t1,1,1,1,1,1,1,
t2,1,1,1,1,1,1,
t3,5,4,3,3,,1,
r1,1,1,1,1,1,1,
r2,1,1,1,1,1,1,
r3,0,0,0,1,0,0,
r4,1,1,1,1,1,1,
r5,1,1,1,1,1,1,
r6,1,1,1,1,0,0,
r7,1,1,1,1,1,1,
r8,5,4,4,4,4,4,
p1,0,0,0,0,0,0,
e,1,1,0,0,0,
w,0,1,0,0,
t,0,1,0,
r,0,1,0,0,0,0,0,0,0,0,
s,0,0,0,0,0,0,0,0,0,0,
melissapriest

11
8900
8400
e1,1,1,1,1,1,1,
e2,0,0,0,0,0,0,
e3,1,1,1,1,1,1,
e4,0,0,0,0,0,0,
e5,0,0,0,0,0,0,
e6,1,0,0,0,0,1,
w1,1,1,1,1,1,1,
w2,0,0,0,0,0,0,
t1,1,1,1,1,1,1,
t2,0,0,0,0,0,0,
t3,1,2,1,1,2,,
r1,0,0,0,0,0,0,
r2,1,1,1,1,1,1,
r3,1,0,0,0,1,0,
r4,1,1,1,1,1,1,
r5,1,1,1,1,1,1,
r6,1,1,1,1,1,1,
r7,1,1,1,1,1,1,
r8,2,1,3,2,3,4,
p1,0,1,0,0,0,1,
e,1,1,1,1,1,
w,1,1,1,0,
t,0,1,1,
r,1,1,1,1,0,1,0,0,0,0,
s,1,1,1,0,0,0,1,0,0,0,
mrubey

11
10050
5600
e1,1,1,1,1,1,1,
e2,1,1,1,1,1,1,
e3,1,1,1,1,1,1,
e4,0,0,0,0,0,0,
e5,0,0,0,0,0,0,
e6,0,0,1,0,0,0,
w1,1,1,1,1,1,1,
w2,1,1,1,1,1,1,
t1,1,1,1,1,1,1,
t2,0,0,0,0,0,0,
t3,,,,,,1,
r1,0,0,0,0,0,0,
r2,1,1,1,1,1,1,
r3,1,1,0,0,0,0,
r4,1,1,1,1,1,1,
r5,1,1,1,1,1,1,
r6,0,0,0,0,0,0,
r7,1,1,1,1,1,1,
r8,4,3,4,4,3,3,
p1,1,1,1,1,1,1,
e,1,1,1,0,0,
w,1,1,1,0,
t,0,1,1,
r,0,0,1,1,0,0,0,0,0,0,
s,0,0,1,0,0,0,1,0,0,0,
mstettler

11
11800
4600
e1,1,1,1,1,1,1,
e2,0,0,0,0,0,0,
e3,0,0,0,0,0,0,
e4,1,1,1,1,1,1,
e5,0,0,0,0,0,0,
e6,1,1,1,1,1,1,
w1,1,1,1,1,1,1,
w2,1,1,1,1,1,0,
t1,1,1,1,1,1,1,
t2,1,1,1,1,1,1,
t3,1,1,1,4,1,4,
r1,1,1,1,1,1,1,
r2,1,1,1,1,1,1,
r3,1,1,1,1,1,1,
r4,0,0,0,0,0,0,
r5,1,1,1,1,1,1,
r6,0,0,0,0,0,0,
r7,1,1,1,1,1,1,
r8,3,3,2,1,2,,
p1,1,1,1,1,1,1,
e,1,1,1,0,0,
w,1,1,1,0,
t,0,1,1,
r,0,1,0,0,0,0,0,0,0,0,
s,0,0,1,0,0,0,0,0,0,0,
rsafiran

11
15050
2300
e1,0,1,0,0,0,0,
e2,0,0,1,1,1,1,
e3,0,0,0,0,0,0,
e4,1,1,1,1,1,1,
e5,1,1,1,1,1,1,
e6,1,1,1,1,1,1,
w1,1,1,1,1,1,1,
w2,1,1,1,1,1,1,
t1,1,1,1,1,1,1,
t2,1,1,1,1,1,1,
t3,2,5,3,3,4,1,
r1,1,1,1,1,1,0,
r2,1,1,1,1,1,1,
r3,1,0,0,1,0,0,
r4,1,1,1,1,1,1,
r5,0,0,1,1,1,1,
r6,1,1,1,1,1,1,
r7,1,1,1,1,1,1,
r8,5,5,4,5,4,5,
p1,1,0,0,1,0,0,
e,1,0,0,1,0,
w,1,0,1,0,
t,0,1,0,
r,0,0,0,0,0,0,0,0,0,0,
s,0,0,0,0,0,0,0,0,0,0,
sdlarsen

11
2700
5600
e1,0,0,0,0,0,0,
e2,1,1,0,0,0,0,
e3,0,0,0,0,0,0,
e4,1,1,0,0,0,0,
e5,0,0,0,0,0,0,
e6,0,0,0,0,0,0,
w1,1,1,0,0,0,0,
w2,1,1,0,0,0,0,
t1,1,1,0,0,0,0,
t2,0,0,0,0,0,0,
t3,,,,,,,
r1,1,1,0,0,0,0,
r2,0,0,0,0,0,0,
r3,0,0,0,0,0,0,
r4,0,0,0,0,0,0,
r5,1,1,0,0,0,0,
r6,1,1,0,0,0,0,
r7,1,1,0,0,0,0,
r8,5,,,,,,
p1,1,1,0,0,0,0,
e,1,1,0,1,0,
w,0,1,0,0,
t,0,1,0,
r,1,1,0,0,0,1,0,0,1,0,
s,0,0,0,0,1,0,0,1,0,1,
sfrandsen

11
9900
6200
e1,1,1,1,1,1,1,
e2,0,0,0,0,0,0,
e3,0,0,0,0,1,1,
e4,1,1,1,1,1,1,
e5,0,0,0,0,0,0,
e6,1,1,1,1,1,1,
w1,1,1,1,1,1,1,
w2,0,0,0,0,0,0,
t1,1,1,1,1,1,1,
t2,1,1,1,1,1,1,
t3,1,1,1,1,,,
r1,1,1,1,1,1,1,
r2,1,1,1,1,1,1,
r3,0,0,0,0,0,0,
r4,0,0,0,0,0,0,
r5,1,1,1,1,1,1,
r6,0,0,0,0,0,0,
r7,1,1,1,1,0,0,
r8,4,4,4,4,,,
p1,0,0,0,0,0,0,
e,1,1,1,0,0,
w,0,1,1,0,
t,0,1,1,
r,0,1,0,0,0,1,0,0,0,0,
s,1,0,1,1,1,0,0,1,0,0,
sgoeking

11
10600
5900
e1,1,1,1,1,1,1,
e2,0,1,0,0,0,0,
e3,1,1,1,1,1,1,
e4,1,1,1,1,1,1,
e5,1,1,1,1,1,1,
e6,1,1,1,1,1,1,
w1,1,1,1,1,1,1,
w2,1,1,1,1,1,1,
t1,1,1,1,1,1,1,
t2,1,0,0,1,0,1,
t3,0,0,0,0,0,0,
r1,1,0,1,1,1,1,
r2,1,1,0,1,0,1,
r3,1,1,1,1,1,1,
r4,1,1,1,1,1,1,
r5,1,1,1,1,1,1,
r6,0,0,0,0,0,0,
r7,1,1,1,1,1,1,
r8,0,0,0,0,0,0,
p1,0,0,0,1,0,0,
e,1,0,1,0,0,
w,1,1,1,0,
t,0,1,1,
r,0,0,1,1,0,0,1,1,0,0,
s,0,0,0,0,0,0,0,0,0,0,
sheenajordan

11
13000
10500
e1,1,1,1,1,1,1,
e2,1,1,1,1,1,1,
e3,1,1,1,1,1,1,
e4,1,1,1,1,1,1,
e5,1,1,1,1,1,1,
e6,1,1,1,1,1,1,
w1,1,1,1,1,1,0,
w2,0,0,0,0,0,0,
t1,1,1,1,1,1,1,
t2,0,0,0,0,0,0,
t3,,,,,,,
r1,1,1,1,1,1,0,
r2,1,1,1,1,1,1,
r3,1,1,1,1,1,1,
r4,1,1,1,1,1,1,
r5,1,1,1,1,1,1,
r6,1,1,1,1,1,1,
r7,1,1,1,1,1,1,
r8,3,2,5,3,1,4,
p1,1,1,1,1,1,1,
e,1,1,0,1,1,
w,1,1,1,0,
t,0,1,1,
r,0,1,1,1,1,1,1,0,0,0,
s,1,1,1,0,1,0,1,1,1,1,
dchapel

12
13600
13700
e1,1,1,1,1,1,1,
e2,1,1,1,1,1,1,
e3,1,1,1,1,1,1,
e4,1,1,1,1,1,1,
e5,0,0,0,0,0,0,
e6,1,1,1,1,1,1,
w1,1,1,1,1,1,1,
w2,1,1,1,1,1,1,
t1,1,1,1,1,1,1,
t2,0,0,0,0,0,0,
t3,,,,,,,
r1,1,1,1,1,1,1,
r2,1,1,1,1,1,1,
r3,1,1,1,1,1,1,
r4,1,1,1,1,1,1,
r5,1,1,1,1,1,1,
r6,1,1,1,1,1,1,
r7,1,1,1,1,1,1,
r8,4,5,4,4,4,4,
p1,1,1,1,1,1,1,
e,1,1,1,1,1,
w,1,1,1,0,
t,0,1,1,
r,1,1,1,1,0,1,1,1,1,1,
s,1,1,1,0,1,0,1,1,1,1,
bhanberry

13
10700
3200
e1,1,1,1,1,1,1,
e2,1,1,1,1,1,1,
e3,0,0,0,0,0,0,
e4,1,1,1,1,1,1,
e5,0,0,0,0,0,0,
e6,1,1,1,1,1,1,
w1,1,1,1,1,1,1,
w2,1,1,1,1,1,1,
t1,0,0,0,0,0,0,
t2,0,0,0,0,0,0,
t3,1,1,1,1,1,1,
r1,1,1,1,1,1,1,
r2,1,1,1,1,1,1,
r3,1,1,1,1,1,0,
r4,1,1,1,1,1,1,
r5,1,1,1,1,1,1,
r6,1,1,1,1,1,1,
r7,1,1,1,1,1,1,
r8,1,1,1,1,1,1,
p1,1,1,1,1,1,1,
e,1,0,0,0,0,
w,0,1,0,0,
t,0,1,0,
r,0,0,0,0,1,0,0,0,1,0,
s,0,0,0,0,0,0,0,0,1,0,
jacquelinepott

13
2050
500
e1,0,0,0,0,0,0,
e2,1,1,0,0,0,0,
e3,0,0,0,0,0,0,
e4,1,1,1,1,1,0,
e5,0,0,0,0,0,0,
e6,0,0,0,0,0,0,
w1,0,0,0,0,0,0,
w2,0,0,0,0,0,0,
t1,0,0,0,0,0,0,
t2,0,0,0,0,0,0,
t3,,,,,,,
r1,1,1,1,0,0,0,
r2,0,0,0,0,0,0,
r3,0,0,0,0,0,0,
r4,0,0,0,0,0,0,
r5,1,1,1,1,1,1,
r6,0,0,0,0,0,0,
r7,0,0,0,0,1,0,
r8,,,,,,,
p1,0,0,0,0,0,0,
e,0,0,0,0,0,
w,0,0,0,0,
t,0,1,0,
r,0,0,0,0,0,0,0,0,0,0,
s,0,0,0,0,0,0,0,0,0,0,
dboard

14
2750
4500
e1,1,1,0,0,0,0,
e2,0,0,0,0,0,0,
e3,0,1,0,0,0,0,
e4,1,1,0,0,0,0,
e5,0,0,0,0,0,0,
e6,1,1,0,0,0,0,
w1,1,1,0,0,0,0,
w2,1,1,0,0,0,0,
t1,0,1,0,0,0,0,
t2,0,0,0,0,0,0,
t3,,,,,,,
r1,0,0,0,0,0,0,
r2,1,1,0,0,0,0,
r3,1,1,0,0,0,0,
r4,1,1,0,0,0,0,
r5,1,1,0,0,0,0,
r6,1,1,0,0,0,0,
r7,1,1,0,0,0,0,
r8,,,,,,,
p1,0,0,0,0,0,0,
e,1,1,0,0,1,
w,0,1,1,0,
t,0,0,0,
r,0,1,0,0,0,0,1,1,0,0,
s,0,0,0,0,0,0,0,0,0,0,
kdriscoll

1
10800
6000
e1,1,0,1,1,1,1,
e2,1,1,1,1,1,1,
e3,0,0,0,0,0,0,
e4,0,0,0,1,1,0,
e5,0,0,0,0,0,0,
e6,0,0,0,0,0,0,
w1,1,1,1,1,1,1,
w2,0,0,1,1,1,1,
t1,1,1,1,0,0,0,
t2,0,0,0,0,1,0,
t3,5,3,4,2,4,4,
r1,0,0,1,1,1,0,
r2,0,0,1,1,1,1,
r3,0,0,0,0,0,0,
r4,1,1,1,1,1,1,
r5,1,1,1,1,1,1,
r6,0,0,0,0,0,0,
r7,1,1,1,1,1,1,
r8,5,5,5,2,4,4,
p1,0,1,0,0,0,0,
e,1,1,0,0,0,
w,1,0,1,0,
t,0,1,1,
r,0,0,1,1,0,0,1,0,0,0,
s,0,1,1,0,1,0,1,0,0,0,
ydranspot

1
500
500
e1,1,0,0,0,0,0,
e2,0,0,0,0,0,0,
e3,0,0,0,0,0,0,
e4,0,0,0,0,0,0,
e5,0,0,0,0,0,0,
e6,0,0,0,0,0,0,
w1,1,0,0,0,0,0,
w2,0,0,0,0,0,0,
t1,0,0,0,0,0,0,
t2,1,0,0,0,0,0,
t3,,,,,,,
r1,0,0,0,0,0,0,
r2,0,0,0,0,0,0,
r3,0,0,0,0,0,0,
r4,0,0,0,0,0,0,
r5,0,0,0,0,0,0,
r6,0,0,0,0,0,0,
r7,0,0,0,0,0,0,
r8,,,,,,,
p1,0,0,0,0,0,0,
e,0,0,0,0,0,
w,0,0,0,0,
t,0,0,0,
r,0,0,0,0,0,0,0,0,0,0,
s,0,0,0,0,1,0,0,0,0,0,
cmiller04

2
10300
6100
e1,0,1,0,0,0,0,
e2,1,1,1,1,1,1,
e3,1,1,0,0,0,0,
e4,1,1,1,1,1,0,
e5,1,1,0,0,0,0,
e6,1,1,1,1,1,1,
w1,1,1,1,1,1,1,
w2,1,1,1,0,0,1,
t1,0,0,0,0,0,0,
t2,0,0,0,0,0,0,
t3,5,5,3,2,4,3,
r1,0,0,0,0,0,0,
r2,1,1,0,0,0,0,
r3,1,1,0,0,0,0,
r4,1,1,1,1,0,0,
r5,1,1,1,1,0,0,
r6,0,0,0,0,0,0,
r7,1,1,1,1,1,0,
r8,5,4,4,3,,,
p1,1,1,1,1,1,0,
e,0,0,0,0,0,
w,1,0,1,0,
t,0,1,1,
r,0,0,1,1,0,0,1,1,0,0,
s,0,1,1,0,0,0,1,1,0,0,
dlpaige

2
11900
8500
e1,1,1,1,1,1,1,
e2,1,1,1,1,1,1,
e3,0,0,0,0,0,0,
e4,0,1,0,0,0,0,
e5,0,1,0,1,1,0,
e6,1,1,1,1,0,1,
w1,1,1,1,1,1,1,
w2,0,0,1,0,0,1,
t1,1,1,1,1,1,1,
t2,0,0,0,1,0,0,
t3,2,2,2,2,4,3,
r1,1,1,0,0,1,1,
r2,1,1,1,1,1,1,
r3,0,0,0,0,1,0,
r4,1,1,1,1,1,1,
r5,1,1,1,1,1,1,
r6,0,1,0,1,0,1,
r7,1,1,1,1,1,1,
r8,4,3,4,2,3,3,
p1,1,1,1,1,0,1,
e,0,1,1,1,0,
w,1,1,1,0,
t,0,1,1,
r,0,1,1,1,0,1,1,0,0,0,
s,0,1,1,1,1,0,1,0,0,0,
minisndyer

2
4200
6600
e1,1,1,1,0,0,0,
e2,1,1,1,0,0,0,
e3,0,0,0,0,0,0,
e4,0,0,0,0,0,0,
e5,0,0,0,0,0,0,
e6,1,1,0,0,0,0,
w1,1,1,1,0,0,0,
w2,1,1,1,0,0,0,
t1,0,0,0,0,0,0,
t2,0,0,0,0,0,0,
t3,0,0,0,0,0,0,
r1,1,1,1,0,0,0,
r2,1,1,1,0,0,0,
r3,1,1,1,0,0,0,
r4,1,1,1,0,0,0,
r5,1,1,1,0,0,0,
r6,1,1,1,0,0,0,
r7,1,1,1,0,0,0,
r8,0,0,,,,,
p1,1,1,1,0,0,0,
e,0,1,0,0,0,
w,0,1,1,0,
t,0,0,0,
r,0,1,1,1,1,1,1,1,0,0,
s,0,0,0,0,0,0,0,1,1,1,
minisnyder

2
8000
9100
e1,1,1,1,1,1,0,
e2,1,1,1,1,1,0,
e3,1,1,1,1,1,0,
e4,0,0,0,0,0,0,
e5,0,0,0,0,0,0,
e6,1,1,1,1,1,0,
w1,1,1,1,1,1,0,
w2,1,1,1,1,1,0,
t1,0,0,0,0,0,0,
t2,0,0,0,0,0,0,
t3,0,0,0,0,0,0,
r1,1,1,1,1,1,0,
r2,1,1,1,1,1,0,
r3,1,1,1,1,1,0,
r4,1,1,1,1,1,0,
r5,1,1,1,1,1,0,
r6,1,1,1,1,1,0,
r7,1,1,1,1,1,0,
r8,0,0,0,0,0,,
p1,1,1,1,1,1,0,
e,0,1,0,1,0,
w,0,1,1,0,
t,0,0,1,
r,0,1,1,1,1,1,1,1,0,0,
s,1,0,1,0,1,0,1,1,1,1,
coreylgucker

3
8750
0
e1,1,1,1,1,0,1,
e2,1,1,1,1,0,1,
e3,0,0,0,0,0,0,
e4,0,1,1,1,1,1,
e5,0,0,0,0,0,0,
e6,0,0,0,0,0,0,
w1,0,0,0,0,0,0,
w2,0,0,0,0,0,0,
t1,0,0,0,0,0,0,
t2,0,0,0,0,0,0,
t3,3,3,4,5,,2,
r1,0,0,0,0,0,0,
r2,0,0,0,0,0,0,
r3,0,0,0,0,0,0,
r4,1,1,1,1,1,1,
r5,1,1,1,1,1,1,
r6,0,0,0,0,0,0,
r7,1,1,1,1,1,1,
r8,5,5,5,5,5,5,
p1,0,0,0,0,0,0,
e,0,0,0,0,0,
w,0,0,0,0,
t,0,0,0,
r,0,0,0,0,0,0,0,0,0,0,
s,0,0,0,0,0,0,0,0,0,0,
ebsmith02

3
8400
7000
e1,1,1,1,1,1,1,
e2,0,0,0,0,0,0,
e3,1,1,1,1,1,1,
e4,1,1,1,1,1,1,
e5,0,0,0,0,0,0,
e6,1,1,1,1,1,1,
w1,1,1,1,1,1,1,
w2,1,1,1,1,1,1,
t1,1,1,1,1,1,1,
t2,0,0,0,0,0,0,
t3,,,,,,,
r1,0,0,0,0,0,0,
r2,1,1,1,1,1,1,
r3,1,1,1,1,1,1,
r4,0,0,0,0,0,0,
r5,1,1,1,1,1,1,
r6,0,0,0,0,0,0,
r7,1,1,1,1,1,1,
r8,,,,,,,
p1,1,1,1,1,1,1,
e,1,1,0,0,0,
w,1,1,1,0,
t,0,0,1,
r,0,1,1,1,0,0,1,1,0,0,
s,1,1,1,0,0,0,1,0,0,0,
glchandler

3
1750
9800
e1,1,0,0,0,0,0,
e2,0,0,0,0,0,0,
e3,1,0,0,0,0,0,
e4,1,0,0,0,0,0,
e5,0,0,0,0,0,0,
e6,1,0,0,0,0,0,
w1,1,0,0,0,0,0,
w2,0,0,0,0,0,0,
t1,1,0,0,0,0,0,
t2,1,0,0,0,0,0,
t3,1,,,,,,
r1,1,0,0,0,0,0,
r2,1,0,0,0,0,0,
r3,0,0,0,0,0,0,
r4,1,0,0,0,0,0,
r5,1,0,0,0,0,0,
r6,0,0,0,0,0,0,
r7,1,0,0,0,0,0,
r8,,,,,,,
p1,1,0,0,0,0,0,
e,1,1,1,1,1,
w,1,1,1,0,
t,0,1,1,
r,1,1,1,1,0,0,1,1,0,0,
s,0,1,1,0,1,0,1,0,0,0,
jkolts

3
1200
4200
e1,0,0,0,0,0,0,
e2,0,0,0,0,0,0,
e3,0,0,0,0,0,0,
e4,1,0,0,0,0,0,
e5,0,0,0,0,0,0,
e6,1,0,0,0,0,0,
w1,0,0,0,0,0,0,
w2,0,0,0,0,0,0,
t1,0,0,0,0,0,0,
t2,0,0,0,0,0,0,
t3,,,,,,,
r1,0,0,0,0,0,0,
r2,0,0,0,0,0,0,
r3,1,0,0,0,0,0,
r4,1,0,0,0,0,0,
r5,1,0,0,0,0,0,
r6,0,0,0,0,0,0,
r7,1,0,0,0,0,0,
r8,5,,,,,,
p1,0,0,0,0,0,0,
e,1,1,0,0,0,
w,1,0,0,0,
t,0,1,0,
r,0,0,0,0,0,0,1,1,0,0,
s,0,0,0,0,0,0,0,1,0,1,
jmdue

3
9100
6000
e1,0,0,0,0,1,0,
e2,0,0,0,0,0,0,
e3,1,1,1,1,0,1,
e4,1,1,1,1,1,1,
e5,1,0,0,0,1,0,
e6,1,1,1,1,1,1,
w1,1,1,1,1,1,1,
w2,0,0,0,0,0,0,
t1,0,0,0,0,0,0,
t2,0,0,0,0,0,0,
t3,,,,,,,
r1,1,1,1,1,1,1,
r2,1,1,1,1,0,1,
r3,0,0,0,0,0,0,
r4,1,1,0,1,0,0,
r5,1,1,1,1,1,1,
r6,1,1,1,1,0,1,
r7,1,1,1,1,1,1,
r8,5,5,5,5,0,3,
p1,1,0,0,0,0,0,
e,1,0,0,0,0,
w,1,0,1,0,
t,0,1,1,
r,1,1,1,1,0,1,0,0,0,0,
s,1,1,1,0,0,0,1,0,0,1,
rpokorney

3
10200
5400
e1,1,1,1,1,1,1,
e2,1,1,1,1,1,1,
e3,1,1,1,1,1,1,
e4,1,1,1,1,1,1,
e5,0,1,0,0,1,0,
e6,0,0,0,0,0,0,
w1,1,1,1,1,1,1,
w2,0,0,0,0,0,0,
t1,1,1,1,1,1,1,
t2,0,0,0,0,0,0,
t3,1,1,1,1,1,1,
r1,0,0,0,0,0,0,
r2,1,0,1,0,0,1,
r3,0,0,0,0,0,0,
r4,1,1,1,1,1,1,
r5,1,1,1,1,1,1,
r6,0,0,0,0,0,0,
r7,1,1,1,1,1,1,
r8,4,4,4,4,4,4,
p1,0,0,0,0,0,0,
e,1,0,1,0,0,
w,1,0,1,0,
t,1,1,1,
r,0,1,0,0,0,0,0,0,0,0,
s,1,1,1,1,0,0,1,0,0,0,
dmarchwick

4
9800
6100
e1,1,1,1,1,1,1,
e2,1,1,1,1,1,1,
e3,0,1,1,1,1,1,
e4,0,0,0,0,0,0,
e5,1,1,1,1,1,1,
e6,1,1,1,1,1,1,
w1,1,1,1,1,1,1,
w2,0,0,0,0,0,0,
t1,1,1,1,1,1,1,
t2,1,1,0,0,1,0,
t3,5,5,,,,,
r1,0,0,0,0,0,0,
r2,1,1,1,1,1,1,
r3,0,0,0,0,0,0,
r4,0,0,1,1,1,1,
r5,1,1,1,1,1,1,
r6,0,0,0,1,1,1,
r7,1,1,1,1,1,1,
r8,,,,,,,
p1,0,0,0,0,0,0,
e,1,1,1,0,0,
w,1,1,1,0,
t,0,1,1,
r,0,1,1,1,0,1,0,0,0,0,
s,0,0,0,1,0,0,0,0,0,0,
jrunyon

4
5550
2000
e1,1,0,0,1,0,1,
e2,1,1,1,1,1,1,
e3,1,1,1,1,1,1,
e4,1,1,0,1,1,1,
e5,0,0,0,0,0,0,
e6,0,0,0,0,1,0,
w1,1,1,1,1,1,1,
w2,0,1,0,0,1,0,
t1,0,0,0,0,0,0,
t2,0,0,0,0,0,0,
t3,4,1,,,,1,
r1,0,0,0,0,0,0,
r2,0,0,0,0,0,0,
r3,0,0,0,0,0,0,
r4,0,0,1,0,1,1,
r5,1,1,1,1,1,1,
r6,0,0,0,0,0,0,
r7,0,0,0,0,0,1,
r8,,,,,,,
p1,0,0,0,0,0,0,
e,0,1,0,0,0,
w,0,0,0,0,
t,0,1,0,
r,1,0,1,0,0,0,0,0,0,0,
s,0,1,0,0,0,0,0,0,0,0,
tbcross

4
16150
8600
e1,0,0,0,0,0,0,
e2,1,1,1,1,1,1,
e3,1,1,1,1,1,1,
e4,1,1,1,1,1,1,
e5,0,0,1,1,1,1,
e6,0,1,1,1,1,1,
w1,1,1,1,1,1,1,
w2,1,1,1,1,1,1,
t1,1,1,1,1,1,1,
t2,1,1,1,1,1,1,
t3,3,1,3,1,3,3,
r1,1,1,1,1,1,1,
r2,1,1,1,1,1,1,
r3,0,0,0,0,1,1,
r4,1,1,1,1,1,1,
r5,1,1,1,1,1,1,
r6,1,1,1,1,1,1,
r7,1,1,1,1,1,1,
r8,5,5,5,5,5,5,
p1,1,1,1,1,1,1,
e,1,1,1,1,0,
w,1,0,1,0,
t,0,0,1,
r,0,1,1,1,0,1,1,1,0,0,
s,0,1,1,0,0,0,1,0,1,1,
bstrohmeyer

5
4500
9600
e1,1,1,0,0,0,0,
e2,1,1,0,0,0,0,
e3,1,1,0,0,0,0,
e4,1,1,0,0,0,0,
e5,0,0,0,0,0,0,
e6,0,0,0,0,0,0,
w1,1,1,0,0,0,0,
w2,1,1,0,0,0,0,
t1,0,0,0,0,0,0,
t2,1,1,0,0,0,0,
t3,2,2,,,,,
r1,0,0,0,0,0,0,
r2,1,1,0,0,0,0,
r3,0,0,0,0,0,0,
r4,1,1,0,0,0,0,
r5,1,1,0,0,0,0,
r6,1,1,0,0,0,0,
r7,1,1,0,0,0,0,
r8,4,4,,,,,
p1,1,1,0,0,0,0,
e,1,1,1,0,1,
w,1,1,1,0,
t,0,1,1,
r,0,1,1,1,0,0,1,1,0,0,
s,0,1,1,0,1,0,0,1,1,0,
cdbeardwilson

5
9400
12300
e1,0,0,1,1,1,1,
e2,0,0,0,0,0,0,
e3,1,1,1,1,1,1,
e4,1,1,1,1,1,1,
e5,1,1,1,1,1,1,
e6,1,1,1,1,1,1,
w1,1,1,1,1,1,1,
w2,1,0,1,0,0,1,
t1,1,1,1,1,1,1,
t2,1,1,0,0,0,0,
t3,,,,,,,
r1,0,0,0,0,0,0,
r2,1,1,1,1,1,1,
r3,0,0,0,0,0,0,
r4,1,1,1,1,1,1,
r5,1,0,0,0,0,0,
r6,1,1,1,1,1,1,
r7,1,1,1,1,1,1,
r8,1,,,,,,
p1,1,1,1,1,1,1,
e,1,1,1,1,1,
w,1,1,1,1,
t,0,1,1,
r,1,1,1,1,0,1,1,1,0,1,
s,0,1,1,0,1,0,1,0,0,0,
dannamuise

5
6700
3100
e1,1,1,1,1,1,1,
e2,0,0,0,0,0,0,
e3,0,0,0,0,0,0,
e4,0,1,1,1,1,1,
e5,0,1,1,1,1,1,
e6,0,0,1,1,1,1,
w1,0,0,1,0,1,0,
w2,0,0,0,0,0,0,
t1,1,1,1,1,1,1,
t2,0,0,0,0,0,0,
t3,,,,,,,
r1,0,0,0,0,0,0,
r2,1,1,1,1,1,1,
r3,0,0,0,0,0,0,
r4,1,1,1,1,1,1,
r5,1,1,1,1,1,1,
r6,1,1,1,1,1,0,
r7,1,1,1,1,1,1,
r8,,,,,,,
p1,0,0,0,0,0,0,
e,1,0,0,0,0,
w,0,0,1,0,
t,0,0,1,
r,0,1,1,1,0,0,0,0,0,0,
s,0,0,1,0,0,0,0,0,0,0,
jganey

5
15100
6100
e1,1,1,1,1,1,1,
e2,1,0,1,1,1,1,
e3,1,0,1,1,1,1,
e4,1,1,1,1,1,1,
e5,1,1,1,1,1,1,
e6,0,1,1,0,0,0,
w1,1,1,1,1,1,1,
w2,1,1,1,1,1,1,
t1,1,1,1,1,1,1,
t2,1,1,1,1,1,1,
t3,3,1,1,2,2,2,
r1,1,0,1,1,1,1,
r2,1,1,1,1,1,1,
r3,1,1,1,1,1,1,
r4,1,1,1,1,1,1,
r5,1,1,1,1,1,1,
r6,0,0,0,0,0,0,
r7,0,1,1,1,1,1,
r8,5,1,5,5,5,4,
p1,0,1,1,1,0,0,
e,1,0,1,0,0,
w,1,1,1,0,
t,0,1,1,
r,1,0,1,1,0,1,1,0,0,0,
s,0,0,1,0,0,0,0,0,0,0,
jiniguez

5
2400
0
e1,0,0,0,0,0,0,
e2,1,1,0,0,0,0,
e3,1,1,0,0,0,0,
e4,0,0,0,0,0,0,
e5,0,0,0,0,0,0,
e6,1,1,0,0,0,0,
w1,0,0,0,0,0,0,
w2,0,0,0,0,0,0,
t1,1,1,0,0,0,0,
t2,0,0,0,0,0,0,
t3,1,,,,,,
r1,0,0,0,0,0,0,
r2,1,1,0,0,0,0,
r3,0,0,0,0,0,0,
r4,0,0,0,0,0,0,
r5,1,1,0,0,0,0,
r6,1,1,0,0,0,0,
r7,1,1,0,0,0,0,
r8,1,3,,,,,
p1,0,0,0,0,0,0,
e,0,0,0,0,0,
w,0,0,0,0,
t,0,0,0,
r,0,0,0,0,0,0,0,0,0,0,
s,0,0,0,0,0,0,0,0,0,0,
jleonard

5
7000
3400
e1,0,0,0,0,0,0,
e2,0,0,0,0,0,0,
e3,1,1,1,1,1,1,
e4,0,0,0,0,0,0,
e5,0,0,0,0,0,0,
e6,0,0,0,0,0,0,
w1,1,1,1,0,0,0,
w2,1,1,1,1,1,1,
t1,1,1,1,1,1,1,
t2,0,0,0,0,0,0,
t3,,,,,,,
r1,0,0,0,0,0,0,
r2,1,1,0,0,1,0,
r3,0,0,0,0,0,0,
r4,0,0,0,0,0,0,
r5,1,1,1,1,1,1,
r6,0,0,1,0,0,0,
r7,1,1,1,1,1,1,
r8,5,5,5,5,5,5,
p1,0,0,0,0,0,0,
e,1,0,1,0,0,
w,0,0,0,0,
t,0,1,0,
r,0,0,0,0,0,0,1,1,0,0,
s,0,0,0,1,0,0,0,0,0,0,
jlsanderlin

5
11400
4300
e1,0,0,0,0,0,0,
e2,0,0,0,0,1,1,
e3,1,1,1,1,1,1,
e4,1,1,1,1,1,1,
e5,0,1,1,1,1,1,
e6,0,0,0,0,0,0,
w1,1,1,1,1,1,1,
w2,1,1,1,1,1,1,
t1,0,0,0,1,1,0,
t2,0,0,0,1,0,0,
t3,2,3,5,5,,3,
r1,0,0,0,0,0,0,
r2,1,1,1,1,1,1,
r3,1,0,0,1,1,0,
r4,1,1,1,1,1,1,
r5,1,1,1,1,1,1,
r6,0,0,0,0,0,0,
r7,1,1,1,1,1,1,
r8,4,3,4,5,5,2,
p1,1,0,0,0,0,0,
e,1,0,0,0,0,
w,1,0,1,0,
t,0,1,1,
r,1,0,1,1,0,0,0,0,0,0,
s,0,0,1,0,0,0,1,0,0,0,
kcobb

5
11750
11700
e1,1,1,1,1,1,1,
e2,1,1,1,1,1,1,
e3,0,0,0,0,0,0,
e4,1,1,0,1,0,0,
e5,0,0,0,0,0,0,
e6,1,1,1,1,1,1,
w1,1,1,1,1,1,1,
w2,0,1,1,0,1,1,
t1,1,1,1,1,1,1,
t2,0,0,0,0,0,0,
t3,0,0,0,0,0,1,
r1,1,1,1,1,1,1,
r2,1,1,1,1,1,1,
r3,0,0,0,0,0,0,
r4,1,1,1,1,1,1,
r5,1,1,1,1,1,1,
r6,1,1,1,1,1,1,
r7,1,1,1,1,1,1,
r8,4,4,5,5,4,5,
p1,1,1,1,1,1,1,
e,0,1,0,1,0,
w,1,1,1,0,
t,1,1,1,
r,1,1,1,1,1,1,1,1,1,0,
s,1,1,1,1,0,0,1,0,1,1,
rglopez

5
9350
5700
e1,1,1,0,0,1,1,
e2,1,1,1,1,1,1,
e3,1,1,1,0,0,0,
e4,0,0,0,0,0,0,
e5,0,0,0,0,0,0,
e6,0,0,0,0,0,0,
w1,1,1,1,1,1,1,
w2,1,1,1,1,0,0,
t1,1,1,1,1,1,1,
t2,1,1,1,1,1,1,
t3,1,5,3,,5,4,
r1,0,0,0,0,0,0,
r2,1,1,1,1,0,0,
r3,0,0,0,1,0,0,
r4,1,1,1,0,1,1,
r5,0,0,0,1,0,0,
r6,1,1,1,1,0,0,
r7,1,1,1,1,1,1,
r8,2,2,,,,,
p1,0,0,0,0,0,0,
e,1,1,0,0,0,
w,1,0,1,0,
t,0,1,1,
r,0,0,0,1,0,0,1,1,0,0,
s,0,1,0,1,0,0,0,0,0,0,
sauza

5
11200
5800
e1,1,1,1,1,1,1,
e2,1,1,1,1,1,1,
e3,1,1,1,1,1,1,
e4,1,1,1,1,0,0,
e5,0,0,0,0,0,0,
e6,0,0,0,0,0,0,
w1,1,1,1,1,1,1,
w2,0,0,0,0,0,0,
t1,1,1,1,1,1,1,
t2,0,0,0,0,0,0,
t3,3,4,4,3,4,3,
r1,0,0,0,0,0,0,
r2,1,1,1,1,1,1,
r3,0,0,0,0,0,0,
r4,1,1,1,1,1,1,
r5,1,1,1,1,1,1,
r6,1,1,1,1,1,1,
r7,1,1,1,1,1,1,
r8,5,5,,,,,
p1,1,1,1,1,1,1,
e,1,0,0,0,0,
w,1,1,1,0,
t,0,1,1,
r,0,1,1,1,0,0,0,0,0,0,
s,0,0,1,1,0,0,1,1,0,0,
smowen

5
9800
5400
e1,1,1,1,1,1,1,
e2,0,0,0,0,0,0,
e3,1,1,1,1,0,1,
e4,1,1,1,0,1,1,
e5,0,0,0,0,0,0,
e6,0,0,0,0,0,0,
w1,1,1,0,0,1,1,
w2,1,1,0,1,1,1,
t1,0,0,0,0,0,0,
t2,1,1,1,1,0,0,
t3,1,1,,,,,
r1,1,1,1,0,0,1,
r2,1,0,1,1,0,1,
r3,0,0,0,0,0,0,
r4,1,1,1,1,0,0,
r5,1,1,1,1,1,1,
r6,1,1,0,0,1,1,
r7,1,1,1,1,1,1,
r8,5,5,5,5,,5,
p1,0,0,0,0,0,0,
e,1,1,0,0,0,
w,0,0,1,0,
t,0,1,1,
r,0,0,1,1,0,0,1,1,0,0,
s,0,0,1,0,0,0,0,0,0,0,
sslyker

5
11100
8800
e1,0,0,1,1,1,1,
e2,1,1,1,1,1,1,
e3,0,0,0,0,0,0,
e4,1,1,1,1,1,1,
e5,0,0,1,1,1,1,
e6,0,0,1,1,1,1,
w1,1,1,1,1,1,1,
w2,1,1,1,1,1,1,
t1,0,0,0,0,0,0,
t2,0,0,0,0,0,0,
t3,,,,,,,
r1,1,1,1,1,1,1,
r2,1,1,1,1,1,1,
r3,0,0,0,0,0,0,
r4,1,1,1,1,1,1,
r5,1,1,1,1,1,1,
r6,0,0,1,1,1,1,
r7,1,1,1,1,1,1,
r8,2,1,5,5,5,5,
p1,1,1,1,1,1,1,
e,1,1,1,1,0,
w,1,1,1,0,
t,0,0,1,
r,0,1,1,1,1,1,1,1,0,0,
s,0,1,1,0,0,0,1,0,0,0,
aharris

6
4600
5100
e1,1,1,1,1,1,1,
e2,1,1,1,1,1,1,
e3,0,0,0,0,0,0,
e4,0,0,0,0,0,0,
e5,0,0,0,0,0,0,
e6,0,0,0,0,0,0,
w1,1,1,1,1,1,1,
w2,0,0,0,0,0,0,
t1,0,0,0,0,0,0,
t2,0,0,0,0,0,0,
t3,0,0,1,1,,,
r1,0,0,0,0,0,0,
r2,1,1,1,1,1,1,
r3,0,0,0,0,0,0,
r4,0,0,0,0,0,0,
r5,1,1,1,1,1,1,
r6,0,0,0,0,0,0,
r7,1,1,1,1,1,1,
r8,0,0,1,1,,,
p1,0,0,0,0,0,0,
e,1,1,1,0,0,
w,1,0,1,0,
t,0,1,1,
r,0,0,1,1,0,0,0,0,0,0,
s,1,1,0,0,0,0,1,0,0,0,
ameliaclavelle

6
8800
8700
e1,1,1,1,1,1,1,
e2,1,1,1,1,1,1,
e3,1,1,1,1,1,0,
e4,0,1,1,1,1,1,
e5,0,0,0,0,0,0,
e6,0,0,0,0,0,0,
w1,1,1,1,1,1,1,
w2,1,1,1,1,1,1,
t1,1,1,1,1,1,1,
t2,0,0,0,0,0,0,
t3,,,,,,,
r1,1,1,0,0,0,0,
r2,1,1,1,1,1,1,
r3,0,0,0,0,0,0,
r4,1,1,1,1,1,1,
r5,1,1,1,1,1,1,
r6,0,0,0,0,0,0,
r7,1,1,1,1,1,1,
r8,3,3,2,,,,
p1,0,1,1,0,1,0,
e,1,1,1,0,1,
w,1,1,1,0,
t,0,1,1,
r,1,0,1,1,0,1,0,0,0,0,
s,0,1,1,1,0,1,1,0,0,0,
cclay

6
11100
5500
e1,1,1,1,1,1,1,
e2,0,0,0,0,0,0,
e3,1,1,1,1,1,0,
e4,1,1,1,1,1,1,
e5,1,1,1,1,1,0,
e6,0,0,0,0,0,0,
w1,1,1,1,1,1,1,
w2,1,1,1,1,1,1,
t1,1,1,1,1,1,1,
t2,0,0,0,0,0,0,
t3,,,,,,,
r1,1,1,1,1,1,1,
r2,1,1,1,1,1,1,
r3,0,0,0,0,0,0,
r4,1,1,1,1,1,1,
r5,1,1,1,1,1,1,
r6,1,1,0,1,1,0,
r7,1,1,1,1,1,1,
r8,5,4,4,5,4,4,
p1,0,0,0,0,0,0,
e,1,0,0,0,0,
w,1,0,1,0,
t,0,1,1,
r,0,0,1,1,0,1,1,0,0,0,
s,0,1,1,0,0,0,1,0,0,0,
cfarley

6
8000
4300
e1,1,1,1,1,0,0,
e2,1,1,1,1,0,0,
e3,1,1,1,1,0,0,
e4,1,1,1,1,0,0,
e5,0,0,0,0,0,0,
e6,1,1,1,1,0,0,
w1,0,0,0,0,0,0,
w2,0,0,0,0,0,0,
t1,1,1,1,1,0,0,
t2,1,1,1,1,0,0,
t3,1,1,3,2,,,
r1,0,1,1,1,0,0,
r2,0,1,1,1,0,0,
r3,1,1,1,1,0,0,
r4,1,1,1,1,0,0,
r5,1,1,1,1,0,0,
r6,0,0,1,0,0,0,
r7,1,1,1,1,0,0,
r8,0,1,0,1,,,
p1,1,1,1,1,0,0,
e,1,1,1,0,0,
w,1,1,0,0,
t,0,1,0,
r,0,1,0,0,0,0,1,0,0,0,
s,0,1,0,0,0,0,1,0,0,0,
diannegibson

6
14500
4800
e1,1,1,1,1,1,1,
e2,1,1,1,1,1,1,
e3,1,1,1,1,1,1,
e4,1,1,1,1,1,1,
e5,1,1,1,1,1,1,
e6,1,1,1,1,1,1,
w1,1,1,1,1,1,1,
w2,1,1,0,0,0,0,
t1,1,1,1,1,1,1,
t2,0,0,0,0,0,0,
t3,5,3,5,4,5,4,
r1,1,1,1,1,1,1,
r2,1,1,1,1,1,0,
r3,0,0,1,0,0,0,
r4,1,1,1,1,1,1,
r5,1,1,1,1,1,1,
r6,1,0,0,0,0,0,
r7,1,1,1,1,1,0,
r8,3,2,3,2,3,2,
p1,1,1,1,1,1,1,
e,1,0,1,1,0,
w,1,1,0,0,
t,0,1,1,
r,0,0,1,0,0,1,0,0,0,0,
s,0,0,1,0,0,0,0,0,0,0,
ewescott

6
4000
2400
e1,1,1,0,0,0,0,
e2,1,1,0,0,0,0,
e3,0,0,0,0,0,0,
e4,1,1,0,0,0,0,
e5,0,0,0,0,0,0,
e6,0,0,0,0,0,0,
w1,1,1,0,0,0,0,
w2,1,1,0,0,0,0,
t1,0,0,0,0,0,0,
t2,0,0,0,0,0,0,
t3,1,1,,,,,
r1,1,1,0,0,0,0,
r2,1,1,0,0,0,0,
r3,1,1,0,0,0,0,
r4,1,1,0,0,0,0,
r5,1,1,0,0,0,0,
r6,0,1,0,0,0,0,
r7,1,1,0,0,0,0,
r8,5,5,,,,,
p1,1,1,0,0,0,0,
e,0,0,1,0,0,
w,0,1,0,0,
t,0,1,0,
r,0,0,0,0,0,0,1,0,0,0,
s,0,0,0,0,0,0,1,0,0,0,
jechase

6
10750
9400
e1,1,1,1,1,1,1,
e2,1,1,1,1,1,1,
e3,0,0,0,0,1,0,
e4,1,0,0,0,0,1,
e5,1,1,1,1,1,1,
e6,1,1,1,1,1,1,
w1,1,1,1,1,1,1,
w2,1,1,1,1,1,1,
t1,0,0,1,0,0,1,
t2,0,0,0,0,0,0,
t3,,,,,,,
r1,1,1,1,1,1,1,
r2,1,1,1,1,1,1,
r3,0,0,0,0,1,1,
r4,1,1,1,1,1,1,
r5,1,1,1,1,1,1,
r6,1,1,1,1,1,1,
r7,1,1,1,1,1,1,
r8,1,2,2,1,2,1,
p1,1,1,1,1,1,1,
e,1,1,1,0,1,
w,1,1,1,0,
t,0,1,1,
r,1,1,1,1,0,0,1,1,0,0,
s,1,1,1,0,0,0,1,0,1,0,
jenniferhayes

6
12450
3200
e1,1,1,1,1,1,0,
e2,1,1,1,1,1,0,
e3,1,1,1,1,1,0,
e4,0,1,1,1,1,0,
e5,1,0,1,0,0,0,
e6,1,1,1,1,1,0,
w1,1,1,1,1,1,0,
w2,1,1,1,1,1,0,
t1,1,1,1,1,1,0,
t2,1,1,1,1,1,0,
t3,1,1,1,1,1,,
r1,0,1,0,1,0,0,
r2,1,1,1,1,1,0,
r3,1,0,0,0,0,0,
r4,1,1,1,1,1,0,
r5,1,1,1,1,1,0,
r6,1,1,1,1,1,0,
r7,1,1,1,1,1,0,
r8,4,4,4,4,4,,
p1,1,1,1,1,1,0,
e,1,0,0,1,0,
w,0,0,0,0,
t,0,1,0,
r,0,1,0,0,0,0,1,1,0,0,
s,0,0,0,0,0,0,0,0,0,0,
jphipps

6
1650
500
e1,0,0,0,0,0,0,
e2,1,1,1,0,0,0,
e3,1,1,1,0,0,0,
e4,1,1,1,0,0,0,
e5,0,0,0,0,0,0,
e6,0,0,0,0,0,0,
w1,0,0,0,0,0,0,
w2,0,0,0,0,0,0,
t1,0,0,0,0,0,0,
t2,0,0,0,0,0,0,
t3,,,,,,,
r1,0,0,0,0,0,0,
r2,0,0,0,0,0,0,
r3,0,0,0,0,0,0,
r4,0,0,0,0,0,0,
r5,0,0,0,0,0,0,
r6,0,0,0,0,0,0,
r7,1,1,1,0,0,0,
r8,0,0,0,,,,
p1,0,0,0,0,0,0,
e,0,0,0,0,0,
w,0,0,0,0,
t,0,1,0,
r,0,0,0,0,0,0,0,0,0,0,
s,0,0,0,0,0,0,0,0,0,0,
jseli

6
11000
8100
e1,1,1,1,1,1,1,
e2,1,1,1,1,1,1,
e3,1,1,1,1,1,1,
e4,1,1,1,1,1,1,
e5,0,0,0,0,0,0,
e6,1,1,1,1,1,1,
w1,1,1,1,1,1,1,
w2,1,0,1,0,1,0,
t1,1,1,1,1,1,1,
t2,0,0,0,0,0,0,
t3,0,0,1,3,0,0,
r1,0,0,0,0,0,0,
r2,1,1,1,1,1,1,
r3,1,0,1,0,1,0,
r4,1,1,1,1,1,1,
r5,1,1,1,1,1,1,
r6,1,0,1,1,0,1,
r7,1,1,1,1,1,1,
r8,2,2,2,2,2,2,
p1,1,1,1,0,0,0,
e,1,0,1,0,0,
w,1,0,1,0,
t,1,1,1,
r,1,1,1,1,1,1,0,1,0,0,
s,1,1,1,0,0,0,1,0,0,0,
kbwalker

6
8150
2000
e1,1,1,0,1,1,1,
e2,1,1,1,1,1,1,
e3,0,0,0,0,0,0,
e4,1,1,1,1,1,1,
e5,0,0,0,0,0,0,
e6,1,1,1,1,1,1,
w1,1,1,1,1,1,1,
w2,0,0,0,0,0,0,
t1,0,0,0,0,0,0,
t2,0,0,0,0,0,0,
t3,3,1,1,1,,1,
r1,0,0,0,0,0,0,
r2,1,1,0,1,1,1,
r3,0,0,0,0,0,0,
r4,1,1,1,1,1,1,
r5,1,1,1,1,1,1,
r6,0,0,0,0,0,0,
r7,1,1,1,1,1,1,
r8,2,3,1,2,,3,
p1,0,0,0,0,0,0,
e,0,0,0,0,0,
w,0,0,0,0,
t,0,1,1,
r,0,0,1,0,0,0,0,0,0,0,
s,0,0,1,0,0,0,0,0,0,0,
kendraterrell

6
12800
10000
e1,1,1,1,1,1,1,
e2,1,1,1,1,1,1,
e3,0,0,0,0,1,1,
e4,1,1,1,1,1,1,
e5,0,0,0,0,1,1,
e6,0,1,1,0,1,1,
w1,1,1,1,1,1,1,
w2,1,1,1,1,1,1,
t1,1,1,1,1,1,1,
t2,0,0,0,0,0,0,
t3,2,1,1,1,1,1,
r1,1,1,1,1,1,1,
r2,1,1,1,1,1,1,
r3,1,1,1,1,1,1,
r4,1,1,1,1,1,1,
r5,1,1,1,1,1,1,
r6,1,1,1,1,1,1,
r7,1,1,1,1,1,1,
r8,4,4,3,2,1,2,
p1,1,1,1,1,1,1,
e,1,1,1,1,0,
w,1,1,1,0,
t,0,1,1,
r,1,1,1,1,0,1,1,1,0,0,
s,1,1,1,0,0,0,1,0,1,1,
lbojanowski

6
10650
5400
e1,1,1,1,1,1,1,
e2,1,0,1,1,1,0,
e3,0,0,0,0,0,0,
e4,1,1,1,1,1,1,
e5,0,0,0,0,0,0,
e6,1,1,1,1,1,1,
w1,1,1,1,1,1,1,
w2,1,0,1,0,1,0,
t1,0,1,1,0,1,0,
t2,1,1,1,1,1,0,
t3,2,2,3,3,3,1,
r1,1,1,1,1,1,1,
r2,1,0,0,0,1,0,
r3,0,0,0,0,0,0,
r4,1,1,1,0,1,1,
r5,1,1,1,1,1,1,
r6,0,0,0,0,0,0,
r7,1,1,1,0,1,0,
r8,2,2,2,2,2,2,
p1,0,0,0,0,0,0,
e,1,0,0,0,0,
w,1,0,1,0,
t,0,1,1,
r,1,0,1,1,0,0,0,0,0,0,
s,0,1,1,0,0,0,1,1,0,1,
lporth

6
5500
3600
e1,1,1,1,1,1,1,
e2,0,0,0,0,0,0,
e3,0,0,0,0,0,0,
e4,1,1,1,1,1,1,
e5,0,0,0,0,0,0,
e6,1,1,1,1,1,1,
w1,0,0,0,0,0,0,
w2,0,0,0,0,0,0,
t1,0,0,0,0,0,0,
t2,0,0,0,0,0,0,
t3,2,2,1,1,,,
r1,0,0,0,0,0,0,
r2,1,1,0,1,0,1,
r3,0,0,0,0,0,0,
r4,0,0,0,0,0,0,
r5,1,1,1,1,0,1,
r6,0,0,0,0,0,0,
r7,1,1,1,1,0,1,
r8,1,2,1,1,,2,
p1,0,0,0,0,0,1,
e,0,0,0,0,0,
w,1,0,1,0,
t,0,1,1,
r,0,0,1,1,0,0,0,0,0,0,
s,0,1,0,0,0,0,1,0,0,0,
ncclark

6
12900
8000
e1,1,1,1,1,1,1,
e2,1,1,1,1,1,1,
e3,0,0,0,0,0,0,
e4,0,0,0,0,0,0,
e5,1,1,1,1,1,1,
e6,1,1,1,1,1,1,
w1,1,1,1,1,0,0,
w2,1,1,1,1,1,0,
t1,0,0,0,0,0,0,
t2,0,0,0,0,0,0,
t3,1,1,1,1,1,1,
r1,1,1,1,1,1,1,
r2,1,1,1,1,1,1,
r3,1,1,1,1,1,1,
r4,1,1,1,1,1,1,
r5,1,1,1,1,1,1,
r6,1,1,1,1,1,1,
r7,1,1,1,1,1,1,
r8,5,5,5,5,5,5,
p1,1,1,1,1,1,1,
e,1,1,1,0,1,
w,1,1,1,0,
t,1,1,1,
r,0,1,1,0,0,1,1,1,0,0,
s,0,0,0,0,0,0,0,0,0,0,
nclark

6
4300
4200
e1,1,1,1,0,0,0,
e2,1,1,1,0,0,0,
e3,0,0,0,0,0,0,
e4,0,0,0,0,0,0,
e5,0,0,1,0,0,0,
e6,1,1,1,0,0,0,
w1,0,0,0,0,0,0,
w2,0,0,0,0,0,0,
t1,0,0,0,0,0,0,
t2,0,0,0,0,0,0,
t3,1,1,1,,,,
r1,1,1,1,0,0,0,
r2,1,1,1,0,0,0,
r3,1,0,0,0,0,0,
r4,0,0,0,0,0,0,
r5,1,1,1,0,0,0,
r6,0,0,0,0,0,0,
r7,1,1,1,0,0,0,
r8,4,4,4,,,,
p1,0,0,0,0,0,0,
e,0,0,1,0,1,
w,0,1,1,0,
t,0,1,1,
r,0,1,0,0,0,0,1,0,0,0,
s,0,0,0,0,0,0,0,0,0,0,
pcohn

6
12150
3300
e1,1,1,1,1,1,1,
e2,0,1,1,1,1,1,
e3,1,0,0,1,1,1,
e4,1,1,1,0,1,1,
e5,0,0,1,0,0,0,
e6,0,1,1,1,0,1,
w1,0,1,1,1,1,1,
w2,1,1,1,1,1,0,
t1,1,1,1,1,1,1,
t2,0,0,0,0,0,0,
t3,1,2,1,1,,1,
r1,0,0,0,0,0,0,
r2,0,0,0,1,1,1,
r3,0,0,0,0,0,0,
r4,1,1,1,1,1,1,
r5,1,1,1,1,1,1,
r6,0,1,1,1,1,1,
r7,1,1,1,1,1,1,
r8,5,5,5,5,5,5,
p1,1,1,1,1,1,1,
e,0,0,0,0,0,
w,1,0,1,0,
t,0,0,1,
r,0,0,1,1,0,0,0,0,0,0,
s,0,0,1,0,0,0,1,0,0,0,
sbear

6
1300
300
e1,0,0,0,0,0,0,
e2,1,1,0,0,0,0,
e3,0,0,0,0,0,0,
e4,1,1,0,0,0,0,
e5,0,0,0,0,0,0,
e6,1,1,0,0,0,0,
w1,0,0,0,0,0,0,
w2,0,0,0,0,0,0,
t1,0,0,0,0,0,0,
t2,0,0,0,0,0,0,
t3,,,,,,,
r1,0,0,0,0,0,0,
r2,0,0,0,0,0,0,
r3,0,0,0,0,0,0,
r4,0,0,0,0,0,0,
r5,1,1,0,0,0,0,
r6,0,0,0,0,0,0,
r7,1,1,0,0,0,0,
r8,0,0,,,,,
p1,0,0,0,0,0,0,
e,1,0,0,0,0,
w,0,0,0,0,
t,0,0,0,
r,0,0,0,0,0,0,0,0,0,0,
s,0,0,0,0,0,0,0,0,0,0,
wpowell

6
4800
2800
e1,1,1,1,1,1,1,
e2,0,0,1,1,1,1,
e3,0,0,1,1,0,0,
e4,1,1,1,1,1,1,
e5,0,0,0,0,0,0,
e6,1,1,1,1,1,1,
w1,1,1,1,1,1,1,
w2,0,0,0,0,0,0,
t1,0,0,0,0,0,0,
t2,0,0,0,0,0,0,
t3,,,,,,,
r1,0,0,0,0,0,0,
r2,0,0,0,0,0,0,
r3,0,0,0,0,0,0,
r4,0,0,0,0,0,0,
r5,0,0,0,0,0,0,
r6,0,0,0,0,0,0,
r7,1,1,1,1,1,1,
r8,,,,,,,
p1,0,0,0,0,0,0,
e,1,1,0,0,0,
w,1,0,0,0,
t,0,0,0,
r,0,0,1,1,0,0,0,0,0,0,
s,1,1,0,0,0,0,0,0,0,0,
ykullberg

6
6950
2800
e1,1,1,1,1,1,0,
e2,1,1,1,0,0,0,
e3,0,0,0,0,0,0,
e4,0,0,0,0,0,0,
e5,0,0,0,0,0,0,
e6,1,1,1,1,1,0,
w1,0,0,0,0,0,0,
w2,0,0,0,0,0,0,
t1,0,0,0,0,1,0,
t2,0,0,0,0,0,0,
t3,,,,,,,
r1,1,1,1,1,1,0,
r2,1,1,1,1,1,0,
r3,1,1,0,0,0,0,
r4,1,1,1,1,1,0,
r5,1,1,1,1,1,0,
r6,0,0,0,0,0,0,
r7,1,1,1,1,1,0,
r8,4,4,3,4,4,3,
p1,0,0,0,0,0,0,
e,1,0,1,1,0,
w,0,1,0,0,
t,0,0,0,
r,1,1,0,0,0,1,0,0,0,0,
s,0,0,0,0,0,0,0,0,0,0,
bhdavis

8
11100
5600
e1,1,1,1,1,1,1,
e2,1,1,1,1,1,0,
e3,1,1,1,1,1,1,
e4,0,0,0,0,0,0,
e5,1,1,1,1,1,1,
e6,1,1,1,1,1,0,
w1,1,1,1,1,1,1,
w2,0,0,0,0,0,0,
t1,1,1,1,1,1,1,
t2,0,0,0,0,0,0,
t3,1,2,1,1,,,
r1,0,0,0,0,0,0,
r2,1,1,1,1,1,1,
r3,0,0,0,0,0,0,
r4,1,1,1,1,1,1,
r5,1,1,1,1,1,1,
r6,0,0,0,0,0,0,
r7,1,1,1,1,1,1,
r8,5,5,4,5,3,5,
p1,0,1,0,0,0,0,
e,0,0,1,0,0,
w,1,0,1,0,
t,0,1,1,
r,1,1,1,1,0,1,0,0,0,0,
s,0,1,1,0,0,0,1,0,0,0,
cbphillips

8
12300
3300
e1,1,1,1,1,1,1,
e2,1,1,1,1,1,1,
e3,0,0,0,0,0,0,
e4,0,0,0,0,0,0,
e5,0,0,0,0,0,0,
e6,1,1,1,1,1,1,
w1,0,0,0,0,0,0,
w2,0,1,1,1,1,1,
t1,1,1,1,1,1,1,
t2,0,0,0,0,0,0,
t3,5,5,5,5,5,1,
r1,1,0,0,0,0,0,
r2,0,0,0,1,1,0,
r3,0,0,0,0,0,0,
r4,1,1,1,1,1,1,
r5,1,1,1,1,1,1,
r6,1,0,0,1,1,1,
r7,1,1,1,1,1,1,
r8,5,5,5,5,4,4,
p1,1,1,1,1,1,1,
e,1,0,0,0,0,
w,1,1,1,0,
t,0,0,0,
r,0,0,1,1,0,0,0,0,0,0,
s,0,0,1,0,0,0,0,0,0,0,
ccansler

8
10400
3700
e1,1,1,1,1,0,1,
e2,1,1,1,1,1,1,
e3,0,1,0,1,0,1,
e4,1,1,1,1,1,1,
e5,0,0,0,0,0,1,
e6,0,0,0,0,0,0,
w1,0,0,0,0,0,0,
w2,1,1,1,1,1,1,
t1,1,1,1,1,1,1,
t2,0,0,0,0,1,0,
t3,,,,,5,,
r1,0,0,0,0,0,0,
r2,1,1,1,1,1,1,
r3,0,0,0,0,0,0,
r4,0,0,0,0,0,0,
r5,1,1,1,1,1,1,
r6,0,0,0,0,0,0,
r7,1,1,1,1,1,1,
r8,5,5,5,5,4,5,
p1,1,1,1,1,1,1,
e,1,0,0,0,0,
w,1,0,1,0,
t,0,0,0,
r,0,1,0,0,0,1,1,1,0,0,
s,0,0,0,0,0,0,0,0,0,0,
cstalling

8
10800
8100
e1,1,1,1,1,1,1,
e2,1,1,1,1,1,1,
e3,0,0,0,0,0,0,
e4,1,1,1,1,1,1,
e5,1,1,1,1,1,1,
e6,0,0,0,0,0,0,
w1,1,1,1,1,1,1,
w2,0,0,0,0,0,0,
t1,1,1,1,1,1,1,
t2,0,0,0,0,0,0,
t3,,,,,,,
r1,0,0,0,0,0,0,
r2,1,1,1,1,1,1,
r3,0,0,0,0,0,0,
r4,1,1,1,1,1,1,
r5,1,1,1,1,1,1,
r6,1,1,1,1,1,1,
r7,1,1,1,1,1,1,
r8,5,5,5,5,5,5,
p1,0,0,0,0,0,0,
e,1,1,1,0,1,
w,1,1,1,0,
t,0,1,1,
r,1,0,1,1,0,0,0,1,0,0,
s,1,1,1,0,0,0,1,0,0,0,
dlutes

8
3000
3800
e1,0,0,0,0,0,0,
e2,1,1,0,0,0,0,
e3,1,1,0,0,0,0,
e4,1,1,0,0,0,0,
e5,0,0,0,0,0,0,
e6,1,1,0,0,0,0,
w1,1,1,0,0,0,0,
w2,0,0,0,0,0,0,
t1,1,1,0,0,0,0,
t2,0,0,0,0,0,0,
t3,,,,,,,
r1,0,0,0,0,0,0,
r2,0,0,0,0,0,0,
r3,0,0,0,0,0,0,
r4,1,1,0,0,0,0,
r5,0,0,0,0,0,0,
r6,0,1,0,0,0,0,
r7,1,1,0,0,0,0,
r8,4,4,,,,,
p1,0,1,0,0,0,0,
e,0,0,1,0,0,
w,1,1,1,0,
t,0,1,0,
r,0,1,1,0,0,1,0,0,0,0,
s,0,0,0,0,0,0,0,0,0,0,
dtrethewey

8
300
0
e1,0,0,0,0,0,0,
e2,0,0,0,0,0,0,
e3,0,0,0,0,0,0,
e4,1,0,0,0,0,0,
e5,1,0,0,0,0,0,
e6,0,0,0,0,0,0,
w1,0,0,0,0,0,0,
w2,0,0,0,0,0,0,
t1,0,0,0,0,0,0,
t2,0,0,0,0,0,0,
t3,,,,,,,
r1,0,0,0,0,0,0,
r2,0,0,0,0,0,0,
r3,0,0,0,0,0,0,
r4,0,0,0,0,0,0,
r5,0,0,0,0,0,0,
r6,0,0,0,0,0,0,
r7,0,0,0,0,0,0,
r8,,,,,,,
p1,0,0,0,0,0,0,
e,0,0,0,0,0,
w,0,0,0,0,
t,0,0,0,
r,0,0,0,0,0,0,0,0,0,0,
s,0,0,0,0,0,0,0,0,0,0,
eheyerdahl

8
11250
5900
e1,1,1,1,0,0,1,
e2,1,1,1,1,1,1,
e3,0,0,0,0,0,0,
e4,0,1,1,1,1,1,
e5,1,1,1,1,1,1,
e6,1,1,1,1,1,1,
w1,1,1,1,1,1,1,
w2,1,1,1,1,1,1,
t1,1,1,1,0,0,1,
t2,0,0,0,0,0,0,
t3,0,,,,,,
r1,1,1,1,1,1,1,
r2,1,1,1,0,0,1,
r3,1,1,1,0,0,1,
r4,1,1,1,1,1,1,
r5,1,1,1,1,1,1,
r6,0,0,0,0,0,0,
r7,1,1,1,1,1,1,
r8,5,5,5,,,5,
p1,1,1,1,0,0,1,
e,1,0,0,0,0,
w,1,0,1,0,
t,0,1,1,
r,0,0,1,1,0,1,1,0,0,0,
s,0,1,1,0,0,0,1,1,0,0,
ekarau

8
11600
2000
e1,1,1,1,1,1,1,
e2,1,1,1,1,1,1,
e3,0,0,0,0,0,0,
e4,1,1,1,1,1,1,
e5,0,0,0,0,0,0,
e6,1,1,1,1,1,1,
w1,1,1,1,1,1,1,
w2,1,1,1,1,1,1,
t1,1,1,1,1,1,1,
t2,0,0,0,0,0,0,
t3,,,,4,,,
r1,1,1,1,1,1,1,
r2,1,1,1,1,1,1,
r3,0,0,0,0,0,0,
r4,1,1,1,1,1,1,
r5,1,1,1,1,1,1,
r6,0,0,0,0,0,0,
r7,0,1,0,0,0,0,
r8,5,5,5,5,2,5,
p1,1,1,1,1,1,1,
e,0,0,0,0,0,
w,0,0,0,0,
t,0,1,0,
r,1,0,0,0,0,0,1,0,0,0,
s,0,0,0,0,0,0,1,1,0,0,
enlincoln

8
10000
8700
e1,1,1,1,0,0,0,
e2,1,1,1,1,1,1,
e3,1,1,1,1,1,1,
e4,1,1,1,1,1,1,
e5,0,0,0,0,1,1,
e6,0,0,0,0,0,1,
w1,1,1,1,1,1,1,
w2,1,1,1,1,1,1,
t1,1,1,1,0,0,0,
t2,0,1,1,0,0,0,
t3,,,,,,,
r1,1,1,1,1,1,1,
r2,1,1,1,1,0,1,
r3,0,0,0,0,0,0,
r4,1,1,1,1,0,1,
r5,1,1,1,1,1,1,
r6,1,1,1,1,0,0,
r7,1,1,1,1,1,1,
r8,,,,,3,3,
p1,1,1,1,1,1,1,
e,1,1,0,0,1,
w,1,1,1,0,
t,0,0,1,
r,0,0,1,1,0,1,1,1,0,0,
s,0,1,1,0,1,0,1,1,0,0,
gdillon

8
13200
2300
e1,1,1,1,1,1,1,
e2,1,1,1,1,1,1,
e3,1,1,1,1,1,1,
e4,1,1,1,1,1,1,
e5,1,0,1,1,0,1,
e6,0,0,0,0,0,0,
w1,1,1,1,1,1,1,
w2,0,0,0,0,0,0,
t1,1,1,1,1,1,1,
t2,0,0,0,0,0,0,
t3,5,5,5,5,5,5,
r1,0,0,0,0,0,0,
r2,1,0,1,1,1,1,
r3,0,0,0,0,0,0,
r4,1,1,1,1,1,1,
r5,1,1,1,1,1,1,
r6,0,0,0,0,0,0,
r7,1,1,1,1,1,1,
r8,5,5,5,5,5,,
p1,0,0,0,0,0,0,
e,1,1,1,0,0,
w,0,1,0,0,
t,0,1,0,
r,0,0,0,0,0,0,0,0,0,0,
s,0,0,0,0,0,0,0,0,0,0,
ilanalabrahamson

8
3400
1600
e1,1,1,0,0,0,0,
e2,1,1,0,0,0,0,
e3,1,1,0,0,0,0,
e4,0,0,0,0,0,0,
e5,0,0,0,0,0,0,
e6,0,0,0,0,0,0,
w1,1,1,0,0,0,0,
w2,1,1,0,0,0,0,
t1,1,1,0,0,0,0,
t2,1,1,0,0,0,0,
t3,0,0,,,,,
r1,1,1,0,0,0,0,
r2,1,1,0,0,0,0,
r3,1,1,0,0,0,0,
r4,1,1,0,0,0,0,
r5,1,1,0,0,0,0,
r6,0,0,0,0,0,0,
r7,1,1,0,0,0,0,
r8,0,0,,,,,
p1,1,1,0,0,0,0,
e,0,0,0,0,0,
w,0,0,0,0,
t,0,1,0,
r,1,1,0,0,0,0,1,0,0,0,
s,0,0,0,0,0,0,0,0,0,0,
jmcrawford

8
850
2300
e1,0,0,0,0,0,0,
e2,1,0,0,0,0,0,
e3,0,0,0,0,0,0,
e4,1,0,0,0,0,0,
e5,0,0,0,0,0,0,
e6,1,0,0,0,0,0,
w1,1,0,0,0,0,0,
w2,0,0,0,0,0,0,
t1,0,0,0,0,0,0,
t2,0,0,0,0,0,0,
t3,,,,,,,
r1,0,0,0,0,0,0,
r2,1,0,0,0,0,0,
r3,0,0,0,0,0,0,
r4,0,0,0,0,0,0,
r5,1,0,0,0,0,0,
r6,0,0,0,0,0,0,
r7,1,0,0,0,0,0,
r8,,,,,,,
p1,0,0,0,0,0,0,
e,1,0,1,1,0,
w,0,0,0,0,
t,0,0,0,
r,1,1,0,0,0,1,0,0,0,0,
s,0,0,0,0,0,0,0,0,0,0,
lhollingsworth

8
12750
9700
e1,1,1,1,1,1,1,
e2,1,1,1,1,1,1,
e3,0,0,0,0,0,0,
e4,0,1,1,1,1,1,
e5,1,1,1,1,1,1,
e6,0,0,0,0,0,0,
w1,1,1,1,1,1,1,
w2,1,1,1,1,1,1,
t1,1,1,1,1,1,1,
t2,0,1,0,1,0,0,
t3,2,1,,,4,1,
r1,0,0,0,0,0,0,
r2,1,1,1,1,1,1,
r3,0,0,0,0,0,0,
r4,1,1,1,1,1,1,
r5,1,1,1,1,1,1,
r6,1,1,1,1,1,1,
r7,1,1,1,1,1,1,
r8,5,5,5,5,1,5,
p1,1,1,1,1,1,1,
e,1,1,1,0,0,
w,1,1,1,0,
t,0,1,1,
r,1,1,1,1,1,1,1,1,0,0,
s,1,1,1,1,0,0,1,0,0,0,
minisnyder

8
12150
4300
e1,1,1,1,1,1,1,
e2,1,1,1,1,1,1,
e3,1,1,1,1,1,1,
e4,0,0,0,1,1,0,
e5,1,1,1,1,1,1,
e6,1,1,1,1,1,1,
w1,1,1,1,1,1,1,
w2,1,1,1,1,1,1,
t1,1,1,1,1,1,1,
t2,1,1,1,0,0,0,
t3,0,0,0,0,0,0,
r1,1,1,1,1,1,1,
r2,1,1,1,1,1,1,
r3,1,1,1,1,1,1,
r4,1,1,1,1,1,1,
r5,1,1,1,1,1,1,
r6,1,1,1,1,1,1,
r7,1,1,1,1,1,1,
r8,0,0,0,0,0,0,
p1,1,1,1,1,1,1,
e,0,1,0,0,0,
w,0,1,0,0,
t,0,0,0,
r,0,1,0,0,1,1,1,1,0,0,
s,0,0,0,0,0,0,0,0,0,1,
mpanunto

8
10100
4400
e1,1,1,1,1,1,1,
e2,1,1,1,1,1,1,
e3,1,1,1,1,1,1,
e4,1,1,1,1,1,1,
e5,1,1,1,1,1,1,
e6,1,1,1,1,1,1,
w1,1,1,1,1,1,1,
w2,0,0,0,0,0,0,
t1,1,1,1,1,1,1,
t2,0,0,0,0,0,0,
t3,1,1,,,,,
r1,1,1,1,1,1,1,
r2,1,1,1,1,1,1,
r3,1,1,1,1,1,1,
r4,1,1,1,1,1,1,
r5,1,1,1,1,1,1,
r6,0,0,0,0,0,0,
r7,1,0,0,1,0,1,
r8,0,0,0,0,0,0,
p1,0,0,0,0,0,0,
e,1,0,0,0,0,
w,1,0,1,0,
t,0,1,1,
r,0,0,1,1,0,0,0,0,0,0,
s,0,1,1,0,0,0,1,0,0,0,
rkeane

8
8350
2600
e1,1,1,1,0,0,0,
e2,1,1,1,0,0,0,
e3,0,0,0,0,0,0,
e4,0,0,0,0,0,0,
e5,0,0,0,0,0,0,
e6,0,0,0,0,0,0,
w1,0,0,1,0,0,0,
w2,0,0,0,0,0,0,
t1,1,1,1,0,0,0,
t2,1,1,1,0,0,0,
t3,3,4,4,3,4,4,
r1,1,1,1,1,1,1,
r2,1,1,1,0,0,1,
r3,0,0,0,0,0,0,
r4,1,1,0,0,0,0,
r5,1,1,0,0,0,0,
r6,1,1,0,0,0,0,
r7,1,1,0,0,0,0,
r8,3,3,4,4,4,4,
p1,1,0,0,0,0,0,
e,1,0,0,0,0,
w,1,0,0,0,
t,1,1,1,
r,0,1,0,0,0,0,0,0,0,0,
s,0,0,0,0,0,0,0,0,0,0,
shannonmurphy

8
12150
4400
e1,1,1,1,1,1,1,
e2,1,1,1,1,1,1,
e3,0,0,0,0,0,0,
e4,1,1,1,1,1,1,
e5,0,0,0,0,0,0,
e6,1,1,1,1,1,1,
w1,1,1,1,1,1,1,
w2,1,1,1,1,1,1,
t1,0,0,0,0,1,1,
t2,0,0,0,0,1,0,
t3,1,3,2,2,3,2,
r1,0,0,0,0,0,0,
r2,1,1,1,1,1,1,
r3,1,1,1,1,1,1,
r4,1,1,1,1,1,1,
r5,1,1,1,1,1,1,
r6,1,1,1,1,1,1,
r7,1,1,1,1,1,1,
r8,3,2,3,3,,3,
p1,1,1,1,1,1,1,
e,1,1,1,0,0,
w,1,0,0,0,
t,0,0,0,
r,0,0,0,0,0,0,1,1,0,0,
s,0,1,0,0,0,0,1,0,1,0,
surbanski

8
900
0
e1,0,0,0,0,0,0,
e2,0,0,0,0,0,0,
e3,0,0,0,0,0,0,
e4,0,0,0,0,0,0,
e5,0,0,0,0,0,0,
e6,0,0,0,0,0,0,
w1,0,0,0,0,0,0,
w2,0,0,0,0,0,0,
t1,0,0,0,0,0,0,
t2,0,0,0,0,0,0,
t3,3,3,3,,,,
r1,0,0,0,0,0,0,
r2,0,0,0,0,0,0,
r3,0,0,0,0,0,0,
r4,0,0,0,0,0,0,
r5,0,0,0,0,0,0,
r6,0,0,0,0,0,0,
r7,0,0,0,0,0,0,
r8,,,,,,,
p1,0,0,0,0,0,0,
e,0,0,0,0,0,
w,0,0,0,0,
t,0,0,0,
r,0,0,0,0,0,0,0,0,0,0,
s,0,0,0,0,0,0,0,0,0,0,
tdzomba

8
10700
3800
e1,1,1,1,1,1,1,
e2,1,1,1,1,1,1,
e3,1,1,1,1,1,1,
e4,1,1,1,1,1,1,
e5,0,0,0,0,0,0,
e6,0,0,0,0,0,0,
w1,1,1,1,1,1,1,
w2,0,0,0,0,0,0,
t1,0,0,0,0,0,0,
t2,0,0,0,0,0,0,
t3,,,,,,,
r1,1,1,1,0,1,1,
r2,1,1,1,1,1,1,
r3,1,1,1,1,1,1,
r4,1,1,1,1,1,1,
r5,1,1,1,1,1,1,
r6,1,1,1,1,1,1,
r7,1,1,1,1,1,1,
r8,5,4,5,,,4,
p1,1,1,1,1,1,1,
e,1,0,1,0,0,
w,0,1,0,0,
t,0,1,0,
r,0,1,0,0,0,1,1,0,0,0,
s,1,0,0,0,0,0,0,1,0,0,
beubank

9
13200
6700
e1,1,1,1,1,1,1,
e2,1,1,1,1,1,1,
e3,0,0,0,0,0,0,
e4,1,1,1,1,1,1,
e5,0,0,0,0,0,0,
e6,1,1,1,1,1,1,
w1,1,1,1,1,1,1,
w2,1,1,1,1,1,1,
t1,1,1,1,1,1,1,
t2,0,0,0,0,0,0,
t3,,,,,,,
r1,1,1,1,1,1,1,
r2,1,1,1,1,1,1,
r3,1,1,1,1,1,1,
r4,1,1,1,1,1,1,
r5,1,1,1,1,1,1,
r6,1,1,1,1,1,1,
r7,1,1,1,1,1,1,
r8,5,5,5,5,5,5,
p1,1,1,1,1,1,1,
e,1,0,0,1,0,
w,1,0,1,0,
t,0,0,1,
r,1,1,1,1,1,1,1,0,0,0,
s,1,1,1,0,0,0,1,0,0,0,
christopheroconnor

9
16300
6100
e1,1,1,1,0,0,0,
e2,1,1,1,1,1,1,
e3,1,1,1,1,0,0,
e4,1,1,1,1,1,1,
e5,1,1,0,1,0,0,
e6,1,1,1,1,1,1,
w1,1,1,1,1,1,1,
w2,1,1,1,1,1,1,
t1,1,1,1,1,1,1,
t2,1,1,1,1,1,1,
t3,5,5,4,4,4,4,
r1,0,1,0,1,0,1,
r2,1,1,1,1,1,1,
r3,0,0,1,1,0,0,
r4,1,1,1,1,1,1,
r5,1,1,1,1,1,1,
r6,1,1,1,1,1,1,
r7,1,1,1,1,1,1,
r8,5,4,4,4,2,5,
p1,0,1,0,1,1,0,
e,1,1,1,1,1,
w,0,1,0,0,
t,0,1,0,
r,0,0,0,0,0,1,1,1,0,0,
s,0,0,0,0,0,0,0,1,0,0,
corylengkjer

9
17100
8900
e1,0,1,1,1,1,1,
e2,0,1,1,1,1,1,
e3,0,1,1,1,1,0,
e4,0,0,0,0,0,0,
e5,1,1,1,1,1,1,
e6,1,1,1,1,1,0,
w1,1,1,1,1,1,1,
w2,1,1,1,1,1,1,
t1,1,1,1,1,1,1,
t2,0,1,1,1,1,1,
t3,5,5,5,5,,5,
r1,1,1,1,1,1,1,
r2,1,1,1,1,1,1,
r3,1,1,1,1,1,1,
r4,1,1,1,1,1,1,
r5,1,1,1,1,1,1,
r6,1,1,1,1,1,1,
r7,1,1,1,1,1,1,
r8,5,5,5,5,5,5,
p1,1,1,1,1,1,1,
e,1,1,1,1,1,
w,1,0,1,0,
t,1,0,1,
r,1,1,1,1,0,0,1,0,0,0,
s,1,1,1,1,0,0,1,0,1,0,
csstonesifer

9
8000
7300
e1,0,0,1,1,1,1,
e2,1,1,1,1,1,1,
e3,1,1,1,1,1,1,
e4,0,0,1,1,1,1,
e5,0,0,0,0,0,0,
e6,0,0,1,1,1,1,
w1,0,0,1,1,1,1,
w2,0,0,0,0,0,0,
t1,0,0,1,1,1,1,
t2,0,0,0,0,0,0,
t3,,,,,,,
r1,0,0,0,1,1,1,
r2,0,1,0,0,1,0,
r3,0,1,0,0,0,0,
r4,1,1,0,1,1,1,
r5,1,1,1,1,1,1,
r6,0,0,0,0,0,0,
r7,1,1,1,1,1,1,
r8,0,3,2,2,2,,
p1,1,1,1,1,0,0,
e,0,1,1,0,0,
w,1,1,1,0,
t,0,1,1,
r,1,0,1,1,0,0,1,0,0,0,
s,0,1,1,0,1,0,1,1,0,0,
danielmason

9
13200
7900
e1,1,1,1,1,1,1,
e2,1,1,1,1,1,1,
e3,1,1,1,1,1,1,
e4,1,1,1,1,1,1,
e5,0,0,0,0,0,0,
e6,0,1,0,0,0,1,
w1,1,1,1,1,1,1,
w2,0,0,0,1,1,0,
t1,1,1,1,1,1,1,
t2,1,1,1,1,1,1,
t3,5,2,3,1,4,4,
r1,1,1,1,1,1,1,
r2,1,1,1,1,1,1,
r3,0,0,0,0,0,0,
r4,1,1,1,1,1,1,
r5,1,1,1,1,1,1,
r6,0,0,0,0,0,0,
r7,1,1,1,1,1,1,
r8,2,1,1,2,1,2,
p1,1,1,1,1,1,1,
e,1,0,0,1,0,
w,1,1,1,0,
t,1,0,1,
r,0,0,1,1,0,0,1,1,0,0,
s,0,1,1,0,1,0,1,1,0,0,
dkwright

9
14700
10900
e1,1,1,1,1,1,1,
e2,1,1,1,1,1,1,
e3,1,1,1,1,1,1,
e4,1,1,1,1,1,1,
e5,1,1,1,1,1,1,
e6,1,1,1,1,1,1,
w1,1,1,1,1,1,1,
w2,1,1,1,1,1,1,
t1,1,1,1,1,1,1,
t2,1,1,1,1,1,1,
t3,2,,,,,,
r1,1,1,1,1,1,1,
r2,1,1,1,1,1,1,
r3,1,1,1,1,1,1,
r4,1,1,1,1,1,1,
r5,1,1,1,1,1,1,
r6,1,1,1,1,1,1,
r7,1,1,1,1,1,1,
r8,2,1,1,2,2,2,
p1,1,1,1,1,1,1,
e,1,1,1,0,0,
w,1,1,1,0,
t,0,1,1,
r,1,1,1,1,1,1,1,1,1,0,
s,0,0,1,0,0,0,1,1,1,1,
esutherland

9
9400
9600
e1,1,1,1,1,1,1,
e2,1,1,0,0,0,0,
e3,1,1,1,1,1,1,
e4,0,0,0,0,0,0,
e5,0,0,0,0,0,0,
e6,0,0,0,0,0,0,
w1,1,1,1,1,1,1,
w2,1,1,1,1,1,1,
t1,1,1,1,1,1,1,
t2,0,0,0,0,0,0,
t3,1,1,1,1,1,1,
r1,1,1,1,1,1,1,
r2,1,1,1,1,1,1,
r3,0,0,0,0,0,0,
r4,1,1,1,1,1,1,
r5,1,1,1,1,1,1,
r6,1,1,1,1,1,1,
r7,1,1,1,1,1,1,
r8,2,3,2,,,,
p1,1,1,1,1,1,1,
e,1,1,1,1,1,
w,1,1,1,0,
t,0,1,1,
r,0,1,1,1,0,1,1,0,1,0,
s,0,0,0,0,0,0,1,1,1,0,
jdysthe

9
14900
5600
e1,1,1,1,1,1,1,
e2,1,1,1,1,1,1,
e3,1,1,1,1,0,0,
e4,1,1,1,1,1,1,
e5,0,0,0,0,0,0,
e6,1,1,1,1,1,1,
w1,1,1,1,1,1,1,
w2,1,1,1,1,1,1,
t1,1,1,1,1,1,1,
t2,1,1,1,1,1,1,
t3,0,2,4,4,3,4,
r1,1,1,1,1,1,1,
r2,1,1,1,1,1,1,
r3,0,0,0,0,0,0,
r4,1,1,1,1,1,1,
r5,1,1,1,1,1,1,
r6,0,0,0,0,0,1,
r7,1,1,1,1,1,1,
r8,4,5,5,5,3,4,
p1,0,0,0,0,0,0,
e,1,0,0,0,0,
w,1,0,1,0,
t,0,0,1,
r,1,1,1,1,0,0,1,0,0,0,
s,0,0,1,0,1,0,1,0,0,1,
jrieck

9
8500
3600
e1,1,1,1,1,1,1,
e2,1,1,1,1,1,1,
e3,0,0,0,0,0,0,
e4,0,1,1,0,0,1,
e5,0,0,0,0,0,0,
e6,0,1,1,0,1,0,
w1,1,1,1,0,0,1,
w2,0,0,0,0,0,0,
t1,1,1,1,1,1,1,
t2,0,0,0,0,0,0,
t3,1,1,1,,,1,
r1,0,1,0,0,1,0,
r2,1,1,0,0,1,0,
r3,1,1,0,0,1,1,
r4,1,1,1,0,1,1,
r5,1,1,1,1,1,1,
r6,0,0,0,0,0,0,
r7,1,1,1,1,1,1,
r8,3,4,4,3,1,3,
p1,0,0,0,0,0,0,
e,1,0,1,1,0,
w,1,1,0,0,
t,0,1,0,
r,0,1,0,0,0,0,0,0,0,0,
s,0,0,1,0,0,0,0,0,0,0,
jstpeter

9
7700
1200
e1,1,1,1,1,1,1,
e2,1,1,1,1,1,1,
e3,0,1,1,0,0,0,
e4,1,1,1,1,1,1,
e5,0,0,0,0,0,0,
e6,0,0,0,0,0,0,
w1,0,0,0,0,1,0,
w2,1,1,1,1,1,1,
t1,1,1,1,1,1,1,
t2,0,0,0,0,0,0,
t3,,,,,,,
r1,0,0,0,0,0,0,
r2,1,1,1,1,1,1,
r3,1,1,1,1,1,1,
r4,1,1,1,1,1,1,
r5,1,1,1,1,1,1,
r6,0,0,0,1,1,1,
r7,1,1,1,1,1,1,
r8,,,,,,,
p1,0,0,0,0,0,1,
e,1,0,0,0,0,
w,0,0,0,0,
t,0,0,0,
r,0,0,0,0,0,0,1,0,0,0,
s,0,1,0,0,0,0,0,0,0,0,
kbentsen

9
19500
10900
e1,1,1,1,1,1,1,
e2,1,1,1,1,1,1,
e3,1,1,1,1,1,1,
e4,1,1,1,1,1,1,
e5,1,1,1,1,1,1,
e6,1,1,1,1,1,1,
w1,1,1,1,1,1,1,
w2,1,1,1,1,1,1,
t1,1,1,1,1,1,1,
t2,1,1,1,1,1,1,
t3,5,5,5,5,5,5,
r1,1,1,1,1,1,1,
r2,1,1,1,1,1,1,
r3,1,1,1,1,1,1,
r4,1,1,1,1,1,1,
r5,1,1,1,1,1,1,
r6,1,1,1,1,1,1,
r7,1,1,1,1,1,1,
r8,5,5,5,5,5,5,
p1,1,1,1,1,1,1,
e,1,1,0,0,0,
w,1,1,1,0,
t,0,0,1,
r,1,1,1,1,1,1,1,1,1,0,
s,1,1,1,0,1,0,1,1,1,1,
kelliejcarim

9
18550
13700
e1,1,1,1,1,1,1,
e2,1,1,1,1,1,1,
e3,1,1,1,1,1,1,
e4,1,1,1,1,0,1,
e5,1,1,1,1,1,1,
e6,1,1,1,1,1,1,
w1,1,1,1,1,1,1,
w2,1,1,1,1,1,1,
t1,1,1,1,1,1,1,
t2,1,1,1,1,1,1,
t3,3,5,3,4,5,5,
r1,1,0,1,0,0,1,
r2,1,1,1,1,1,1,
r3,1,1,1,1,1,1,
r4,1,1,1,1,1,1,
r5,1,1,1,1,1,1,
r6,1,1,1,1,1,1,
r7,1,1,1,1,1,1,
r8,5,5,5,5,5,5,
p1,1,1,1,1,1,1,
e,1,1,1,1,1,
w,1,1,1,0,
t,1,0,1,
r,1,1,1,1,1,1,1,1,1,0,
s,1,1,1,1,1,0,1,1,1,1,
klohman

9
17000
11000
e1,1,1,1,1,1,1,
e2,1,1,1,1,1,1,
e3,1,1,1,1,1,1,
e4,1,1,1,1,1,1,
e5,1,1,1,1,1,1,
e6,1,1,1,1,1,1,
w1,1,1,1,1,1,1,
w2,1,1,1,1,1,1,
t1,1,1,1,1,1,1,
t2,0,0,0,0,0,0,
t3,5,5,4,5,3,0,
r1,1,1,1,1,1,0,
r2,1,1,1,1,1,1,
r3,1,1,1,1,1,1,
r4,1,1,1,1,1,1,
r5,1,1,1,1,1,1,
r6,1,1,1,1,1,1,
r7,1,1,1,1,1,1,
r8,5,5,5,5,5,4,
p1,1,1,1,1,1,1,
e,1,1,1,1,0,
w,1,1,1,0,
t,0,0,1,
r,1,1,1,1,1,1,1,1,1,0,
s,1,1,1,0,0,0,1,0,1,1,
KLOHMAN

9
0
0
e1,0,0,0,0,0,0,
e2,0,0,0,0,0,0,
e3,0,0,0,0,0,0,
e4,0,0,0,0,0,0,
e5,0,0,0,0,0,0,
e6,0,0,0,0,0,0,
w1,0,0,0,0,0,0,
w2,0,0,0,0,0,0,
t1,0,0,0,0,0,0,
t2,0,0,0,0,0,0,
t3,,,,,,,
r1,0,0,0,0,0,0,
r2,0,0,0,0,0,0,
r3,0,0,0,0,0,0,
r4,0,0,0,0,0,0,
r5,0,0,0,0,0,0,
r6,0,0,0,0,0,0,
r7,0,0,0,0,0,0,
r8,,,,,,,
p1,0,0,0,0,0,0,
e,0,0,0,0,0,
w,0,0,0,0,
t,0,0,0,
r,0,0,0,0,0,0,0,0,0,0,
s,0,0,0,0,0,0,0,0,0,0,
kpilgrim

9
9400
1600
e1,1,1,1,1,1,1,
e2,1,1,1,1,1,1,
e3,0,0,0,0,0,0,
e4,0,0,0,0,0,0,
e5,0,0,0,0,0,0,
e6,0,0,0,0,0,0,
w1,1,1,1,1,1,1,
w2,1,1,1,0,1,0,
t1,1,1,1,0,0,0,
t2,0,0,0,0,0,0,
t3,3,1,,,,,
r1,0,0,0,0,0,0,
r2,0,0,0,0,0,0,
r3,0,0,0,0,0,0,
r4,1,1,1,1,1,1,
r5,1,1,1,1,1,1,
r6,1,1,1,1,1,1,
r7,1,1,1,1,1,1,
r8,5,5,5,5,5,4,
p1,1,1,1,1,1,1,
e,0,0,1,0,0,
w,0,1,0,0,
t,0,0,0,
r,0,0,0,0,0,0,1,0,0,0,
s,0,0,0,0,0,0,0,0,0,0,
kriley

9
11100
4500
e1,1,0,1,0,1,1,
e2,1,1,1,1,1,1,
e3,1,1,1,1,1,1,
e4,0,0,0,0,0,0,
e5,0,0,0,0,0,0,
e6,1,1,1,1,1,1,
w1,1,1,1,1,1,1,
w2,1,1,1,1,1,1,
t1,1,1,1,1,1,1,
t2,0,0,0,0,0,0,
t3,1,2,2,2,1,1,
r1,0,0,0,0,0,0,
r2,1,1,1,1,1,1,
r3,0,0,0,0,0,0,
r4,1,1,1,1,1,0,
r5,1,1,1,1,0,1,
r6,0,0,0,0,1,1,
r7,1,1,1,1,1,1,
r8,4,3,4,5,1,4,
p1,1,1,1,1,1,1,
e,0,0,0,0,0,
w,0,1,0,0,
t,0,1,0,
r,1,0,0,0,0,1,1,1,0,0,
s,0,0,0,1,0,0,1,1,0,0,
lucretiaolson

9
13850
5900
e1,0,0,0,0,1,0,
e2,1,1,1,1,1,1,
e3,1,1,1,1,1,1,
e4,1,1,1,1,1,0,
e5,0,0,0,0,0,1,
e6,1,1,1,1,1,1,
w1,1,1,1,1,1,1,
w2,1,1,1,1,1,1,
t1,0,0,0,1,1,1,
t2,1,1,1,1,1,1,
t3,1,1,1,,,,
r1,1,1,1,1,1,1,
r2,1,1,1,1,1,1,
r3,0,0,0,0,0,0,
r4,1,1,1,1,1,1,
r5,1,1,1,1,1,1,
r6,1,1,1,0,1,0,
r7,1,1,1,1,1,1,
r8,4,5,5,5,4,5,
p1,1,1,1,1,1,1,
e,1,0,1,0,0,
w,1,0,1,0,
t,0,1,1,
r,0,0,1,1,1,0,1,0,0,0,
s,0,1,0,0,0,0,1,1,0,0,
maureenaessen

9
3800
8400
e1,1,1,0,0,0,0,
e2,1,1,0,0,0,0,
e3,1,1,0,0,0,0,
e4,1,0,0,0,0,0,
e5,0,0,0,0,0,0,
e6,1,1,0,0,0,0,
w1,1,1,0,0,0,0,
w2,1,1,0,0,0,0,
t1,1,1,0,0,0,0,
t2,1,0,0,0,0,0,
t3,0,0,,,,,
r1,1,1,0,0,0,0,
r2,1,1,0,0,0,0,
r3,1,1,0,0,0,0,
r4,1,1,0,0,0,0,
r5,1,1,0,0,0,0,
r6,1,1,0,0,0,0,
r7,1,1,0,0,0,0,
r8,0,0,,,,,
p1,1,1,0,0,0,0,
e,1,0,1,0,0,
w,1,1,1,0,
t,1,0,1,
r,1,1,1,1,0,1,1,1,0,0,
s,0,1,0,0,1,0,1,1,0,0,
mkyoung

9
9950
2800
e1,1,1,1,1,1,1,
e2,1,0,0,0,0,0,
e3,0,0,1,1,1,1,
e4,1,0,1,0,1,0,
e5,0,0,1,0,0,1,
e6,1,0,1,0,1,0,
w1,0,0,0,0,0,0,
w2,1,1,1,1,1,1,
t1,0,0,0,0,0,0,
t2,0,0,0,0,0,0,
t3,3,4,3,3,3,1,
r1,1,1,1,1,1,1,
r2,0,0,0,0,0,0,
r3,0,0,0,0,0,0,
r4,1,0,1,0,1,0,
r5,1,1,1,1,1,1,
r6,0,0,0,0,0,0,
r7,1,1,1,1,1,1,
r8,4,4,5,5,5,4,
p1,0,0,0,0,0,0,
e,0,1,0,0,0,
w,0,1,0,0,
t,0,1,0,
r,0,1,0,0,0,0,0,1,0,0,
s,0,0,0,0,0,0,0,0,0,0,
pbertram

9
10000
15500
e1,1,1,1,1,1,1,
e2,1,1,1,1,1,1,
e3,0,0,0,0,0,0,
e4,0,0,1,1,1,1,
e5,1,1,1,1,1,1,
e6,0,0,1,1,1,1,
w1,1,1,1,1,1,0,
w2,0,0,0,1,1,1,
t1,0,0,0,1,1,1,
t2,0,0,1,1,1,1,
t3,0,0,0,,,,
r1,0,1,1,1,1,1,
r2,0,0,1,1,1,1,
r3,1,1,1,1,1,1,
r4,0,0,1,1,1,1,
r5,1,1,1,1,1,1,
r6,1,1,1,1,0,1,
r7,1,1,1,1,1,1,
r8,,,,,,,
p1,0,1,0,1,1,1,
e,1,0,1,1,1,
w,1,1,1,0,
t,1,1,1,
r,1,1,1,1,1,1,1,1,1,1,
s,1,1,1,1,1,1,1,1,1,1,
ppabustan

9
10750
7500
e1,0,0,0,0,0,1,
e2,1,1,1,1,1,1,
e3,0,0,0,0,0,0,
e4,0,0,0,0,0,0,
e5,0,0,0,0,0,0,
e6,1,1,1,1,1,1,
w1,0,0,0,0,0,0,
w2,0,0,0,0,1,1,
t1,1,1,1,1,1,1,
t2,1,1,1,1,1,1,
t3,5,,,,,,
r1,0,0,0,0,0,0,
r2,1,1,1,1,1,1,
r3,0,0,0,0,0,0,
r4,1,1,1,1,1,1,
r5,1,1,1,1,1,1,
r6,0,0,0,0,0,0,
r7,1,1,1,1,1,1,
r8,5,5,5,5,5,5,
p1,1,1,1,1,1,1,
e,0,1,1,1,0,
w,1,1,0,0,
t,1,0,0,
r,0,1,0,0,0,1,1,0,0,0,
s,1,1,0,1,1,1,0,1,1,0,
rebeccajsmith

9
14300
11200
e1,1,1,1,1,1,1,
e2,1,1,1,1,1,1,
e3,1,1,1,1,1,1,
e4,1,1,1,1,1,1,
e5,1,1,1,1,1,1,
e6,1,1,1,1,1,1,
w1,1,1,1,1,1,1,
w2,1,1,1,1,1,1,
t1,0,0,0,0,0,0,
t2,0,0,0,0,0,0,
t3,1,,,,,,
r1,1,1,1,1,1,1,
r2,1,1,1,1,1,1,
r3,1,1,1,1,1,1,
r4,1,1,1,1,1,1,
r5,1,1,1,1,1,1,
r6,0,1,1,1,1,0,
r7,1,1,1,1,1,1,
r8,5,5,5,5,5,5,
p1,1,1,1,1,1,1,
e,1,1,1,1,1,
w,1,1,1,0,
t,0,0,1,
r,1,1,1,1,1,1,1,0,0,1,
s,1,1,1,0,0,0,1,1,1,1,
rfsteele

9
15700
7200
e1,1,1,1,1,1,1,
e2,1,1,1,1,1,1,
e3,1,1,1,1,1,1,
e4,1,1,1,1,1,1,
e5,1,1,1,1,1,1,
e6,1,1,1,1,1,1,
w1,1,1,1,1,1,1,
w2,1,1,1,1,1,1,
t1,1,1,1,1,1,1,
t2,1,1,1,1,1,1,
t3,4,3,2,2,2,1,
r1,1,1,1,1,1,1,
r2,1,1,1,1,1,1,
r3,0,0,0,0,0,0,
r4,1,1,1,1,1,1,
r5,1,1,1,1,1,1,
r6,1,1,1,1,1,1,
r7,1,1,1,1,1,1,
r8,4,4,4,1,3,3,
p1,0,0,0,0,0,1,
e,1,0,0,0,0,
w,1,1,1,0,
t,0,1,1,
r,1,1,1,1,0,0,1,0,0,0,
s,0,1,1,0,0,0,1,1,1,1,
rsteele

9
0
0
e1,0,0,0,0,0,0,
e2,0,0,0,0,0,0,
e3,0,0,0,0,0,0,
e4,0,0,0,0,0,0,
e5,0,0,0,0,0,0,
e6,0,0,0,0,0,0,
w1,0,0,0,0,0,0,
w2,0,0,0,0,0,0,
t1,0,0,0,0,0,0,
t2,0,0,0,0,0,0,
t3,0,,,,,,
r1,0,0,0,0,0,0,
r2,0,0,0,0,0,0,
r3,0,0,0,0,0,0,
r4,0,0,0,0,0,0,
r5,0,0,0,0,0,0,
r6,0,0,0,0,0,0,
r7,0,0,0,0,0,0,
r8,0,,,,,,
p1,0,0,0,0,0,0,
e,0,0,0,0,0,
w,0,0,0,0,
t,0,0,0,
r,0,0,0,0,0,0,0,0,0,0,
s,0,0,0,0,0,0,0,0,0,0,
sback

9
15250
10800
e1,1,1,1,1,1,1,
e2,1,1,1,1,1,1,
e3,1,1,1,1,1,1,
e4,1,1,1,1,1,1,
e5,1,1,1,1,1,1,
e6,1,1,1,1,1,1,
w1,1,1,1,1,1,1,
w2,1,1,1,1,1,1,
t1,1,1,1,1,1,1,
t2,0,0,0,0,0,1,
t3,,,,,,,
r1,1,1,1,1,1,1,
r2,1,1,1,1,1,1,
r3,1,1,1,1,1,1,
r4,1,1,1,1,1,1,
r5,1,1,1,1,1,1,
r6,1,1,1,1,1,1,
r7,1,1,1,1,1,1,
r8,5,5,5,5,5,5,
p1,1,1,1,1,1,1,
e,1,1,1,1,1,
w,1,0,1,0,
t,0,0,1,
r,1,1,1,1,1,1,1,0,1,0,
s,1,1,1,0,1,0,1,1,0,1,
sgreaves

9
15250
10400
e1,0,0,0,0,0,1,
e2,1,1,1,1,1,1,
e3,1,1,1,1,1,1,
e4,1,1,1,1,1,1,
e5,1,1,1,1,1,1,
e6,1,1,1,1,1,1,
w1,1,1,1,1,1,1,
w2,0,1,1,1,1,1,
t1,0,0,0,0,0,0,
t2,0,0,0,0,0,0,
t3,5,5,5,5,5,5,
r1,1,1,1,1,1,1,
r2,1,1,1,1,1,1,
r3,1,1,1,1,1,1,
r4,1,1,1,1,1,1,
r5,1,1,1,1,1,1,
r6,0,0,0,0,0,0,
r7,0,0,0,0,0,0,
r8,5,5,5,4,5,5,
p1,1,1,1,1,1,1,
e,1,1,1,0,0,
w,1,1,1,0,
t,0,0,1,
r,1,1,1,1,1,1,1,0,1,0,
s,1,1,1,0,1,0,1,1,1,1,
thomasfranklin

9
17400
8500
e1,1,1,1,1,1,1,
e2,1,1,1,1,1,1,
e3,1,1,1,1,1,1,
e4,1,1,1,1,1,1,
e5,0,0,0,1,1,0,
e6,1,1,1,1,1,1,
w1,1,1,1,1,1,1,
w2,1,1,1,1,1,1,
t1,1,1,1,1,1,1,
t2,1,1,1,1,1,1,
t3,2,2,2,5,5,1,
r1,1,1,1,1,1,1,
r2,1,1,1,1,1,1,
r3,0,0,1,1,1,1,
r4,1,1,1,1,1,1,
r5,1,1,1,1,1,1,
r6,1,1,1,1,1,1,
r7,1,1,1,1,1,1,
r8,5,5,5,5,5,5,
p1,1,1,1,1,1,1,
e,1,1,1,1,0,
w,1,1,1,0,
t,0,0,1,
r,1,1,1,1,0,0,1,1,0,0,
s,0,1,1,0,1,0,1,0,0,0,
tsopperman

9
8700
6400
e1,1,1,1,1,1,1,
e2,0,0,0,0,1,0,
e3,0,0,1,1,0,1,
e4,1,1,1,1,1,1,
e5,0,0,0,1,1,1,
e6,1,1,1,1,1,1,
w1,0,0,0,0,1,1,
w2,1,1,1,1,1,1,
t1,1,1,1,1,0,1,
t2,0,0,0,0,1,0,
t3,,,,,4,,
r1,0,0,0,0,0,0,
r2,0,0,0,0,0,0,
r3,0,0,0,0,0,0,
r4,0,0,0,0,1,1,
r5,0,0,1,1,1,0,
r6,0,0,0,0,0,0,
r7,1,1,1,1,1,1,
r8,4,4,3,4,0,3,
p1,0,0,0,0,0,1,
e,1,0,1,0,0,
w,1,1,0,0,
t,0,1,0,
r,1,0,0,1,1,1,1,1,0,0,
s,0,1,1,0,0,0,0,0,0,0,
yortega

9
15450
9800
e1,1,1,1,1,1,1,
e2,1,1,1,1,1,1,
e3,1,1,1,1,1,1,
e4,1,1,1,1,1,1,
e5,0,0,0,0,0,1,
e6,1,1,1,1,1,1,
w1,1,1,1,1,1,1,
w2,1,1,1,1,1,1,
t1,1,1,1,1,1,1,
t2,1,1,1,1,1,1,
t3,3,,,,,,
r1,1,1,1,1,1,1,
r2,1,1,1,1,1,1,
r3,0,0,0,0,0,0,
r4,1,1,1,1,1,1,
r5,1,1,1,1,1,1,
r6,1,1,1,1,1,1,
r7,1,1,1,1,1,1,
r8,5,5,5,5,5,5,
p1,1,1,1,1,1,1,
e,1,1,0,1,1,
w,1,0,1,0,
t,0,1,1,
r,1,0,1,1,0,1,1,1,0,0,
s,0,1,1,0,1,0,1,1,1,0,
